#EsNodB,BLER,BER
0.0 1.0 0.49516666666666664
0.5 1.0 0.4954280303030303
1.0 1.0 0.4948996212121212
1.5 1.0 0.49312310606060605
2.0 1.0 0.4930909090909091
2.5 1.0 0.4915246212121212
3.0 1.0 0.4892689393939394
3.5 1.0 0.4858939393939394
4.0 1.0 0.48093939393939394
4.5 1.0 0.46928977272727274
5.0 0.9920634920634921 0.43331379268879266
5.5 0.9208103130755064 0.3586625927786149
6.0 0.6578947368421053 0.2062412779106858
6.5 0.26253609871357314 0.06829170545040852
7.0 0.0536135535063264 0.011225947010313299
7.5 0.00677158102873859 0.0012107663829169016
8.0 0.00043906190772898977 6.758528710123884e-05
8.5 2.2e-05 2.8522727272727273e-06
