#EsNodB,BLER,BER
4.0 1.0 0.48269921875
4.5 1.0 0.4714921875
5.0 0.9940357852882704 0.4440020036033797
5.5 0.970873786407767 0.3882091929611651
6.0 0.8481764206955047 0.2797342159669211
6.5 0.5515719801434087 0.15210028268063983
7.0 0.24125452352231605 0.053399709740651384
7.5 0.07277490721199331 0.015464952059529875
8.0 0.016185682145574025 0.00305299268204846
8.5 0.0028330939368956657 0.000492316472174768
9.0 0.0006514321166373694 9.063824837141971e-05
9.5 0.00033645455009718127 4.66313583401175e-05
