#EsNodB,BLER,BER
0.0 1.0 0.499677734375
0.5 1.0 0.497759765625
1.0 1.0 0.49759765625
1.5 1.0 0.498986328125
2.0 1.0 0.4985625
2.5 1.0 0.497603515625
3.0 1.0 0.496943359375
3.5 1.0 0.497765625
4.0 1.0 0.4964765625
4.5 1.0 0.49597265625
5.0 1.0 0.49671875
5.5 1.0 0.495544921875
6.0 1.0 0.4951328125
6.5 1.0 0.491974609375
7.0 1.0 0.492703125
7.5 1.0 0.491498046875
8.0 1.0 0.491576171875
8.5 1.0 0.489986328125
9.0 1.0 0.488921875
9.5 1.0 0.49023828125
10.0 1.0 0.486408203125
10.5 1.0 0.48512890625
11.0 1.0 0.479626953125
11.5 1.0 0.4758359375
12.0 1.0 0.46805078125
12.5 1.0 0.453623046875
13.0 0.9960159362549801 0.4276001462898406
13.5 0.9775171065493646 0.38056153775659823
14.0 0.9082652134423251 0.3070858878292461
14.5 0.7656967840735069 0.24010576186830015
15.0 0.5488474204171241 0.14753811916849616
15.5 0.3157562361856647 0.0771764978686454
16.0 0.14920919128618323 0.03266603019621009
16.5 0.06303977809998108 0.013397184091911997
17.0 0.02039942065645336 0.0037320580720507537
17.5 0.005985443401647194 0.0010834587782512929
18.0 0.0014904343680890158 0.00023627752419693042
18.5 0.000308 4.8849609375e-05
19.0 5.8e-05 1.042578125e-05
