#EsNodB,BLER,BER
0.0 1.0 0.49860984848484846
0.5 1.0 0.49849621212121215
1.0 1.0 0.49889204545454546
1.5 1.0 0.49828219696969694
2.0 1.0 0.49803030303030305
2.5 1.0 0.49964772727272727
3.0 1.0 0.49691098484848484
3.5 1.0 0.4961761363636364
4.0 1.0 0.4974848484848485
4.5 1.0 0.49691287878787876
5.0 1.0 0.49628598484848485
5.5 1.0 0.4956875
6.0 1.0 0.49467045454545455
6.5 1.0 0.4927878787878788
7.0 1.0 0.4938068181818182
7.5 1.0 0.4929564393939394
8.0 1.0 0.49134469696969696
8.5 1.0 0.48941666666666667
9.0 1.0 0.48776704545454547
9.5 1.0 0.48818181818181816
10.0 1.0 0.48680871212121213
10.5 1.0 0.48332007575757574
11.0 1.0 0.4787954545454545
11.5 1.0 0.47883522727272726
12.0 1.0 0.4684223484848485
12.5 0.998003992015968 0.4524719500393153
13.0 0.9900990099009901 0.4209289678967897
13.5 0.9416195856873822 0.3615409033841237
14.0 0.8097165991902834 0.2650073610599926
14.5 0.49504950495049505 0.14136569906990698
15.0 0.24277737314882253 0.05873051343735976
15.5 0.07913270554720266 0.01644776282249575
16.0 0.01832911763627699 0.003422199005339883
16.5 0.003011503945070168 0.0005788532649265649
17.0 0.000384 6.283522727272727e-05
17.5 5.4e-05 7.979166666666666e-06
