#EsNodB,BLER,BER
0.0 1.0
0.5 1.0
1.0 1.0
1.5 1.0
2.0 1.0
2.5 1.0
3.0 1.0
3.5 1.0
4.0 1.0
4.5 1.0
5.0 1.0
5.5 1.0
6.0 1.0
6.5 1.0
7.0 1.0
7.5 1.0
8.0 1.0
8.5 1.0
9.0 1.0
9.5 1.0
10.0 1.0
10.5 1.0
11.0 0.9999999999999994
11.5 0.9999999999957597
12.0 0.9999999922299545
12.5 0.9999967715524273
13.0 0.9997132601952312
13.5 0.9925951144364286
14.0 0.9358120554949232
14.5 0.7585041984855475
15.0 0.4928894114702336
15.5 0.2559445999087582
16.0 0.11102286918814841
16.5 0.041349105777373385
17.0 0.012936410230556139
17.5 0.0037092928389107493
18.0 0.0009622926224019945
18.5 0.0002057535852388881
19.0 3.988542314603549e-05
19.5 6.677946742472685e-06
