#EsNodB,BLER,BER
14.0 0.999000999000999 0.2931462476917022
14.5 0.9950248756218906 0.27266131463892657
15.0 0.9523809523809523 0.2380880230880231
15.5 0.8710801393728222 0.1941073408299018
16.0 0.7396449704142012 0.14717534068495608
16.5 0.46904315196998125 0.08663084882597077
17.0 0.24962556165751373 0.041876579070787755
17.5 0.10916979362101313 0.016816707174938883
18.0 0.04071221366409923 0.0061863255946480915
18.5 0.0125 0.0018598484848484848
19.0 0.0037 0.0005446969696969696
19.5 0.0001 1.8181818181818182e-05
