#EsNodB,BLER,BER
0.0 1.0 0.498857421875
0.5 1.0 0.499099609375
1.0 1.0 0.497376953125
1.5 1.0 0.497150390625
2.0 1.0 0.49730859375
2.5 1.0 0.497072265625
3.0 1.0 0.495208984375
3.5 1.0 0.492447265625
4.0 1.0 0.488080078125
4.5 1.0 0.478056640625
5.0 0.999000999000999 0.4535093812437562
5.5 0.9940357852882704 0.40918551192842945
6.0 0.91324200913242 0.323046875
6.5 0.684931506849315 0.20508347602739727
7.0 0.4304778303917348 0.11405308329746018
7.5 0.16658337497917708 0.03628947245127436
8.0 0.05171967933798811 0.01001513204680631
8.5 0.011183055434405788 0.0019680648631194013
9.0 0.0017566695239002296 0.00030341916167532653
9.5 0.000168 2.7640625e-05
10.0 1e-05 1.720703125e-06
