#EsNodB,BLER,BER
0.0 1.0 0.49600390625
0.5 1.0 0.49633203125
1.0 1.0 0.49428125
1.5 1.0 0.493439453125
2.0 1.0 0.492705078125
2.5 1.0 0.492353515625
3.0 1.0 0.4905078125
3.5 1.0 0.487603515625
4.0 1.0 0.481478515625
4.5 1.0 0.4712109375
5.0 0.9970089730807578 0.44669896560319045
5.5 0.975609756097561 0.39191501524390243
6.0 0.835421888053467 0.2914871814954052
6.5 0.5449591280653951 0.15446291723433242
7.0 0.23872045834328 0.058023058904273096
7.5 0.07197869430648528 0.014397566445332181
8.0 0.015669069257286117 0.002937062979865246
8.5 0.002824802899377696 0.0005120010427053703
9.0 0.000338 5.2328125e-05
9.5 2.3e-05 3.162109375e-06
