#EsNodB,BLER,BER
0.0 1.0 0.498765625
0.5 1.0 0.498794921875
1.0 1.0 0.498115234375
1.5 1.0 0.49811328125
2.0 1.0 0.49703515625
2.5 1.0 0.497501953125
3.0 1.0 0.495271484375
3.5 1.0 0.493921875
4.0 1.0 0.491361328125
4.5 1.0 0.4888125
5.0 0.999000999000999 0.4721157748501498
5.5 0.984251968503937 0.43813245878444884
6.0 0.9000900090009001 0.35291439300180016
6.5 0.7524454477050414 0.273978320165538
7.0 0.45745654162854527 0.14911743052378773
7.5 0.17761989342806395 0.04773014265097691
8.0 0.06047046018020197 0.014769319367176634
8.5 0.013413096547468948 0.0032982332856050646
9.0 0.0019082330715873637 0.0003866408180595178
9.5 0.000212 3.7419921875e-05
10.0 9e-06 1.6796875e-06
