#EsNodB,BLER,BER
0.0 1.0 0.499625
0.5 1.0 0.4986439393939394
1.0 1.0 0.49848295454545455
1.5 1.0 0.4977784090909091
2.0 1.0 0.4964431818181818
2.5 1.0 0.49707954545454547
3.0 1.0 0.4971761363636364
3.5 1.0 0.49335416666666665
4.0 1.0 0.4860909090909091
4.5 1.0 0.47225
5.0 0.999000999000999 0.4488749886477159
5.5 0.9487666034155597 0.36998842792248865
6.0 0.7535795026375283 0.2381967755931584
6.5 0.3604902667627974 0.0944354777042232
7.0 0.11631964638827498 0.02396889683152333
7.5 0.022692202959063264 0.004057477630989023
8.0 0.002350225974227422 0.0003652909939411887
8.5 0.000167 1.952462121212121e-05
9.0 1e-05 9.393939393939393e-07
