#EsNodB,BLER,BER
0.0 1.0 0.49972348484848483
0.5 1.0 0.49880681818181816
1.0 1.0 0.4988598484848485
1.5 1.0 0.49746969696969695
2.0 1.0 0.49762121212121213
2.5 1.0 0.49675
3.0 1.0 0.49604166666666666
3.5 1.0 0.4931306818181818
4.0 1.0 0.4878503787878788
4.5 1.0 0.4774848484848485
5.0 0.9940357852882704 0.4454108681245858
5.5 0.9587727708533078 0.3774641186553938
6.0 0.7501875468867217 0.237989895201073
6.5 0.38008361839604715 0.0995653513469933
7.0 0.11229646266142616 0.02383620029605431
7.5 0.022184262484193713 0.003898295912516025
8.0 0.002482455247538025 0.00041031976205139874
8.5 0.000151 2.196969696969697e-05
9.0 1e-05 1.2613636363636365e-06
