#EsNodB,BLER,BER
0.0 1.0 0.49916015625
0.5 1.0 0.498400390625
1.0 1.0 0.49777734375
1.5 1.0 0.4977421875
2.0 1.0 0.49745703125
2.5 1.0 0.495236328125
3.0 1.0 0.49505078125
3.5 1.0 0.48998828125
4.0 1.0 0.48825
4.5 1.0 0.47635546875
5.0 0.999000999000999 0.45330060564435565
5.5 0.9881422924901185 0.40361945713932806
6.0 0.9157509157509157 0.32718778617216115
6.5 0.6738544474393531 0.2092620767351752
7.0 0.39215686274509803 0.09681142769607844
7.5 0.17406440382941687 0.03676906549173194
8.0 0.05009769049646811 0.009149775656279745
8.5 0.011308891050143623 0.001791089795422161
9.0 0.0017613456045699777 0.00027256558764413415
9.5 0.000171 3.03828125e-05
10.0 8e-06 2.11328125e-06
