#EsNodB,BLER,BER
0.0 1.0 0.4970965909090909
0.5 1.0 0.496094696969697
1.0 1.0 0.49569318181818184
1.5 1.0 0.49311363636363637
2.0 1.0 0.49253219696969697
2.5 1.0 0.4916496212121212
3.0 1.0 0.4884791666666667
3.5 1.0 0.48741477272727274
4.0 1.0 0.4825265151515152
4.5 1.0 0.4708655303030303
5.0 0.9930486593843099 0.43403185278805934
5.5 0.9233610341643582 0.3523077030694759
6.0 0.6414368184733804 0.19783830932804633
6.5 0.26246719160104987 0.06524049550624354
7.0 0.0549178977428744 0.011038809479827657
7.5 0.006984801072865445 0.0012145616592839437
8.0 0.0005173415088053739 8.321742559433808e-05
8.5 2.1e-05 3.2083333333333332e-06
