#EsNodB,BLER,BER
0.0 1.0 0.49582386363636366
0.5 1.0 0.4946439393939394
1.0 1.0 0.49449810606060607
1.5 1.0 0.49353977272727273
2.0 1.0 0.49289204545454546
2.5 1.0 0.4923162878787879
3.0 1.0 0.4895909090909091
3.5 1.0 0.4871098484848485
4.0 1.0 0.4832348484848485
4.5 1.0 0.4713996212121212
5.0 0.9910802775024777 0.4353920773643271
5.5 0.9242144177449169 0.3470197585839915
6.0 0.6406149903907752 0.19653412730766992
6.5 0.2695417789757412 0.0655400024503798
7.0 0.054617947457534545 0.011417219880270838
7.5 0.006806981239959702 0.0010795511270298211
8.0 0.0004725395338011241 7.070003769249913e-05
8.5 2.5e-05 3.543560606060606e-06
