#EsNodB,BLER,BER
0.0 1.0 0.495732421875
0.5 1.0 0.49508203125
1.0 1.0 0.494677734375
1.5 1.0 0.492904296875
2.0 1.0 0.49302734375
2.5 1.0 0.491126953125
3.0 1.0 0.490099609375
3.5 1.0 0.486869140625
4.0 1.0 0.482572265625
4.5 1.0 0.47295703125
5.0 0.998003992015968 0.4440182135728543
5.5 0.970873786407767 0.38282198118932037
6.0 0.8438818565400844 0.27187664820675106
6.5 0.5319148936170213 0.14614465591755318
7.0 0.24242424242424243 0.056212594696969695
7.5 0.07123014459719353 0.015249789648479237
8.0 0.015624511734008311 0.002738104131511515
8.5 0.0026491329387891343 0.00043173105770606283
9.0 0.000302 4.8076171875e-05
9.5 2.9e-05 5.24609375e-06
