#EsNodB,BLER,BER
4.0 1.0 0.48670703125
4.5 1.0 0.47729296875
5.0 0.9960159362549801 0.4443145387201195
5.5 0.9523809523809523 0.36999813988095237
6.0 0.7936507936507936 0.2572234623015873
6.5 0.501002004008016 0.13370980241733466
7.0 0.21715526601520088 0.05072399226384365
7.5 0.061663686255164336 0.011357078027686995
8.0 0.013762162310942296 0.002188049411323507
8.5 0.002711937950859684 0.00042844382220534795
9.0 0.001050667067816211 0.00014974016483367965
9.5 0.0009358835314906225 0.00011673688256745175
