#EsNodB,BLER,BER
0.0 1.0 0.4975546875
0.5 1.0 0.498189453125
1.0 1.0 0.498529296875
1.5 1.0 0.49696484375
2.0 1.0 0.496634765625
2.5 1.0 0.496732421875
3.0 1.0 0.495484375
3.5 1.0 0.494474609375
4.0 1.0 0.490107421875
4.5 1.0 0.487275390625
5.0 1.0 0.471908203125
5.5 0.9823182711198428 0.43274189587426326
6.0 0.9199632014719411 0.3689321958371665
6.5 0.7524454477050414 0.2795584673626787
7.0 0.4407227853680035 0.13580803768179814
7.5 0.168321831341525 0.04364828364332604
8.0 0.05494807407000385 0.012837887727347657
8.5 0.015078407720144753 0.003453161518018697
9.0 0.00225290173743782 0.00047981526768978443
9.5 0.000208 3.6380859375e-05
10.0 8e-06 1.171875e-06
