#EsNodB,BLER,BER
0.0 1.0 0.49626171875
0.5 1.0 0.49628125
1.0 1.0 0.49433203125
1.5 1.0 0.492796875
2.0 1.0 0.4915234375
2.5 1.0 0.49009375
3.0 1.0 0.4893046875
3.5 1.0 0.487546875
4.0 1.0 0.480107421875
4.5 1.0 0.46968359375
5.0 0.999000999000999 0.4460051667082917
5.5 0.966183574879227 0.3846769323671498
6.0 0.8333333333333334 0.2794580078125
6.5 0.5592841163310962 0.1567142495106264
7.0 0.24021138601969733 0.058719016484506364
7.5 0.07216569242981886 0.014954507424045608
8.0 0.01646605522714923 0.0030633937980602986
8.5 0.002838514094641737 0.00045774920557086775
9.0 0.000337 5.198828125e-05
9.5 2.2e-05 3.26171875e-06
