#EsNodB,BLER,BER
14.0 0.9259259259259259 0.32596390335648145
14.5 0.8 0.2482828125
15.0 0.6289308176100629 0.17486364976415095
15.5 0.44014084507042256 0.11558769118617958
16.0 0.2796420581655481 0.06877173780061521
16.5 0.1522301720200944 0.03357418604429898
17.0 0.07560864962951762 0.01566590546083472
17.5 0.027543656695862943 0.00503527094350796
18.0 0.007346944773016141 0.0011784958599966205
18.5 0.0014855318203917003 0.00019894426892327454
19.0 0.000238 2.784375e-05
19.5 2.1e-05 2.46484375e-06
