#EsNodB,BLER,BER
0.0 1.0 0.49828598484848485
0.5 1.0 0.4961875
1.0 1.0 0.49608901515151516
1.5 1.0 0.49739204545454546
2.0 1.0 0.4945246212121212
2.5 1.0 0.4949545454545455
3.0 1.0 0.4943219696969697
3.5 1.0 0.49440530303030306
4.0 1.0 0.4946780303030303
4.5 1.0 0.4948465909090909
5.0 1.0 0.49317992424242424
5.5 1.0 0.49221401515151514
6.0 1.0 0.4919337121212121
6.5 1.0 0.4909280303030303
7.0 1.0 0.48996212121212124
7.5 1.0 0.4917689393939394
8.0 1.0 0.49079924242424244
8.5 1.0 0.49099621212121214
9.0 1.0 0.4886060606060606
9.5 1.0 0.49001704545454544
10.0 1.0 0.4867007575757576
10.5 1.0 0.4840814393939394
11.0 1.0 0.48492613636363635
11.5 1.0 0.47929924242424243
12.0 1.0 0.4740397727272727
12.5 1.0 0.46418939393939396
13.0 0.9900990099009901 0.43663366336633663
13.5 0.9354536950420954 0.3661503954417893
14.0 0.7930214115781126 0.2754848244538966
14.5 0.5120327700972862 0.15771191174416982
15.0 0.25037556334501754 0.06590994446214776
15.5 0.08196721311475409 0.019120560109289617
16.0 0.019866102469356536 0.004296872413267908
16.5 0.003356504402055523 0.0006694573457963393
17.0 0.0004999353618926037 8.182099443279816e-05
17.5 5e-05 9.420454545454545e-06
