#EsNodB,BLER,BER
0.0 1.0 0.499421875
0.5 1.0 0.499607421875
1.0 1.0 0.50041015625
1.5 1.0 0.50020703125
2.0 1.0 0.5008515625
2.5 1.0 0.50054296875
3.0 1.0 0.499642578125
3.5 1.0 0.499447265625
4.0 1.0 0.499666015625
4.5 1.0 0.4984375
5.0 1.0 0.4990703125
5.5 1.0 0.499259765625
6.0 1.0 0.499716796875
6.5 1.0 0.50008984375
7.0 1.0 0.497958984375
7.5 1.0 0.500236328125
8.0 1.0 0.499396484375
8.5 1.0 0.497697265625
9.0 1.0 0.497294921875
9.5 1.0 0.496638671875
10.0 1.0 0.492609375
10.5 1.0 0.4918984375
11.0 1.0 0.487021484375
11.5 1.0 0.481314453125
12.0 1.0 0.473482421875
12.5 1.0 0.461263671875
13.0 1.0 0.42959765625
13.5 0.9891196834817013 0.3886081231454006
14.0 0.9569377990430622 0.3188939144736842
14.5 0.8658008658008658 0.2553436147186147
15.0 0.6988120195667366 0.17254787954227813
15.5 0.4921259842519685 0.10704220749261811
16.0 0.3051571559353067 0.05970948085138846
16.5 0.16339869281045752 0.029738242953431374
17.0 0.07376263185070443 0.012941596131149959
17.5 0.031536787662808666 0.0047476416395975905
18.0 0.012203604944900723 0.001660977371465531
18.5 0.003658581202209783 0.000532709430907694
19.0 0.0011191698322091277 0.00016026786199886632
19.5 0.000264 3.376953125e-05
20.0 5.7e-05 6.69140625e-06
