#EsNodB,BLER,BER
14.0 0.9775171065493646 0.36295095613391987
14.5 0.9363295880149812 0.3055890829822097
15.0 0.8517887563884157 0.2461636232964225
15.5 0.7194244604316546 0.17976478192446044
16.0 0.6176652254478073 0.1293888009573811
16.5 0.42607584149978694 0.07746508175330209
17.0 0.2675227394328518 0.04374049040262172
17.5 0.13713658804168952 0.019108322905238617
18.0 0.05334755934915977 0.006582171912510003
18.5 0.015349429768684093 0.0017419804026155429
19.0 0.002418590252113848 0.00024195822520219415
19.5 0.000307 2.888671875e-05
