#EsNodB,BLER,BER
0.0 1.0 0.4999280303030303
0.5 1.0 0.5002727272727273
1.0 1.0 0.49965530303030303
1.5 1.0 0.4996193181818182
2.0 1.0 0.5005662878787879
2.5 1.0 0.5003181818181818
3.0 1.0 0.4988181818181818
3.5 1.0 0.49864772727272727
4.0 1.0 0.49994886363636365
4.5 1.0 0.5008579545454546
5.0 1.0 0.49950568181818183
5.5 1.0 0.5009526515151516
6.0 1.0 0.4984469696969697
6.5 1.0 0.49955113636363635
7.0 1.0 0.4981193181818182
7.5 1.0 0.49787689393939394
8.0 1.0 0.4988693181818182
8.5 1.0 0.4990378787878788
9.0 1.0 0.4972405303030303
9.5 1.0 0.49605113636363635
10.0 1.0 0.49549810606060607
10.5 1.0 0.49384848484848487
11.0 1.0 0.4918598484848485
11.5 1.0 0.4837708333333333
12.0 1.0 0.4757026515151515
12.5 1.0 0.4585662878787879
13.0 0.9930486593843099 0.4188013451295477
13.5 0.9699321047526673 0.36602629103841516
14.0 0.8741258741258742 0.270935976901886
14.5 0.6648936170212766 0.16191670696324953
15.0 0.38744672607516467 0.07873754006551371
15.5 0.19755037534571315 0.03618090226644158
16.0 0.06792094002580995 0.011228309036160697
16.5 0.0164257555847569 0.0023672998048819335
17.0 0.0043307478768508535 0.0005559761630387467
17.5 0.0007571412183090513 8.364485848399205e-05
18.0 0.000134 1.446969696969697e-05
18.5 1.7e-05 2.106060606060606e-06
