#EsNodB,BLER,BER
0.0 1.0 0.4997265625
0.5 1.0 0.50001171875
1.0 1.0 0.4983515625
1.5 1.0 0.50066015625
2.0 1.0 0.50041015625
2.5 1.0 0.49951171875
3.0 1.0 0.498583984375
3.5 1.0 0.499783203125
4.0 1.0 0.499802734375
4.5 1.0 0.499392578125
5.0 1.0 0.50055859375
5.5 1.0 0.498181640625
6.0 1.0 0.498619140625
6.5 1.0 0.499236328125
7.0 1.0 0.497654296875
7.5 1.0 0.496509765625
8.0 1.0 0.496646484375
8.5 1.0 0.495099609375
9.0 1.0 0.493521484375
9.5 1.0 0.492865234375
10.0 1.0 0.491298828125
10.5 1.0 0.488275390625
11.0 1.0 0.4852265625
11.5 1.0 0.47683203125
12.0 1.0 0.470353515625
12.5 0.998003992015968 0.4549845621257485
13.0 0.9960159362549801 0.4310453498505976
13.5 0.9803921568627451 0.38528262867647056
14.0 0.9017132551848512 0.3036906841749324
14.5 0.7092198581560284 0.2135943040780142
15.0 0.5577244841048522 0.1645788308700502
15.5 0.3633720930232558 0.10198548782703488
16.0 0.2834467120181406 0.06726323341836735
16.5 0.23121387283236994 0.05446667268786127
17.0 0.16789791806581597 0.03161990010073875
17.5 0.10427528675703858 0.015004236183524505
18.0 0.0507227998985544 0.006200466015724068
18.5 0.03109452736318408 0.004906497784514925
19.0 0.006423391422203095 0.0009453300137781746
19.5 0.0020691497844894545 0.00021715457729486109
20.0 0.000267 2.6890625e-05
20.5 5.7e-05 8.45703125e-06
