#EsNodB,BLER,BER
14.0 0.9259259259259259 0.33034577546296295
14.5 0.7751937984496124 0.24850109011627908
15.0 0.5299417064122947 0.1455352411234764
15.5 0.3198976327575176 0.07758829674504159
16.0 0.1584032947885316 0.03615091131395533
16.5 0.0659935326338019 0.014083947898105985
17.0 0.021934153670680617 0.004295881108661797
17.5 0.0073059360730593605 0.0014734874429223744
18.0 0.0020892441532502372 0.00043575022537721303
18.5 0.00046569388388699164 0.00010238634725643806
19.0 7.8e-05 1.43515625e-05
