#EsNodB,BLER,BER
0.0 1.0 0.499572265625
0.5 1.0 0.49937109375
1.0 1.0 0.50106640625
1.5 1.0 0.499630859375
2.0 1.0 0.499658203125
2.5 1.0 0.49925
3.0 1.0 0.499115234375
3.5 1.0 0.49990625
4.0 1.0 0.498837890625
4.5 1.0 0.4993359375
5.0 1.0 0.497736328125
5.5 1.0 0.49834765625
6.0 1.0 0.49974609375
6.5 1.0 0.499021484375
7.0 1.0 0.49896875
7.5 1.0 0.49793359375
8.0 1.0 0.495291015625
8.5 1.0 0.495798828125
9.0 1.0 0.494873046875
9.5 1.0 0.4922578125
10.0 1.0 0.4904375
10.5 1.0 0.48876171875
11.0 1.0 0.483427734375
11.5 1.0 0.47967578125
12.0 1.0 0.4728828125
12.5 0.999000999000999 0.45672686688311687
13.0 0.9940357852882704 0.42864686878727637
13.5 0.9560229445506692 0.38933474247131933
14.0 0.847457627118644 0.2966846530720339
14.5 0.7163323782234957 0.22397698782234957
15.0 0.5288207297726071 0.17284691466155475
15.5 0.33738191632928477 0.10596691548582995
16.0 0.2632964718272775 0.07073932826487625
16.5 0.25176233635448136 0.07749313554254783
17.0 0.16423057973394647 0.04156990320660207
17.5 0.10146103896103896 0.020244449764103084
18.0 0.05326231691078562 0.008159953395472703
18.5 0.03156764947282025 0.006312050160995012
19.0 0.006690887680068515 0.001169729211411978
19.5 0.00204997847522601 0.0002562833441811361
20.0 0.000282 3.2228515625e-05
20.5 5.5e-05 1.1794921875e-05
