#EsNodB,BLER,BER
0.0 1.0 0.4957253787878788
0.5 1.0 0.4964659090909091
1.0 1.0 0.4972670454545455
1.5 1.0 0.4956496212121212
2.0 1.0 0.4954753787878788
2.5 1.0 0.4936439393939394
3.0 1.0 0.49443560606060605
3.5 1.0 0.4946041666666667
4.0 1.0 0.493282196969697
4.5 1.0 0.4933030303030303
5.0 1.0 0.4937689393939394
5.5 1.0 0.4936647727272727
6.0 1.0 0.49279924242424245
6.5 1.0 0.4922878787878788
7.0 1.0 0.4907234848484848
7.5 1.0 0.49114204545454543
8.0 1.0 0.4900681818181818
8.5 1.0 0.49036931818181817
9.0 1.0 0.4871666666666667
9.5 1.0 0.48764583333333333
10.0 1.0 0.4862215909090909
10.5 1.0 0.4855132575757576
11.0 1.0 0.48366098484848485
11.5 1.0 0.4793882575757576
12.0 1.0 0.47342992424242425
12.5 0.999000999000999 0.4606264947174038
13.0 0.9920634920634921 0.44005719396344395
13.5 0.9345794392523364 0.3737946049277825
14.0 0.7843137254901961 0.2747994652406417
14.5 0.510986203372509 0.15915865347393196
15.0 0.2595380223202699 0.06835140268503881
15.5 0.0829393713195654 0.01905296432853039
16.0 0.020347949944043136 0.0040574891246373595
16.5 0.0034072943357138963 0.0006454822271397396
17.0 0.0005102163799545225 8.692495046968882e-05
17.5 5.4e-05 9.56060606060606e-06
