#EsNodB,BLER,BER
14.0 0.949667616334283 0.3447460381054131
14.5 0.9074410163339383 0.2906700175816697
15.0 0.7843137254901961 0.2325015318627451
15.5 0.5973715651135006 0.15892183766427717
16.0 0.449438202247191 0.11114817415730337
16.5 0.2996703626011388 0.06624822070722206
17.0 0.15987210231814547 0.03136272232214229
17.5 0.0728066982162359 0.013103357071350564
18.0 0.023245542667193565 0.003849271179595063
18.5 0.005517363141807267 0.0008379926315615241
19.0 0.000816562721018453 0.0001104736458936111
19.5 8e-05 9.85546875e-06
