#EsNodB,BLER,BER
14.0 0.9505703422053232 0.3156264852661597
14.5 0.8561643835616438 0.2465285209760274
15.0 0.6925207756232687 0.17812121277700832
15.5 0.4982561036372696 0.1135050759840558
16.0 0.3080714725816389 0.06568420748613678
16.5 0.16345210853220007 0.032494406873161165
17.0 0.07959882193743532 0.014102517063997453
17.5 0.031780334329117144 0.005907852424045001
18.0 0.012513921737933451 0.0024057281303575227
18.5 0.00457253643168402 0.0009031295296689026
19.0 0.0016491116076178317 0.00032182911226427013
19.5 0.00039638568326982155 8.77025220539585e-05
