#EsNodB,BLER,BER
0.0 1.0 0.4994140625
0.5 1.0 0.5006484375
1.0 1.0 0.498966796875
1.5 1.0 0.500453125
2.0 1.0 0.50064453125
2.5 1.0 0.500541015625
3.0 1.0 0.499123046875
3.5 1.0 0.50028515625
4.0 1.0 0.499927734375
4.5 1.0 0.499822265625
5.0 1.0 0.499611328125
5.5 1.0 0.49783203125
6.0 1.0 0.498876953125
6.5 1.0 0.498208984375
7.0 1.0 0.49862890625
7.5 1.0 0.4978125
8.0 1.0 0.497771484375
8.5 1.0 0.49808203125
9.0 1.0 0.496560546875
9.5 1.0 0.49509765625
10.0 1.0 0.491546875
10.5 1.0 0.491818359375
11.0 1.0 0.48481640625
11.5 1.0 0.483888671875
12.0 1.0 0.470861328125
12.5 1.0 0.461654296875
13.0 1.0 0.423921875
13.5 0.9871668311944719 0.38809731305528133
14.0 0.9578544061302682 0.32473883500957856
14.5 0.851063829787234 0.26234541223404256
15.0 0.7215007215007215 0.185255174512987
15.5 0.4830917874396135 0.105925422705314
16.0 0.29841838257236647 0.05720773649656819
16.5 0.1585037248375337 0.028217687529719447
17.0 0.0758552681483729 0.013098071379807327
17.5 0.029749509133099303 0.004926216568989112
18.0 0.011105928344550322 0.0015848072982608116
18.5 0.003895233791932192 0.0005623895944672099
19.0 0.001131250803445173 0.0001594982140561585
19.5 0.000268 3.6640625e-05
20.0 5.8e-05 7.232421875e-06
