#EsNodB,BLER,BER
14.0 0.9216589861751152 0.33841445852534563
14.5 0.7616146230007617 0.2423630283701447
15.0 0.5434782608695652 0.14564049762228262
15.5 0.31456432840515886 0.07759171516200063
16.0 0.15225334957369063 0.03148700374923873
16.5 0.0646579593948015 0.013061665508211561
17.0 0.023186792802819513 0.0041447297869133745
17.5 0.007863551651739024 0.0014377244798260583
18.0 0.0020437735417164838 0.00040787253265439177
18.5 0.0005160462208416281 8.235724858841743e-05
19.0 0.000272 3.8345703125e-05
19.5 0.0004917488762180589 8.719837642421134e-05
