#EsNodB,BLER,BER
0.0 1.0 0.499005859375
0.5 1.0 0.49876171875
1.0 1.0 0.498318359375
1.5 1.0 0.498501953125
2.0 1.0 0.49669140625
2.5 1.0 0.4968828125
3.0 1.0 0.496662109375
3.5 1.0 0.49861328125
4.0 1.0 0.497240234375
4.5 1.0 0.496572265625
5.0 1.0 0.49546875
5.5 1.0 0.495275390625
6.0 1.0 0.494099609375
6.5 1.0 0.493369140625
7.0 1.0 0.4938671875
7.5 1.0 0.492435546875
8.0 1.0 0.49159375
8.5 1.0 0.489673828125
9.0 1.0 0.487052734375
9.5 1.0 0.4873125
10.0 1.0 0.486037109375
10.5 1.0 0.48362890625
11.0 1.0 0.482216796875
11.5 1.0 0.47575
12.0 1.0 0.468189453125
12.5 1.0 0.45745703125
13.0 1.0 0.435623046875
13.5 0.9823182711198428 0.3872386879911591
14.0 0.9208103130755064 0.31315463858195214
14.5 0.7722007722007722 0.22554144546332047
15.0 0.5485463521667581 0.14885748080087768
15.5 0.31725888324873097 0.07450254798540609
16.0 0.1472103636095981 0.030518836026056234
16.5 0.060024009603841535 0.012014766844237695
17.0 0.020398172323759792 0.003922903195373695
17.5 0.006212106152469934 0.0010165408003366962
18.0 0.0016031292565427408 0.00024560112595160523
18.5 0.000302 5.0935546875e-05
19.0 6.1e-05 7.693359375e-06
