#EsNodB,BLER,BER
0.0 1.0 0.4995094696969697
0.5 1.0 0.4999772727272727
1.0 1.0 0.4994981060606061
1.5 1.0 0.49902651515151514
2.0 1.0 0.49984469696969697
2.5 1.0 0.49980492424242423
3.0 1.0 0.49936363636363634
3.5 1.0 0.4988958333333333
4.0 1.0 0.4991723484848485
4.5 1.0 0.4992329545454545
5.0 1.0 0.49939204545454546
5.5 1.0 0.5004583333333333
6.0 1.0 0.5003314393939394
6.5 1.0 0.4987215909090909
7.0 1.0 0.49892613636363636
7.5 1.0 0.4998712121212121
8.0 1.0 0.4971780303030303
8.5 1.0 0.4983806818181818
9.0 1.0 0.4966515151515152
9.5 1.0 0.4961988636363636
10.0 1.0 0.4960719696969697
10.5 1.0 0.4925037878787879
11.0 1.0 0.49090340909090907
11.5 1.0 0.483782196969697
12.0 1.0 0.47500189393939396
12.5 1.0 0.46127651515151513
13.0 0.9930486593843099 0.42096611597604644
13.5 0.9718172983479106 0.35126962040227344
14.0 0.8873114463176575 0.26516495926433814
14.5 0.6253908692933083 0.15309402656963633
15.0 0.3943217665615142 0.08350808957078673
15.5 0.18860807242549982 0.032472737560440314
16.0 0.06184291898577613 0.008876918536009444
16.5 0.016220337058604078 0.0024070918754297774
17.0 0.004580956961909343 0.00054326852667401
17.5 0.0007869047255366911 8.155824884186848e-05
18.0 0.000168 1.661742424242424e-05
18.5 3.5e-05 2.6363636363636364e-06
