#EsNodB,BLER,BER
14.0 0.8710801393728222 0.2498758030270035
14.5 0.6666666666666666 0.16423307291666667
15.0 0.43802014892685065 0.08619158590670171
15.5 0.24055809477988935 0.04489086555809478
16.0 0.09766578767457759 0.015552704426701827
16.5 0.03633324855575337 0.00530046744995095
17.0 0.012013310748309126 0.0015932418744969425
17.5 0.004384868695106925 0.000617649863849827
18.0 0.0015112421673424254 0.00017976837026968914
18.5 0.0015132191819715128 0.00019581877281914576
19.0 0.0013755638903295343 0.0002374434580683672
19.5 0.0011076210346865974 0.00014461339511129785
