36
548
406
918
356
868
74
586
496
1008
461
973
69
581
420
932
15
527
93
605
30
542
503
1015
236
748
458
970
176
688
301
813
363
875
103
615
161
673
33
545
71
583
313
825
352
864
142
654
104
616
351
863
63
575
59
571
96
608
327
839
467
979
321
833
90
602
384
896
282
794
276
788
360
872
180
692
294
806
407
919
453
965
490
1002
152
664
181
693
58
570
326
838
51
563
266
778
135
647
279
791
497
1009
272
784
228
740
494
1006
119
631
395
907
428
940
1
513
317
829
284
796
293
805
381
893
339
851
122
634
238
750
340
852
17
529
389
901
409
921
145
657
197
709
212
724
239
751
268
780
171
683
481
993
57
569
439
951
3
515
72
584
26
538
388
900
336
848
193
705
166
678
105
617
253
765
100
612
102
614
273
785
91
603
412
924
399
911
319
831
246
758
86
598
182
694
65
577
456
968
19
531
361
873
470
982
202
714
495
1007
472
984
78
590
292
804
199
711
118
630
39
551
94
606
471
983
277
789
418
930
450
962
79
591
511
1023
194
706
483
995
81
593
368
880
123
635
476
988
187
699
485
997
121
633
179
691
482
994
211
723
443
955
237
749
149
661
468
980
42
554
138
650
506
1018
345
857
359
871
289
801
374
886
367
879
358
870
251
763
146
658
373
885
288
800
449
961
40
552
492
1004
200
712
402
914
265
777
115
627
173
685
271
783
43
555
29
541
75
587
111
623
25
537
318
830
267
779
396
908
408
920
431
943
491
1003
303
815
442
954
73
585
242
754
379
891
287
799
333
845
307
819
234
746
154
666
355
867
147
659
258
770
296
808
434
946
448
960
24
536
504
1016
4
516
144
656
354
866
87
599
507
1019
252
764
480
992
156
668
314
826
52
564
274
786
392
904
219
731
455
967
248
760
437
949
231
743
311
823
162
674
83
595
322
834
132
644
153
665
332
844
101
613
2
514
324
836
109
621
398
910
177
689
260
772
275
787
235
747
55
567
501
1013
54
566
446
958
169
681
348
860
190
702
278
790
240
752
159
671
436
948
325
837
227
739
44
556
451
963
120
632
133
645
281
793
189
701
411
923
215
727
139
651
198
710
160
672
473
985
337
849
261
773
385
897
304
816
425
937
128
640
5
517
315
827
341
853
403
915
186
698
457
969
432
944
125
637
16
528
475
987
98
610
400
912
489
1001
113
625
302
814
380
892
195
707
393
905
150
662
6
518
249
761
347
859
157
669
405
917
82
594
435
947
462
974
114
626
386
898
222
734
269
781
444
956
223
735
469
981
50
562
250
762
487
999
364
876
430
942
500
1012
423
935
464
976
297
809
230
742
316
828
308
820
49
561
95
607
127
639
56
568
372
884
77
589
45
557
508
1020
31
543
106
618
207
719
76
588
221
733
502
1014
397
909
362
874
141
653
225
737
369
881
394
906
210
722
178
690
175
687
493
1005
117
629
97
609
8
520
220
732
129
641
410
922
478
990
38
550
452
964
283
795
377
889
365
877
208
720
378
890
323
835
184
696
256
768
140
652
366
878
391
903
479
991
107
619
416
928
375
887
477
989
426
938
61
573
264
776
143
655
414
926
300
812
47
559
183
695
206
718
172
684
23
535
108
620
335
847
174
686
148
660
60
572
328
840
415
927
350
862
330
842
257
769
255
767
217
729
371
883
413
925
37
549
488
1000
383
895
419
931
70
582
80
592
441
953
191
703
310
822
67
579
285
797
216
728
338
850
10
522
116
628
357
869
280
792
204
716
270
782
459
971
390
902
165
677
218
730
486
998
34
546
343
855
110
622
232
744
188
700
35
547
163
675
11
523
68
580
88
600
295
807
0
512
18
530
262
774
32
544
205
717
21
533
22
534
185
697
382
894
244
756
312
824
505
1017
404
916
320
832
126
638
299
811
201
713
124
636
213
725
344
856
334
846
131
643
137
649
440
952
421
933
342
854
7
519
164
676
233
745
510
1022
66
578
463
975
466
978
401
913
196
708
130
642
136
648
445
957
158
670
309
821
12
524
429
941
498
1010
214
726
84
596
151
663
484
996
85
597
370
882
209
721
427
939
331
843
241
753
9
521
64
576
291
803
259
771
306
818
460
972
298
810
417
929
46
558
92
604
168
680
263
775
203
715
422
934
28
540
229
741
454
966
465
977
99
611
254
766
170
682
62
574
509
1021
134
646
286
798
433
945
346
858
167
679
305
817
192
704
155
667
48
560
20
532
447
959
226
738
438
950
387
899
247
759
349
861
329
841
290
802
41
553
499
1011
13
525
245
757
424
936
112
624
474
986
376
888
53
565
14
526
27
539
224
736
353
865
243
755
89
601
