3.411132776275362488e+01
-3.411132776275362488e+01
3.411132776275362488e+01
3.411132776275362488e+01
3.380456923693416371e+01
3.380456923693416371e+01
-3.380456923693416371e+01
-3.380456923693416371e+01
3.402689747547049137e+01
3.402689747547049137e+01
-3.402689747547049137e+01
3.402689747547049137e+01
-3.435882503762216800e+01
-3.435882503762216800e+01
-3.435882503762216800e+01
-3.435882503762216800e+01
-2.297885472156855258e+01
-3.197022149024084214e+01
-2.898866955474878182e+01
-3.197022149024084214e+01
-3.450907682863311265e+01
3.450907682863311265e+01
-3.450907682863311265e+01
-3.450907682863311265e+01
-3.274025709360725500e+01
3.274025709360725500e+01
-3.274025709360725500e+01
3.274025709360725500e+01
3.231997360375702044e+01
-3.403234010110207208e+01
-3.403234010110207208e+01
3.403234010110207208e+01
3.411473862407722635e+01
3.179356044903396139e+01
3.411473862407722635e+01
3.411473862407722635e+01
3.446546069943167367e+01
3.446546069943167367e+01
-3.446546069943167367e+01
3.446546069943167367e+01
-3.333371675683457624e+01
2.679995265063370979e+01
-3.333371675683457624e+01
-3.333371675683457624e+01
-3.421605264426685267e+01
3.421605264426684556e+01
3.421605264426685267e+01
-3.421605264426684556e+01
-2.577735489904301502e+01
-3.268955585053858925e+01
3.268955585053858925e+01
-3.032572207176207968e+01
-3.367046994657344783e+01
2.865530094861802368e+01
3.367046994657344783e+01
-3.367046994657344783e+01
-3.109627136249899593e+01
3.109627136249899593e+01
1.654419897190362576e+01
-3.109627136249899593e+01
3.442772355827496256e+01
-3.442772355827496256e+01
3.442772355827496256e+01
-3.442772355827496256e+01
-3.373069501459838193e+01
-2.863577872881393560e+01
-3.373069501459838193e+01
-3.373069501459838193e+01
-3.440734251148170841e+01
3.440734251148170841e+01
3.440734251148170841e+01
-3.440734251148170841e+01
3.446764611721496152e+01
3.446764611721496152e+01
3.446764611721496152e+01
3.446764611721496152e+01
3.335272789986948538e+01
2.635169947655101197e+01
3.335272789986948538e+01
3.335272789986948538e+01
-3.451904776326399826e+01
-3.451904776326399826e+01
3.451904776326399826e+01
3.451904776326399826e+01
-3.452332873741149655e+01
3.452332873741149655e+01
-3.452332873741149655e+01
3.452332873741149655e+01
-3.334930023172097435e+01
-3.334930023172097435e+01
3.334930023172097435e+01
2.698725591617454000e+01
-3.296300279691963198e+01
3.235565858036692788e+01
-3.296300279691963198e+01
-2.608282284587120969e+01
3.346195703961484469e+01
-2.693597934081901357e+01
3.346195703961484469e+01
3.346195703961484469e+01
3.430348560873024866e+01
-3.430348560873024866e+01
-3.430348560873024866e+01
-3.430348560873024866e+01
-3.438619711686731506e+01
-3.438619711686732217e+01
3.438619711686732217e+01
3.438619711686732217e+01
3.406790281602489046e+01
3.406790281602489046e+01
3.406790281602489046e+01
-3.406790281602489046e+01
-3.233047109435108268e+01
3.233047109435108268e+01
3.233047109435108268e+01
-2.129731320272806983e+01
-2.593501783414629003e+01
-3.324252303273976850e+01
-3.324252303273976850e+01
-3.324252303273976850e+01
3.380095333137139590e+01
-3.403804967881792720e+01
-3.403804967881792720e+01
-3.354336814004342671e+01
3.360716010588159008e+01
3.360716010588159008e+01
-3.360716010588159008e+01
3.360716010588159008e+01
-2.433476774326912562e+01
-3.278828710314123640e+01
3.278828710314123640e+01
3.278828710314123640e+01
-3.263691761060492524e+01
3.263691761060492524e+01
3.263691761060492524e+01
3.263691761060492524e+01
-3.436227710214613751e+01
-3.436227710214613751e+01
3.436227710214613751e+01
3.436227710214613751e+01
-3.440694336069653048e+01
3.440694336069653048e+01
-3.440694336069653048e+01
3.440694336069653048e+01
3.343411712009557846e+01
-3.343411712009557846e+01
3.343411712009557846e+01
3.343411712009557846e+01
3.426836145329180994e+01
-3.426836145329180994e+01
-3.426836145329180994e+01
-3.426836145329180994e+01
3.386905795274971354e+01
2.966706369912930086e+01
-3.386905795274971354e+01
3.386905795274971354e+01
3.448422539252213426e+01
-3.448422539252213426e+01
-3.448422539252213426e+01
3.448422539252213426e+01
3.405842586874324951e+01
-3.234957039577219007e+01
3.405842586874324951e+01
3.405842586874324951e+01
3.423033667328627416e+01
3.423033667328627416e+01
3.423033667328627416e+01
-3.423033667328627416e+01
-3.433120784995204389e+01
3.433120784995204389e+01
-3.433120784995204389e+01
3.433120784995204389e+01
-3.383316530649752707e+01
2.968267441951313756e+01
3.383316530649752707e+01
3.383316530649752707e+01
-3.328175529289322299e+01
3.328175529289322299e+01
3.119282085290933892e+01
-3.328175529289322299e+01
3.443570682670250704e+01
3.443570682670250704e+01
3.443570682670250704e+01
-3.443570682670250704e+01
3.137544733007764108e+01
-2.212682967138584900e+01
-2.633682200886145353e+01
-3.137544733007764108e+01
3.417837578460756021e+01
-3.417837578460756021e+01
-3.417837578460756021e+01
-3.417837578460756021e+01
3.068673991752751462e+01
3.068673991752751462e+01
-3.068673991752751462e+01
-1.518751431009873087e+01
-3.346356328207686204e+01
3.346356328207686204e+01
-3.346356328207686204e+01
2.843126629421898599e+01
3.353733919106701933e+01
3.353733919106701933e+01
2.916724732083747185e+01
-3.353733919106701933e+01
-3.395859853196542844e+01
3.395859853196542844e+01
3.145895620566403039e+01
-3.395859853196542844e+01
3.217346815052009390e+01
-3.217346815052008679e+01
3.217346815052009390e+01
3.217346815052009390e+01
-3.422035079146177594e+01
3.422035079146177594e+01
3.422035079146177594e+01
-3.422035079146177594e+01
-3.353056826014110925e+01
-2.730958983016659758e+01
3.353056826014110925e+01
3.353056826014110925e+01
3.273049857879194491e+01
3.273049857879194491e+01
3.273049857879194491e+01
3.273049857879194491e+01
3.262940797849240937e+01
-3.262940797849240937e+01
-3.262940797849240937e+01
-2.372133197685791117e+01
-2.996750860891390644e+01
-3.379888096145897691e+01
-3.379888096145897691e+01
-3.379888096145897691e+01
-3.451064405074426134e+01
3.451064405074426134e+01
-3.451064405074426134e+01
-3.451064405074426134e+01
2.865911998857197318e+01
-3.373492115326134666e+01
3.373492115326134666e+01
-3.373492115326134666e+01
3.185216670229900515e+01
-3.318628596964849464e+01
-2.775209076638103056e+01
-3.318628596964849464e+01
3.361663742564654456e+01
3.361663742564654456e+01
2.842153987114912184e+01
-3.361663742564654456e+01
3.432169239017974149e+01
3.432169239017974149e+01
-3.432169239017974149e+01
3.432169239017974149e+01
-3.411036420653361745e+01
3.211644091929791500e+01
3.411036420653361745e+01
3.411036420653361745e+01
-3.341952006398978625e+01
-3.341952006398978625e+01
-2.673594702400422918e+01
-3.341952006398978625e+01
-3.432758852958826168e+01
3.432758852958826168e+01
-3.432758852958826168e+01
-3.432758852958826168e+01
3.332958919753694005e+01
-2.806196456068482448e+01
-3.286184467599934322e+01
-3.332958919753694005e+01
3.008205486835185027e+01
-3.365577714849757029e+01
-3.344910358868881417e+01
-3.365577714849757029e+01
-3.432754065477988092e+01
3.432754065477988092e+01
-3.432754065477988092e+01
3.432754065477988092e+01
-3.448713371790753257e+01
-3.448713371790753257e+01
-3.448713371790753257e+01
-3.448713371790753257e+01
3.301846153080184365e+01
-3.301846153080184365e+01
-2.468484476841590336e+01
-3.301846153080184365e+01
-1.101742733176337730e+01
-2.837094754433561761e+01
-2.837094754433561761e+01
2.837094754433561761e+01
3.314513786571908582e+01
-3.377572284188729412e+01
3.133400706186831997e+01
-3.377572284188729412e+01
-3.426417122297979745e+01
3.426417122297979745e+01
-3.426417122297979745e+01
-3.426417122297979745e+01
-3.402905968469595877e+01
-3.402905968469595877e+01
-3.402905968469595877e+01
3.402905968469595877e+01
-3.448815911677637303e+01
3.448815911677637303e+01
-3.448815911677637303e+01
-3.448815911677637303e+01
-3.434058505029671693e+01
3.434058505029671693e+01
-3.434058505029671693e+01
3.434058505029671693e+01
-3.385787781443643496e+01
-3.141009261462848912e+01
-3.385787781443643496e+01
-3.385787781443643496e+01
-3.148362403387235631e+01
-3.403537135795744462e+01
3.403537135795744462e+01
-3.403537135795744462e+01
3.439449165378851347e+01
3.439449165378851347e+01
3.439449165378851347e+01
-3.439449165378851347e+01
-3.446410936464916119e+01
3.446410936464916119e+01
3.446410936464916119e+01
3.446410936464916119e+01
-3.403022431284801286e+01
3.403022431284801286e+01
-3.403022431284801286e+01
3.403022431284801286e+01
3.278288389848253104e+01
-3.421323354853375065e+01
-3.421323354853375065e+01
-3.421323354853375065e+01
3.361051189540989270e+01
-2.884835766822031289e+01
-3.361051189540989270e+01
-3.361051189540989270e+01
-3.366936149490778263e+01
3.233341170487258864e+01
3.366936149490778263e+01
3.366936149490778263e+01
3.428257917757826334e+01
-3.428257917757826334e+01
-3.428257917757826334e+01
-3.428257917757826334e+01
-3.313580852577220526e+01
-3.206655248899926391e+01
-3.313580852577220526e+01
2.729034738269454152e+01
-3.426318178402720349e+01
-3.426318178402720349e+01
-3.426318178402720349e+01
3.426318178402720349e+01
3.414046008856664827e+01
-3.412440284292431869e+01
3.414046008856664827e+01
-3.414046008856664827e+01
-3.221321501015384570e+01
-2.302250996543731176e+01
3.084278133364288976e+01
-3.221321501015384570e+01
3.422129379141460248e+01
3.422129379141460248e+01
-3.287292650050007126e+01
-3.422129379141460248e+01
3.438732376702069615e+01
-3.438732376702069615e+01
3.438732376702069615e+01
3.438732376702069615e+01
3.077684728717881768e+01
-3.077684728717881768e+01
-1.546888271010813476e+01
-3.077684728717881768e+01
-3.401140399337104725e+01
3.401140399337104725e+01
3.401140399337104725e+01
3.401140399337104725e+01
3.398718695891772512e+01
-3.087779567090478494e+01
3.398718695891772512e+01
3.398718695891772512e+01
3.378026427558449285e+01
3.378026427558449285e+01
-3.378026427558449285e+01
-3.378026427558449285e+01
-3.434007152178787692e+01
3.434007152178787692e+01
3.434007152178787692e+01
-3.434007152178787692e+01
-3.437057954738050114e+01
-3.437057954738050114e+01
-3.437057954738050114e+01
3.437057954738050114e+01
3.416787006975886953e+01
-3.416787006975886953e+01
3.416787006975886953e+01
3.416787006975886953e+01
-3.210653689825003454e+01
3.210653689825003454e+01
-3.210653689825003454e+01
3.210653689825003454e+01
-3.447979563698135053e+01
-3.447979563698135053e+01
3.447979563698135053e+01
3.447979563698135053e+01
3.448004266601662238e+01
3.448004266601662238e+01
3.448004266601662238e+01
-3.448004266601662238e+01
-3.291794613112825374e+01
-2.589075644049171032e+01
-3.291794613112825374e+01
3.291794613112825374e+01
3.255291274423383641e+01
-3.186605457303812727e+01
3.255291274423383641e+01
-2.413881732326490237e+01
3.377689918232411515e+01
-3.377689918232411515e+01
-3.377689918232411515e+01
3.010173515402934896e+01
-3.081079593066510114e+01
-1.583376345857333334e+01
-3.081079593066510114e+01
-3.081079593066510114e+01
-3.390473497754982901e+01
3.095778930356656744e+01
-3.390473497754982901e+01
-3.390473497754982901e+01
-3.429565412170119743e+01
3.429565412170119743e+01
-3.381516373625039762e+01
-3.429565412170119743e+01
-3.297092905137282770e+01
2.671026015092995465e+01
-3.297092905137282770e+01
3.297092905137282770e+01
-3.349878358931728428e+01
-3.349878358931728428e+01
3.349878358931728428e+01
2.711804332253059258e+01
-3.338989138502810761e+01
3.338989138502810761e+01
-3.338989138502810761e+01
-2.696220869857223335e+01
3.444598809875693490e+01
3.444598809875693490e+01
3.444598809875693490e+01
-3.444598809875693490e+01
3.445592705247672427e+01
3.445592705247672427e+01
3.445592705247672427e+01
3.445592705247672427e+01
-3.196295218409865413e+01
-2.535492394237735070e+01
2.594106614999564897e+01
-3.196295218409865413e+01
3.275579180543372360e+01
2.314333443797174539e+01
3.275579180543372360e+01
-3.275579180543372360e+01
-3.419217993106452269e+01
-3.372260732590260801e+01
3.419217993106452269e+01
3.419217993106452269e+01
3.026881909897973344e+01
-3.203283294156309324e+01
-3.203283294156309324e+01
-2.249985511961918405e+01
-3.428447110321059910e+01
-3.428447110321059910e+01
3.428447110321059910e+01
3.428447110321059910e+01
3.434934416903482202e+01
-3.434934416903482202e+01
3.434934416903482202e+01
-3.434934416903482202e+01
3.356154565033043724e+01
-3.419681401392384146e+01
3.419681401392384146e+01
3.419681401392384146e+01
3.364232341804184756e+01
-3.364232341804184756e+01
3.364232341804184756e+01
2.802859936731340085e+01
3.334240265475065712e+01
-3.334240265475065712e+01
-2.753668970450170761e+01
-3.334240265475065712e+01
3.349840205008402449e+01
-3.349840205008402449e+01
2.749553818240913472e+01
-3.349840205008402449e+01
3.443589994278316624e+01
-3.443589994278316624e+01
3.443589994278316624e+01
3.443589994278316624e+01
-3.448420125925738944e+01
3.448420125925738944e+01
3.448420125925738944e+01
3.448420125925738944e+01
-3.342874549696189490e+01
3.342874549696189490e+01
3.342874549696189490e+01
3.342874549696189490e+01
-3.451124163634160880e+01
-3.451124163634160880e+01
3.451124163634160880e+01
3.451124163634160880e+01
-3.292263145807766023e+01
-3.292263145807766023e+01
-3.292263145807766023e+01
2.414488299250855974e+01
3.396931863808010377e+01
3.295424051482612526e+01
3.356023957200449814e+01
-3.396931863808010377e+01
-3.385531610356004251e+01
3.385531610356004251e+01
3.385531610356004251e+01
3.059229897588697256e+01
3.385689889584327972e+01
-3.411624214998357729e+01
-3.411624214998357729e+01
-3.411624214998357729e+01
-2.859167078042455401e+01
-3.328761793496917676e+01
3.163128576133191672e+01
-3.328761793496917676e+01
3.409360113342442133e+01
3.409360113342442133e+01
3.409360113342442133e+01
3.409360113342442133e+01
3.353079818359182696e+01
2.763106494195337959e+01
3.353079818359182696e+01
3.353079818359182696e+01
-3.409780278696259614e+01
3.409780278696259614e+01
3.409780278696259614e+01
3.256741120210682539e+01
3.411999596170062432e+01
3.391473965344437858e+01
-3.411999596170062432e+01
-3.411999596170061722e+01
3.142545893349784691e+01
3.066707073340892720e+01
1.972619360937559208e+01
-3.142545893349784691e+01
-3.307032249185957795e+01
-3.307032249185957085e+01
-3.307032249185957795e+01
3.307032249185957795e+01
-2.920780612449770075e+01
-1.427194789469916003e+01
-2.920780612449770075e+01
2.920780612449770075e+01
-3.374739746795088280e+01
3.178368177483699597e+01
3.374739746795088280e+01
3.374739746795088280e+01
-3.423703959414991260e+01
3.423703959414991260e+01
-3.385081501749753841e+01
-3.423703959414991260e+01
-3.382961680406757665e+01
-2.994528116278365815e+01
3.382961680406757665e+01
-3.382961680406757665e+01
-3.343475036541130407e+01
-3.343475036541130407e+01
3.343475036541130407e+01
2.776166407522217483e+01
3.440157838921042099e+01
3.440157838921042099e+01
3.440157838921042099e+01
-3.440157838921042099e+01
-3.406018140873990063e+01
3.406018140873990063e+01
-3.175650389232820103e+01
-3.406018140873990063e+01
3.238591286306232320e+01
2.483426509351580336e+01
3.238591286306232320e+01
3.238591286306232320e+01
3.453497644184224669e+01
3.453497644184224669e+01
-3.453497644184224669e+01
-3.453497644184224669e+01
-3.378764334714070827e+01
2.981753764636503234e+01
3.378764334714070827e+01
3.378764334714070827e+01
-3.404958068455665909e+01
3.192715714079133704e+01
-3.404958068455665909e+01
-3.404958068455665909e+01
3.400536815409913061e+01
3.400536815409913061e+01
3.400536815409913061e+01
3.400536815409913061e+01
3.114531251464198647e+01
3.114531251464198647e+01
3.114531251464198647e+01
-3.048266976912497483e+01
3.337530387870081228e+01
-3.337530387870081228e+01
-2.686816205565789062e+01
-3.337530387870081228e+01
2.599981884118287212e+01
-3.193202165046947272e+01
-2.513138585362905886e+01
-3.193202165046947272e+01
-3.431061988295351028e+01
-3.430867788592559720e+01
-3.431061988295351028e+01
-3.431061988295351028e+01
-3.436990290358246369e+01
-3.436990290358246369e+01
3.436990290358246369e+01
3.436990290358246369e+01
-3.433626572513624353e+01
-3.433626572513624353e+01
3.433626572513624353e+01
3.433626572513624353e+01
-3.430329428718322049e+01
3.430329428718322049e+01
-3.430329428718322049e+01
-3.430329428718322049e+01
3.308994490862636439e+01
2.533913821496437535e+01
-3.308994490862636439e+01
-3.308994490862636439e+01
3.387732991891098067e+01
3.226989180429374215e+01
3.321200593381003330e+01
-3.387732991891098067e+01
3.395907739526041524e+01
-3.091954030844923551e+01
-3.395907739526041524e+01
3.395907739526041524e+01
-3.240771966735982090e+01
-3.417846093795859730e+01
3.417846093795859730e+01
3.417846093795859730e+01
3.208464861284374336e+01
-3.414692579399522998e+01
-3.414692579399522998e+01
3.414692579399522998e+01
3.085435709836636065e+01
-3.394772249582924672e+01
-3.394772249582924672e+01
-3.394772249582924672e+01
3.421503722902296118e+01
3.421503722902296118e+01
-3.299873214949947453e+01
-3.421503722902296118e+01
1.853678224645948447e+01
-3.132109792993239950e+01
3.132109792993239950e+01
-3.132109792993239239e+01
3.449794487730772374e+01
3.449794487730772374e+01
-3.449794487730772374e+01
3.449794487730772374e+01
-3.280380993387223754e+01
2.413618622737149266e+01
-3.280380993387223754e+01
3.280380993387223043e+01
-3.424495971896240576e+01
-3.424495971896240576e+01
3.424495971896240576e+01
3.352536533515090156e+01
-3.373529017769855187e+01
3.373529017769855187e+01
3.373529017769855187e+01
-3.324194006644308530e+01
3.274870394638031001e+01
2.465032135165633065e+01
3.274870394638030291e+01
-3.274870394638031001e+01
3.434696637908721328e+01
3.434696637908721328e+01
-3.434696637908721328e+01
3.434696637908721328e+01
3.027031254469007848e+01
1.401136950297150641e+01
3.027031254469007848e+01
-3.027031254469007848e+01
3.197787425070159273e+01
-2.741265534276529792e+01
-2.414745769414726340e+01
-3.197787425070159273e+01
-3.447357644483609107e+01
-3.447357644483609107e+01
3.447357644483609107e+01
-3.447357644483609107e+01
3.451604748471022077e+01
-3.451604748471022077e+01
3.451604748471022077e+01
3.451604748471022077e+01
3.219269379211608850e+01
3.219269379211608140e+01
3.219269379211608850e+01
3.219269379211608850e+01
-3.399255158721870629e+01
3.399255158721870629e+01
3.073780845461092426e+01
-3.399255158721870629e+01
-3.166785430713074589e+01
-3.403467701245577359e+01
3.403467701245577359e+01
-3.403467701245577359e+01
-3.440660413275696783e+01
3.440660413275696783e+01
3.440660413275696783e+01
3.440660413275696783e+01
-3.127724572703818140e+01
-3.127724572703818140e+01
-3.127724572703818140e+01
1.718272368170642395e+01
-2.805517975073273362e+01
-3.363829049839240781e+01
3.363829049839240781e+01
3.363829049839240781e+01
-3.390751338399992676e+01
-2.996329688008644254e+01
3.390751338399992676e+01
3.390751338399992676e+01
3.423525888214076218e+01
-3.423525888214076218e+01
3.362785839303417390e+01
-3.423525888214076218e+01
-3.338392001063339620e+01
-3.284202160454782415e+01
2.844403328255583219e+01
-3.338392001063339620e+01
-3.386716297290919897e+01
3.386716297290919897e+01
3.292767118154772987e+01
-3.386716297290919897e+01
-3.375710946481493835e+01
2.887135003178099524e+01
-3.375710946481493835e+01
3.375710946481493835e+01
-3.420097925106787073e+01
3.310141369664257383e+01
3.420097925106787073e+01
3.420097925106787073e+01
-3.316838215080689167e+01
-2.592931716790339536e+01
-3.316838215080689167e+01
3.316838215080689167e+01
3.227859397371616978e+01
-3.399823462505244720e+01
-3.399823462505244720e+01
3.399823462505244720e+01
-3.411940026342064414e+01
-3.411940026342064414e+01
-3.411940026342064414e+01
3.411940026342064414e+01
3.346736043842340536e+01
-2.929654577531014681e+01
-3.346736043842340536e+01
3.346736043842340536e+01
-3.307288519672128757e+01
2.710497374577710161e+01
-3.307288519672128757e+01
-3.173798513596839044e+01
-3.417433428571604281e+01
3.417433428571604281e+01
3.417433428571604281e+01
3.240625817886992621e+01
-3.317462701445969486e+01
3.317462701445969486e+01
3.317462701445969486e+01
-2.563346694504429735e+01
-3.421770591802980732e+01
-3.421770591802980732e+01
-3.421770591802980732e+01
3.343344797496595078e+01
3.431753121122687133e+01
-3.431753121122687133e+01
-3.431753121122687133e+01
-3.431753121122687133e+01
3.292249023498800398e+01
3.292249023498800398e+01
3.292249023498800398e+01
-2.391884304923758719e+01
-3.393320784632646792e+01
-3.077001973015468295e+01
-3.393320784632646792e+01
3.393320784632646792e+01
3.406615154895258257e+01
-3.170139369429115561e+01
3.406615154895258257e+01
-3.406615154895258257e+01
3.145801561413651370e+01
3.145801561413651370e+01
3.145801561413651370e+01
3.145801561413651370e+01
3.445619686587136243e+01
-3.445619686587136243e+01
3.445619686587136243e+01
-3.445619686587136243e+01
-3.363683915020273218e+01
2.799408104820779997e+01
3.363683915020273218e+01
3.363683915020273218e+01
-3.446319761133501203e+01
3.446319761133501203e+01
-3.446319761133501203e+01
-3.446319761133501203e+01
3.401045237518257380e+01
3.401045237518257380e+01
3.401045237518257380e+01
-3.108807457795754203e+01
-3.442335695899890879e+01
-3.442335695899890879e+01
-3.442335695899890879e+01
3.442335695899890879e+01
3.296215460205939252e+01
3.296215460205939252e+01
-3.296215460205939252e+01
3.296215460205939252e+01
3.316449542772753034e+01
2.802444718373755705e+01
3.316449542772753034e+01
-3.125522501751326843e+01
3.379479601153700941e+01
3.379479601153700941e+01
-3.379479601153700941e+01
3.147755549878506542e+01
-3.319173807406099996e+01
-3.319173807406099996e+01
-3.319173807406099996e+01
3.319173807406099996e+01
-3.413603491150279723e+01
-3.284068705629628226e+01
-3.413603491150279723e+01
-3.413603491150279723e+01
-3.434431544421448024e+01
-3.434431544421448024e+01
3.434431544421448024e+01
-3.434431544421448024e+01
-3.330637886859465624e+01
-3.330637886859465624e+01
2.645839960548545378e+01
-3.330637886859465624e+01
-3.244461946896073101e+01
3.244461946896073101e+01
-3.106436043910223077e+01
-3.244461946896073101e+01
3.448188092358692813e+01
3.448188092358692813e+01
-3.448188092358692813e+01
3.448188092358692813e+01
2.923636041600365232e+01
-2.102648146306386678e+01
-2.923636041600365232e+01
2.923636041600365232e+01
-3.383310013409773376e+01
2.977273110150954594e+01
3.383310013409773376e+01
-3.383310013409773376e+01
-3.432378675694050685e+01
-3.432378675694050685e+01
3.432378675694050685e+01
-3.432378675694050685e+01
3.321814732649581714e+01
-3.321814732649581714e+01
3.321814732649581714e+01
-2.626524551275886665e+01
-3.177743515286327636e+01
-3.177743515286327636e+01
3.177743515286327636e+01
3.177743515286327636e+01
-3.443059646922426964e+01
3.443059646922426964e+01
3.443059646922426964e+01
3.443059646922426964e+01
-2.433417206573612290e+01
-3.298665698363147669e+01
3.298665698363147669e+01
-3.298665698363147669e+01
3.304363626150678357e+01
2.453319405986509949e+01
-3.304363626150678357e+01
3.304363626150678357e+01
3.151713358971094436e+01
-3.151713358971095147e+01
3.151713358971095147e+01
3.151713358971095147e+01
-3.445915170477708500e+01
3.445915170477708500e+01
-3.445915170477708500e+01
3.445915170477708500e+01
3.420265119082296223e+01
3.365937492209818771e+01
-3.420265119082296223e+01
-3.420265119082296223e+01
3.409534847520387757e+01
-3.163102007602468291e+01
3.409534847520387757e+01
3.409534847520387757e+01
-3.061858316255714740e+01
-3.397840934580989369e+01
-3.397840934580989369e+01
3.397840934580989369e+01
-3.451365310124216990e+01
3.451365310124216990e+01
3.451365310124216990e+01
-3.451365310124216990e+01
3.383040406791679544e+01
3.383040406791679544e+01
3.383040406791679544e+01
-3.050308486885008818e+01
3.208439062699505939e+01
3.208439062699505939e+01
-3.208439062699505939e+01
-2.119655678854668324e+01
-3.393760506217664386e+01
3.031022064082850775e+01
-3.393760506217664386e+01
-3.393760506217664386e+01
-3.429398964542234296e+01
-3.429398964542234296e+01
3.429398964542234296e+01
3.429398964542234296e+01
-3.432250868308393166e+01
-3.432250868308393166e+01
3.432250868308393166e+01
-3.432250868308393166e+01
3.443060027744913754e+01
3.443060027744913754e+01
-3.443060027744913754e+01
3.443060027744913754e+01
3.356653718019173738e+01
2.860373735383885929e+01
3.356653718019173738e+01
-3.356653718019173738e+01
-3.431945111045604335e+01
-3.431945111045604335e+01
-3.431945111045604335e+01
3.431945111045604335e+01
3.439270564484348114e+01
3.439270564484348114e+01
3.439270564484348114e+01
-3.439270564484348114e+01
-3.425802704400387455e+01
3.332085375052324849e+01
-3.425802704400387455e+01
-3.425802704400387455e+01
3.440938576298665197e+01
3.440938576298665197e+01
-3.440938576298665197e+01
-3.440938576298665197e+01
2.879615600157620747e+01
-3.354463108065615273e+01
-3.354463108065615273e+01
3.354463108065615273e+01
3.423706734061924095e+01
-3.377567831182447122e+01
3.423706734061924095e+01
-3.423706734061924095e+01
-3.174890946210971165e+01
-3.402857106534803222e+01
-3.402857106534803222e+01
3.402857106534803222e+01
-3.452847377931771433e+01
3.452847377931771433e+01
3.452847377931771433e+01
-3.452847377931771433e+01
3.418568120224084339e+01
-3.418568120224084339e+01
3.418568120224084339e+01
3.418568120224084339e+01
3.305847210079208054e+01
-3.305847210079208054e+01
-3.305847210079208054e+01
3.305847210079208054e+01
-2.453471224419935126e+01
-3.302419138959297840e+01
-3.302419138959297840e+01
3.302419138959297840e+01
3.361218346452838546e+01
3.361218346452838546e+01
3.361218346452838546e+01
-3.229951488398577197e+01
-3.318095688044287783e+01
-2.577426640327156804e+01
-3.318095688044287783e+01
-3.318095688044287783e+01
3.375089464562434216e+01
3.375089464562434216e+01
-3.375089464562434216e+01
-2.943364419664686338e+01
3.121665929730906441e+01
-3.377988880679608030e+01
3.334605829610789840e+01
-3.377988880679608030e+01
-3.431652167150465971e+01
-3.431652167150465971e+01
-3.431652167150465971e+01
3.431652167150465971e+01
-3.206539686538253164e+01
-3.206539686538253164e+01
3.206539686538253164e+01
3.206539686538253164e+01
3.368575178247959201e+01
2.840749218885231642e+01
-3.368575178247959201e+01
-3.368575178247959201e+01
3.406841012535220159e+01
-3.406841012535220159e+01
-3.406841012535220159e+01
3.406841012535220159e+01
-3.259737582410436119e+01
2.491917154936592382e+01
3.087899651496760001e+01
-3.259737582410436119e+01
3.366240436343827724e+01
3.366240436343827724e+01
-3.366240436343827724e+01
3.366240436343827724e+01
