#EsNodB,BLER,BER
0.0 1.0 0.281982421875
0.5 1.0 0.268876953125
1.0 1.0 0.257978515625
1.5 1.0 0.244296875
2.0 1.0 0.2305859375
2.5 1.0 0.215986328125
3.0 1.0 0.205673828125
3.5 1.0 0.1908984375
4.0 1.0 0.174453125
4.5 1.0 0.1590625
5.0 1.0 0.14283203125
5.5 1.0 0.119658203125
6.0 0.970873786407767 0.08737864077669903
6.5 0.746268656716418 0.04155492070895522
7.0 0.31545741324921134 0.00737504929022082
7.5 0.14771048744460857 0.001112156111521418
8.0 0.1422475106685633 0.00016391802987197725
8.5 0.10752688172043011 0.00010500672043010753
9.0 0.09823182711198428 9.592951866404715e-05
9.5 0.08936550491510277 8.727100089365505e-05
10.0 0.09174311926605505 8.959288990825689e-05
10.5 0.07692307692307693 7.512019230769231e-05
11.0 0.062111801242236024 6.065605590062112e-05
11.5 0.04107292539815591 4.011027870913663e-05
12.0 0.04526748971193416 4.42065329218107e-05
12.5 0.029512270891581236 2.88205770425598e-05
13.0 0.024039717794617194 2.3476286908805853e-05
13.5 0.015318146111547526 1.495912706205813e-05
14.0 0.013127550115309562 1.2819873159481994e-05
14.5 0.008119279598464719 7.928983982875702e-06
15.0 0.006323024054982818 6.174828178694158e-06
15.5 0.0035460992907801418 3.462987588652482e-06
16.0 0.002374222724703222 2.31857687959299e-06
16.5 0.0011611949751926527 1.133979467961575e-06
17.0 0.0016380910778639292 1.5996983182264934e-06
17.5 0.00010008006405124099 9.773443755004003e-08
18.0 0.00020308692120227456 1.9832707148659625e-07
18.5 0.00010060362173038229 9.824572434607646e-08
19.0 0.0 0.0
19.5 0.0 0.0
20.0 0.0 0.0
20.5 0.0 0.0
21.0 0.0 0.0
21.5 0.0 0.0
22.0 0.0 0.0
22.5 0.0 0.0
23.0 0.0 0.0
23.5 0.0 0.0
24.0 0.0 0.0
24.5 0.0 0.0
