#EsNodB,BLER,BER
0.0 1.0 0.2826953125
0.5 1.0 0.269775390625
1.0 1.0 0.258076171875
1.5 1.0 0.245556640625
2.0 1.0 0.230419921875
2.5 1.0 0.21736328125
3.0 1.0 0.2045703125
3.5 1.0 0.19072265625
4.0 1.0 0.17556640625
4.5 1.0 0.15951171875
5.0 1.0 0.143427734375
5.5 1.0 0.12044921875
6.0 0.9615384615384616 0.09403170072115384
6.5 0.7633587786259542 0.05461295324427481
7.0 0.2849002849002849 0.013616230413105413
7.5 0.05428881650380022 0.0018529239617263843
8.0 0.0019030560841822456 5.564427543938207e-05
8.5 0.00030568575504381494 8.557609027919299e-06
9.0 0.00020157226365652087 1.9684791372707116e-07
9.5 0.00020171457387796267 5.909606656580937e-07
10.0 0.0 0.0
10.5 0.0 0.0
11.0 0.0 0.0
11.5 0.0 0.0
12.0 0.0 0.0
12.5 0.0 0.0
13.0 0.0 0.0
13.5 0.0 0.0
14.0 0.0 0.0
14.5 0.0 0.0
15.0 0.0 0.0
15.5 0.0 0.0
16.0 0.0 0.0
16.5 0.0 0.0
17.0 0.0 0.0
17.5 0.0 0.0
18.0 0.0 0.0
18.5 0.0 0.0
19.0 0.0 0.0
19.5 0.0 0.0
20.0 0.0 0.0
20.5 0.0 0.0
21.0 0.0 0.0
21.5 0.0 0.0
22.0 0.0 0.0
22.5 0.0 0.0
23.0 0.0 0.0
23.5 0.0 0.0
24.0 0.0 0.0
24.5 0.0 0.0
