#EsNodB,BLER,BER
0.0 1.0 0.13412109375
0.5 0.9803921568627451 0.10802504595588236
1.0 0.8620689655172413 0.06914230872844827
1.5 0.43859649122807015 0.02255516721491228
2.0 0.05307855626326964 0.001875373208598726
2.5 0.0025712688652878703 7.15090483510341e-05
3.0 0.0005125576627370579 3.8041389031266017e-06
3.5 0.0003039821663795724 2.9685758435505117e-07
4.0 0.0002010454362685967 1.9633343385605146e-07
4.5 0.0005106209150326798 4.986532373366013e-07
5.0 0.0003037052034824863 2.9658711277586555e-07
5.5 0.00010071507704703394 3.9341826971497633e-07
6.0 0.00030674846625766873 2.995590490797546e-07
6.5 0.00030416708912095713 2.970381729696847e-07
7.0 0.0003053435114503817 2.9818702290076337e-07
7.5 0.00020298386278290876 1.9822642849893434e-07
8.0 0.0 0.0
8.5 0.0 0.0
9.0 0.0 0.0
9.5 0.0 0.0
10.0 0.0 0.0
10.5 0.0 0.0
11.0 0.0 0.0
11.5 0.0 0.0
12.0 0.0 0.0
12.5 0.0 0.0
13.0 0.0 0.0
13.5 0.0 0.0
14.0 0.0 0.0
14.5 0.0 0.0
15.0 0.0 0.0
15.5 0.0 0.0
16.0 0.0 0.0
16.5 0.0 0.0
17.0 0.0 0.0
17.5 0.0 0.0
18.0 0.0 0.0
18.5 0.0 0.0
19.0 0.0 0.0
19.5 0.0 0.0
20.0 0.0 0.0
20.5 0.0 0.0
21.0 0.0 0.0
21.5 0.0 0.0
22.0 0.0 0.0
22.5 0.0 0.0
23.0 0.0 0.0
23.5 0.0 0.0
24.0 0.0 0.0
24.5 0.0 0.0
