#EsNodB,BLER,BER
0.0 1.0 0.221328125
0.5 1.0 0.207294921875
1.0 1.0 0.201171875
1.5 1.0 0.187490234375
2.0 1.0 0.17853515625
2.5 1.0 0.1635546875
3.0 1.0 0.14908203125
3.5 1.0 0.13220703125
4.0 1.0 0.114072265625
4.5 0.9803921568627451 0.09242876838235294
5.0 0.7407407407407407 0.048111979166666666
5.5 0.45248868778280543 0.023384473981900453
6.0 0.11086474501108648 0.004228883730598669
6.5 0.031756318859364877 0.0013426943251782242
7.0 0.004000484907261486 0.0001243048399806037
7.5 0.0006240249609984399 1.6453783151326053e-05
8.0 0.0 0.0
8.5 0.0 0.0
9.0 0.0 0.0
9.5 0.0 0.0
