#EsNodB,BLER,BER
0.0 1.0 0.134892578125
0.5 1.0 0.11291015625
1.0 0.8771929824561403 0.06751130756578948
1.5 0.38910505836575876 0.02162116974708171
2.0 0.05055611729019211 0.0018366089484327603
2.5 0.003703703703703704 0.0001033732825567503
3.0 0.00010045203415369161 3.139126067302863e-06
3.5 0.00010017028949213663 9.782254833216468e-08
4.0 0.0005173841059602649 5.052579159768212e-07
4.5 0.000201450443190975 1.9672894842868654e-07
5.0 0.00020134903855834087 2.9494488070069465e-07
5.5 0.00040987806127677014 4.0027154421559584e-07
6.0 0.00030361299463617044 2.964970650743852e-07
6.5 0.00020193861066235866 1.9720567447495962e-07
7.0 0.0006172839506172839 6.028163580246913e-07
7.5 0.000407705636530425 3.9815003567424317e-07
8.0 0.00020120724346076458 1.964914486921529e-07
8.5 0.00010098969905069682 9.862275297919612e-08
9.0 0.0 0.0
9.5 0.0 0.0
