#construction=<polar_code.polar_construction.Improved_GA object at 0x14ac2015d6a0>
#EsNodB,BLER,BER
18.0 0.5995203836930456 0.09677485284499673
18.5 0.484027105517909 0.06879968611575582
19.0 0.37202380952380953 0.04318012716450217
19.5 0.2505637684790779 0.024162794317517444
20.0 0.14386419220256078 0.0120900415462349
20.5 0.06883733737179046 0.004860593961922522
21.0 0.025988201356584112 0.0014531735925223282
21.5 0.008878378242962934 0.0004659265892518726
22.0 0.00286 0.00012602272727272728
22.5 0.00099 4.9166666666666665e-05
23.0 0.00025 1.1837121212121212e-05
23.5 0.00011 3.484848484848485e-06
24.0 0.0 0.0
24.5 0.0 0.0
