#EsNodB,BLER,BER
0.0 1.0 0.49833333333333335
0.5 1.0 0.5002272727272727
1.0 1.0 0.4931060606060606
1.5 1.0 0.49462121212121213
2.0 1.0 0.49890151515151515
2.5 1.0 0.4893939393939394
3.0 1.0 0.4853598484848485
3.5 1.0 0.47731060606060605
4.0 1.0 0.4660037878787879
4.5 1.0 0.4597537878787879
5.0 1.0 0.43808712121212123
5.5 1.0 0.41678030303030306
6.0 1.0 0.38553030303030306
6.5 0.86 0.3076515151515152
7.0 0.67 0.22178030303030302
7.5 0.37 0.10920454545454546
8.0 0.12 0.03018939393939394
8.5 0.01 0.004166666666666667
