7.317379034183246755e-02 1.000000000000000000e+00 4.955664062499999800e-01
8.506106997487941634e-02 1.000000000000000000e+00 5.002539062499999911e-01
9.842530538396929152e-02 1.000000000000000000e+00 4.974023437499999756e-01
1.133324406843813220e-01 1.000000000000000000e+00 5.012109375000000089e-01
1.298358849174233443e-01 1.000000000000000000e+00 5.008789062499999778e-01
1.479594227867730427e-01 1.000000000000000000e+00 4.941601562499999822e-01
1.677128697505671506e-01 1.000000000000000000e+00 5.008398437500000133e-01
1.890550400222916483e-01 1.000000000000000000e+00 4.981249999999999845e-01
2.119032348629953377e-01 1.000000000000000000e+00 5.008203125000000311e-01
2.361500178831721641e-01 1.000000000000000000e+00 4.998242187499999933e-01
2.616576101030907986e-01 1.000000000000000000e+00 4.935546874999999778e-01
2.882065889250809421e-01 1.000000000000000000e+00 4.905468749999999933e-01
3.156311728752034251e-01 1.000000000000000000e+00 4.950976562500000178e-01
3.436693033088089599e-01 1.000000000000000000e+00 4.958203125000000266e-01
3.721045385089244983e-01 1.000000000000000000e+00 4.887890624999999822e-01
4.007217285923880823e-01 1.000000000000000000e+00 4.931640625000000000e-01
4.292637320371142651e-01 1.000000000000000000e+00 4.910742187500000133e-01
4.575425701750670537e-01 1.000000000000000000e+00 4.890429687499999734e-01
4.853620126853946948e-01 1.000000000000000000e+00 4.873242187499999822e-01
5.125386805049267913e-01 1.000000000000000000e+00 4.841796875000000111e-01
5.389475218435418880e-01 1.000000000000000000e+00 4.797460937499999911e-01
5.645094099440596258e-01 1.000000000000000000e+00 4.823046874999999956e-01
5.891121212497884008e-01 1.000000000000000000e+00 4.690820312499999756e-01
6.127119108613285903e-01 1.000000000000000000e+00 4.736718750000000200e-01
6.353042299519928715e-01 1.000000000000000000e+00 4.668554687500000022e-01
6.568551114406890878e-01 1.000000000000000000e+00 4.569335937499999778e-01
6.773875534476837545e-01 1.000000000000000000e+00 4.514843749999999933e-01
6.969311051012182512e-01 1.000000000000000000e+00 4.327539062499999867e-01
7.155204391561016397e-01 1.000000000000000000e+00 3.881054687500000155e-01
7.332050593630433655e-01 9.174311926605505096e-01 3.615789850917431325e-01
7.500249987195369838e-01 7.407407407407406996e-01 2.589554398148148362e-01
7.660313478240556861e-01 5.154639175257731409e-01 1.648880476804123751e-01
7.812914922398975781e-01 2.770083102493074989e-01 7.765430228531855494e-02
7.958370111012001979e-01 1.400560224089635875e-01 4.015121673669468094e-02
8.097472678720807338e-01 6.896551724137930939e-02 2.170123922413793108e-02
8.230518677014304618e-01 2.335902826442419825e-02 7.441584180098107654e-03
8.358228962465659162e-01 3.031818465962368009e-03 7.703470767956491607e-04
8.480972822800242339e-01 7.822611614444807465e-04 1.580356444409677398e-04
8.599273498206193578e-01 1.168050629685475758e-04 2.273053071973155995e-05
8.713852686403584791e-01 2.014849440375567833e-05 3.581080060042513419e-06
