#EsNodB,BLER,BER
0.0 0.9354536950420954 0.2813182101652635
0.5 0.8703220191470844 0.24343027753602167
1.0 0.7993605115907274 0.18332001065814016
1.5 0.7107320540156361 0.14059168443496803
2.0 0.5701254275940707 0.0960780121626758
2.5 0.41823504809703055 0.058494818532459684
3.0 0.31918289179699966 0.039024541617902614
3.5 0.19000570017100513 0.02024616294044377
4.0 0.1142334932602239 0.00999305079582667
4.5 0.05341309689135776 0.004716302270650096
5.0 0.019366333565729338 0.0015926119589261584
5.5 0.00548 0.00043479166666666666
6.0 0.00092 8.284722222222222e-05
6.5 0.00015 1.326388888888889e-05
7.0 3e-05 9.722222222222222e-07
7.5 0.0 0.0
8.0 0.0 0.0
8.5 0.0 0.0
9.0 0.0 0.0
9.5 0.0 0.0
