#EsNodB,BLER,BER
13.0 0.9398496240601504 0.3877551020408163
13.5 0.9689922480620154 0.38958871662360034
14.0 0.9285051067780873 0.3632002476013618
14.5 0.9337068160597572 0.35540276716747304
15.0 0.8944543828264758 0.3248089120182143
15.5 0.9115770282588879 0.322347661454316
16.0 0.8904719501335708 0.31516770555060847
16.5 0.8347245409015025 0.2753808430717863
17.0 0.7147962830593281 0.2231951393852752
17.5 0.6680026720106881 0.19797001410227863
18.0 0.6002400960384153 0.18058223289315725
18.5 0.5285412262156448 0.14656207956947914
19.0 0.39032006245121 0.10168686148728914
19.5 0.37579857196542654 0.09936258780678171
