#EsNodB,BLER,BER
0.0 0.9871668311944719 0.42938329494351213
0.5 0.966183574879227 0.39846349973161566
1.0 0.922509225092251 0.34066215662156624
1.5 0.8680555555555556 0.2815453800154321
2.0 0.7267441860465116 0.2038719315245478
2.5 0.564652738565782 0.13488534412447456
3.0 0.46860356138706655 0.08821462043111528
3.5 0.31240237425804435 0.04909707035995696
4.0 0.2028397565922921 0.026711460446247465
4.5 0.1159151501101194 0.011550461728681271
5.0 0.053370336766825 0.003912712814217858
5.5 0.019807471378203857 0.0011136200574856836
6.0 0.00513 0.00027395833333333336
6.5 0.00059 2.0763888888888887e-05
7.0 4e-05 1.5277777777777778e-06
7.5 1e-05 2.7777777777777776e-07
8.0 0.0 0.0
8.5 0.0 0.0
9.0 0.0 0.0
9.5 0.0 0.0
