#EsNodB,BLER,BER
14.0 0.7168458781362007 0.21007657217334635
14.5 0.5356186395286556 0.13333150736069857
15.0 0.2700513097488523 0.059517160533228586
15.5 0.1126887536623845 0.024594320486815417
16.0 0.12577034335303736 0.023439018533975144
16.5 0.09098353198071149 0.013293245437727287
17.0 0.05878549174063841 0.005318305623990181
17.5 0.018504742421424587 0.0014323422996939828
18.0 0.008812570873157299 0.0006477581582878846
18.5 0.00088 5.4696969696969694e-05
19.0 0.00041 1.4431818181818182e-05
19.5 4e-05 2.0454545454545453e-06
