#construction=<polar_code.polar_construction.Improved_GA object at 0x14958c1d38b0>
#EsNodB,BLER,BER
18.0 0.6020469596628537 0.11988374108331964
18.5 0.5091649694501018 0.0876699145220021
19.0 0.3677822728944465 0.05823010353628228
19.5 0.24563989191844757 0.0332851358090857
20.0 0.146177459435755 0.016567055587301167
20.5 0.06632619221330503 0.006198986616178365
21.0 0.024346301796757074 0.002040017204719936
21.5 0.00816 0.0005733333333333334
22.0 0.00295 0.00018443181818181818
22.5 0.00089 5.102272727272727e-05
23.0 0.00025 1.1363636363636363e-05
23.5 6e-05 4.734848484848485e-06
24.0 0.0 0.0
24.5 0.0 0.0
