#EsNodB,BLER,BER
0.0 1.0 0.5013671875
0.5 1.0 0.5004296875
1.0 1.0 0.50076171875
1.5 1.0 0.50013671875
2.0 1.0 0.50169921875
2.5 1.0 0.4996484375
3.0 1.0 0.50408203125
3.5 1.0 0.49775390625
4.0 1.0 0.50359375
4.5 1.0 0.50009765625
5.0 1.0 0.50080078125
5.5 1.0 0.50021484375
6.0 1.0 0.49830078125
6.5 1.0 0.5002734375
7.0 1.0 0.498671875
7.5 1.0 0.5032421875
8.0 1.0 0.49822265625
8.5 1.0 0.5002734375
9.0 1.0 0.49900390625
9.5 1.0 0.5004296875
10.0 1.0 0.5018359375
10.5 1.0 0.4979296875
11.0 1.0 0.50078125
11.5 1.0 0.49791015625
12.0 1.0 0.49638671875
12.5 1.0 0.49603515625
13.0 1.0 0.49205078125
13.5 1.0 0.49302734375
14.0 1.0 0.4923828125
14.5 1.0 0.49029296875
15.0 1.0 0.4926171875
15.5 1.0 0.48181640625
16.0 1.0 0.4807421875
16.5 1.0 0.47724609375
17.0 1.0 0.469140625
17.5 1.0 0.45583984375
18.0 0.9803921568627451 0.4069967830882353
18.5 0.8849557522123894 0.30940611172566373
19.0 0.6369426751592356 0.20033837579617833
19.5 0.3508771929824561 0.10828536184210526
20.0 0.15384615384615385 0.04665264423076923
20.5 0.055710306406685235 0.015702254526462397
21.0 0.00757002271006813 0.0026486208364875094
21.5 0.001405278456888752 0.00046005423797331894
22.0 0.00022305744844584722 8.416933406198767e-05
