#EsNodB,BLER,BER
4.0 1.0 0.459791015625
4.5 1.0 0.43130078125
5.0 0.998003992015968 0.39057432010978044
5.5 0.983284169124877 0.30456266900196655
6.0 0.9107468123861566 0.20931523224043716
6.5 0.7204610951008645 0.130424565471902
7.0 0.411522633744856 0.05409352494855967
7.5 0.17292062943109113 0.019440061386823446
8.0 0.060871682493304116 0.005702915753591429
8.5 0.014590233297830432 0.0013132064864529683
9.0 0.002672303445400832 0.00022880032448444586
9.5 0.00047588085546346285 4.086078957149684e-05
