#EsNodB,BLER,BER
0.0 0.9930486593843099 0.43208650557210637
0.5 0.9852216748768473 0.4090585659551177
1.0 0.9596928982725528 0.3742735657922798
1.5 0.9074410163339383 0.3357090643274854
2.0 0.8368200836820083 0.28959205020920503
2.5 0.7633587786259542 0.2409457167090755
3.0 0.6430868167202572 0.18676759556984637
3.5 0.5339028296849974 0.14714213679776947
4.0 0.4161464835622139 0.10601620659360984
4.5 0.2949852507374631 0.06716855129465749
5.0 0.1986491855383393 0.044127709354169424
5.5 0.1165093790050099 0.02361094929252916
6.0 0.061648480364959006 0.012441862058100267
6.5 0.02654491399447866 0.005061045928600081
7.0 0.009020205259781911 0.0016287873726035208
7.5 0.00274 0.00046319444444444446
8.0 0.00037 6.423611111111112e-05
8.5 0.00011 1.7222222222222224e-05
9.0 0.0 0.0
9.5 0.0 0.0
