#EsNodB,BLER,BER
0.0 1.0 0.465625
0.5 0.998003992015968 0.4482354734974495
1.0 1.0 0.4303680555555556
1.5 0.9970089730807578 0.3926553672316384
2.0 0.9881422924901185 0.3482927097057532
2.5 0.9746588693957114 0.31237816764132553
3.0 0.942507068803016 0.2692363074667504
3.5 0.8710801393728222 0.22356513743708867
4.0 0.7886435331230284 0.18123466526463372
4.5 0.6653359946773121 0.1412221852591114
5.0 0.5279831045406547 0.1072135691657867
5.5 0.3844675124951942 0.07158571489598017
6.0 0.24777006937561943 0.045242126417795396
6.5 0.15554518587649713 0.027480729679749745
7.0 0.07942180922881423 0.013538109231461625
7.5 0.03937938095613137 0.0066655071626718475
8.0 0.016124871001031993 0.002595656318082789
8.5 0.00538 0.0008416666666666667
9.0 0.00136 0.00020916666666666666
9.5 0.00033 4.819444444444444e-05
