#EsNodB,BLER,BER
5.0 1.0 0.43899621212121215
5.5 1.0 0.42134469696969695
6.0 0.970873786407767 0.3694468961459253
6.5 0.9433962264150944 0.3379073756432247
7.0 0.7407407407407407 0.2196969696969697
7.5 0.36764705882352944 0.09202317290552585
8.0 0.1201923076923077 0.027466673951048952
8.5 0.013662171753016324 0.0026769200163451407
9.0 0.0012648887951934226 0.00022279291278975058
9.5 0.00010056315366049879 1.5998683536897536e-05
10.0 0.0 0.0
10.5 0.0 0.0
11.0 0.0 0.0
11.5 0.0 0.0
12.0 0.0 0.0
12.5 0.0 0.0
13.0 0.0 0.0
13.5 0.0 0.0
14.0 0.0 0.0
14.5 0.0 0.0
