#EsNodB,BLER,BER
10.0 1.0 0.49634469696969696
10.5 1.0 0.4975568181818182
11.0 1.0 0.48829545454545453
11.5 1.0 0.48551136363636366
12.0 1.0 0.46352272727272725
12.5 1.0 0.45615530303030305
13.0 1.0 0.4198295454545454
13.5 0.9433962264150944 0.34559033733562033
14.0 0.8403361344537815 0.2511618283677107
14.5 0.6622516556291391 0.1548891230182621
15.0 0.38022813688212925 0.06904597303836847
15.5 0.16366612111292964 0.030340227148737787
16.0 0.05917159763313609 0.009790209790209791
16.5 0.015645617342130064 0.002171336360780282
17.0 0.0036660359508041626 0.0005133525414982369
17.5 0.000936816904340585 0.00010961073207351962
18.0 0.00010070493454179255 6.103329366169245e-06
18.5 0.0 0.0
19.0 0.0 0.0
19.5 0.0 0.0
