2.610116121053004858e-04 1.000000000000000000e+00 4.983789062499999756e-01
3.068838038602665283e-04 1.000000000000000000e+00 5.013867187499999600e-01
3.616991135391935575e-04 1.000000000000000000e+00 4.986523437500000044e-01
4.277986534015749379e-04 1.000000000000000000e+00 5.028124999999999956e-01
5.049871997963449773e-04 1.000000000000000000e+00 4.988085937499999734e-01
5.980152660569976403e-04 1.000000000000000000e+00 4.976367187499999845e-01
7.092769268602861161e-04 1.000000000000000000e+00 4.953906249999999734e-01
8.416347304644707702e-04 1.000000000000000000e+00 5.001171875000000044e-01
1.001106028977410186e-03 1.000000000000000000e+00 5.006640624999999512e-01
1.190889567745109269e-03 1.000000000000000000e+00 5.005664062500000400e-01
1.418956311430267288e-03 1.000000000000000000e+00 4.961328125000000200e-01
1.693315539083361859e-03 1.000000000000000000e+00 5.031835937499999911e-01
2.024619135444698497e-03 1.000000000000000000e+00 4.985156250000000178e-01
2.427833072792122057e-03 1.000000000000000000e+00 4.981054687500000022e-01
2.928456545809185463e-03 1.000000000000000000e+00 5.010742187500000222e-01
3.566772708349507260e-03 1.000000000000000000e+00 5.006640624999999512e-01
4.397487454208147059e-03 1.000000000000000000e+00 4.983593749999999933e-01
5.517551420804036461e-03 1.000000000000000000e+00 5.003515625000000133e-01
7.060232219279665225e-03 1.000000000000000000e+00 4.992773437499999911e-01
9.214064668918246423e-03 1.000000000000000000e+00 5.005664062500000400e-01
1.222455715423939257e-02 1.000000000000000000e+00 5.017382812499999734e-01
1.639064505926981011e-02 1.000000000000000000e+00 4.987109375000000067e-01
2.205021224393217266e-02 1.000000000000000000e+00 5.027343749999999556e-01
2.956604894869275732e-02 1.000000000000000000e+00 4.995703125000000022e-01
3.926954337465819039e-02 1.000000000000000000e+00 4.975585937500000000e-01
5.148260318103782540e-02 1.000000000000000000e+00 5.011914062500000266e-01
6.645035232124835156e-02 1.000000000000000000e+00 4.966015624999999822e-01
8.433337117226448465e-02 1.000000000000000000e+00 5.005468749999999467e-01
1.052404084593025063e-01 1.000000000000000000e+00 4.983789062499999756e-01
1.291584554172056643e-01 1.000000000000000000e+00 4.976953124999999867e-01
1.560197664125951289e-01 1.000000000000000000e+00 4.968945312499999933e-01
1.856731123878010981e-01 1.000000000000000000e+00 4.949218750000000111e-01
2.179257898152165973e-01 1.000000000000000000e+00 4.995312499999999822e-01
2.525132429833548686e-01 1.000000000000000000e+00 4.949218750000000111e-01
2.891703231378975336e-01 1.000000000000000000e+00 4.948437500000000266e-01
3.275453846623761489e-01 1.000000000000000000e+00 4.975781249999999822e-01
3.673000609804686345e-01 1.000000000000000000e+00 4.940625000000000155e-01
4.080663565379117896e-01 1.000000000000000000e+00 4.882031250000000155e-01
4.495423128700877236e-01 1.000000000000000000e+00 4.905859375000000133e-01
4.913805136673345397e-01 1.000000000000000000e+00 4.880664062499999734e-01
5.333281980523513210e-01 1.000000000000000000e+00 4.815625000000000044e-01
5.750877693930882550e-01 1.000000000000000000e+00 4.815234374999999845e-01
6.165280646532780295e-01 9.803921568627450567e-01 4.472081801470588203e-01
6.573691770209578733e-01 8.928571428571429047e-01 3.765171595982143016e-01
6.973338916639699736e-01 6.211180124223601995e-01 2.150742430124223670e-01
7.361319372340849876e-01 2.028397565922920864e-01 6.668356997971602862e-02
7.733307511657285804e-01 4.627487274409995688e-02 1.540447130957889842e-02
8.085284222343841476e-01 5.209703730989843733e-03 1.694017063095300821e-03
8.412441201051505946e-01 2.206385278997418482e-04 7.317269929175032974e-05
