#EsNodB,BLER,BER
0.0 1.0 0.4939557692307692
0.5 1.0 0.4921846153846154
1.0 1.0 0.49146346153846154
1.5 1.0 0.4881153846153846
2.0 1.0 0.4880596153846154
2.5 1.0 0.4881403846153846
3.0 1.0 0.48728269230769233
3.5 1.0 0.4837711538461538
4.0 1.0 0.48235961538461536
4.5 1.0 0.48007115384615384
5.0 1.0 0.47660192307692306
5.5 1.0 0.47696153846153844
6.0 1.0 0.4737519230769231
6.5 1.0 0.47370576923076924
7.0 1.0 0.4681230769230769
7.5 1.0 0.46605192307692306
8.0 1.0 0.46223846153846154
8.5 1.0 0.4587096153846154
9.0 1.0 0.4534673076923077
9.5 1.0 0.44395192307692305
10.0 1.0 0.4449923076923077
10.5 1.0 0.43595961538461536
11.0 1.0 0.42525
11.5 1.0 0.4138480769230769
12.0 1.0 0.4039865384615385
12.5 1.0 0.3882519230769231
13.0 1.0 0.37819423076923075
13.5 1.0 0.3595865384615385
14.0 1.0 0.3293846153846154
14.5 1.0 0.2951365384615385
15.0 1.0 0.266825
15.5 1.0 0.2299019230769231
16.0 0.9940357852882704 0.18843859917418565
16.5 0.9794319294809011 0.1475231673321781
17.0 0.9442870632672332 0.10039405825524805
17.5 0.8368200836820083 0.07037335049887351
18.0 0.7246376811594203 0.047685340022296546
18.5 0.5202913631633714 0.029656607700312174
19.0 0.30129557095510695 0.013663754142814101
19.5 0.1631055292774425 0.006416320590191084
20.0 0.07704753833115031 0.0026676228463731353
20.5 0.03482257896019779 0.0012982125302353738
21.0 0.011371777522544549 0.00038701220541629015
21.5 0.0021162005734903554 6.64405587746222e-05
22.0 0.0004894370673010999 1.5590845702135083e-05
22.5 0.0001 2.907692307692308e-06
23.0 1.9e-05 5.442307692307692e-07
