#EsNodB,BLER,BER
13.0 0.9910802775024777 0.3617623209298135
13.5 0.983284169124877 0.3390165354117615
14.0 0.9560229445506692 0.32066602931803695
14.5 0.9157509157509157 0.29461932148848036
15.0 0.8503401360544217 0.25604956268221574
15.5 0.7704160246533128 0.21848702145312315
16.0 0.6729475100942126 0.1813270007247127
16.5 0.5605381165919282 0.15425239602567484
17.0 0.474158368895211 0.1250801885476808
17.5 0.30312215822976657 0.08155516976371781
18.0 0.22747952684258416 0.05757989356715471
18.5 0.12501562695336918 0.03087177134255184
19.0 0.06783800284919612 0.014767838568165886
19.5 0.03916346831675413 0.008861868386011634
