#EsNodB,BLER,BER
0.0 1.0 0.3496388888888889
0.5 1.0 0.3177847222222222
1.0 1.0 0.2786388888888889
1.5 0.999000999000999 0.2590256965256965
2.0 0.999000999000999 0.23427960927960928
2.5 0.9970089730807578 0.2187257671430154
3.0 0.9861932938856016 0.20715538023230332
3.5 0.9354536950420954 0.18711672383328137
4.0 0.835421888053467 0.16532651072124757
4.5 0.5959475566150179 0.11345351609058403
5.0 0.3700962250185048 0.0701872070071552
5.5 0.16658337497917708 0.03124132378255317
6.0 0.05892404690354133 0.01057563883487518
6.5 0.014857074939085993 0.0025467502624749905
7.0 0.00251 0.0004002777777777778
7.5 0.00039 6.291666666666666e-05
8.0 5e-05 8.75e-06
8.5 2e-05 4.444444444444444e-06
9.0 0.0 0.0
9.5 0.0 0.0
