#EsNodB,BLER,BER
0.0 1.0 0.49798828125
0.5 1.0 0.49791015625
1.0 1.0 0.49861328125
1.5 1.0 0.50021484375
2.0 1.0 0.5007421875
2.5 1.0 0.49779296875
3.0 1.0 0.49955078125
3.5 1.0 0.49587890625
4.0 1.0 0.49708984375
4.5 1.0 0.494609375
5.0 1.0 0.49458984375
5.5 1.0 0.49212890625
6.0 1.0 0.48740234375
6.5 1.0 0.48744140625
7.0 1.0 0.486328125
7.5 1.0 0.47228515625
8.0 0.9803921568627451 0.43445542279411764
8.5 0.8849557522123894 0.3258089048672566
9.0 0.43103448275862066 0.13584321120689655
9.5 0.11098779134295228 0.03205639567147614
10.0 0.02106149957877001 0.0064073030749789385
10.5 0.0013589451647261909 0.00033216826358026957
11.0 0.00010566356720202873 3.318496407438715e-05
