#EsNodB,BLER,BER
0.0 1.0 0.4938837209302326
0.5 1.0 0.49173837209302323
1.0 1.0 0.4915581395348837
1.5 1.0 0.48765891472868217
2.0 1.0 0.4880697674418605
2.5 1.0 0.48509302325581394
3.0 1.0 0.48117248062015505
3.5 1.0 0.46944573643410853
4.0 1.0 0.4525406976744186
4.5 0.999000999000999 0.41194270845433634
5.0 0.9891196834817013 0.33498378303774756
5.5 0.8880994671403197 0.21972544645930578
6.0 0.6116207951070336 0.11248607258848352
6.5 0.28876696505919724 0.03898689803839929
7.0 0.07507507507507508 0.009854040086598227
7.5 0.016048015662863287 0.0015875406192070861
8.0 0.002632638930937983 0.00018741225939950567
8.5 0.00032300290702616324 1.8108690109993934e-05
9.0 5.5e-05 2.563953488372093e-06
