#EsNodB,BLER,BER
0.0 1.0 0.49931640625
0.5 1.0 0.499357421875
1.0 1.0 0.497369140625
1.5 1.0 0.497021484375
2.0 1.0 0.49733203125
2.5 1.0 0.498544921875
3.0 1.0 0.49701953125
3.5 1.0 0.498123046875
4.0 1.0 0.49439453125
4.5 1.0 0.495734375
5.0 1.0 0.494970703125
5.5 1.0 0.491052734375
6.0 1.0 0.488166015625
6.5 1.0 0.482181640625
7.0 0.999000999000999 0.4685958572677323
7.5 0.9920634920634921 0.4347330729166667
8.0 0.9389671361502347 0.3684932511737089
8.5 0.8012820512820513 0.264552972255609
9.0 0.5824111822947 0.16923708685206756
9.5 0.31318509238960224 0.07718544472283119
10.0 0.1498800959232614 0.03385270299385491
10.5 0.059024908511391805 0.012076934356923622
11.0 0.02234287374042049 0.00457361243771924
11.5 0.007641053854147564 0.0015253006038342808
12.0 0.00244579506683135 0.00047842999828794346
12.5 0.0006828346743447632 0.00013649823109608414
13.0 0.000183 3.37265625e-05
13.5 6.2e-05 9.9453125e-06
