#EsNodB,BLER,BER
0.0 1.0 0.492556640625
0.5 1.0 0.49255859375
1.0 1.0 0.492484375
1.5 1.0 0.49128125
2.0 1.0 0.489896484375
2.5 1.0 0.48710546875
3.0 1.0 0.487203125
3.5 1.0 0.485587890625
4.0 1.0 0.482685546875
4.5 1.0 0.4798671875
5.0 1.0 0.47809375
5.5 1.0 0.478046875
6.0 1.0 0.47434375
6.5 1.0 0.47212109375
7.0 1.0 0.469431640625
7.5 1.0 0.467470703125
8.0 1.0 0.462482421875
8.5 1.0 0.458359375
9.0 1.0 0.45641015625
9.5 1.0 0.4483671875
10.0 1.0 0.445302734375
10.5 1.0 0.435396484375
11.0 1.0 0.43175
11.5 1.0 0.4235234375
12.0 1.0 0.41223046875
12.5 1.0 0.40483984375
13.0 1.0 0.39098046875
13.5 1.0 0.37552734375
14.0 1.0 0.357251953125
14.5 1.0 0.33528515625
15.0 1.0 0.307458984375
15.5 1.0 0.2762265625
16.0 1.0 0.25051953125
16.5 0.999000999000999 0.21547983266733267
17.0 0.9920634920634921 0.17841641865079366
17.5 0.9813542688910697 0.1436706483071639
18.0 0.9416195856873822 0.10741267949623352
18.5 0.8561643835616438 0.07310172303082192
19.0 0.7158196134574087 0.04445491454903364
19.5 0.5668934240362812 0.029455206561791382
20.0 0.35473572188719404 0.017275352518623624
20.5 0.24242424242424243 0.009990056818181818
21.0 0.12493753123438281 0.004832544665167416
21.5 0.05454644629902362 0.0021789813792068946
22.0 0.018870772946859904 0.000735112434424064
22.5 0.007694616077130832 0.0002902162716122529
23.0 0.0020765129548218127 7.778479302424677e-05
23.5 0.0009161734270159111 3.818676618243496e-05
24.0 0.000103 4.537109375e-06
24.5 1.3e-05 3.7109375e-07
