#EsNodB,BLER,BER
0.0 1.0 0.4600568181818182
0.5 1.0 0.4624242424242424
1.0 1.0 0.45003787878787876
1.5 1.0 0.4512310606060606
2.0 1.0 0.45166666666666666
2.5 1.0 0.4428030303030303
3.0 1.0 0.4409848484848485
3.5 1.0 0.4303030303030303
4.0 1.0 0.42098484848484846
4.5 1.0 0.41178030303030305
5.0 1.0 0.4030681818181818
5.5 1.0 0.3928409090909091
6.0 1.0 0.38295454545454544
6.5 1.0 0.38886363636363636
7.0 1.0 0.3833712121212121
7.5 1.0 0.38333333333333336
8.0 1.0 0.3749621212121212
8.5 1.0 0.37231060606060606
9.0 1.0 0.3502272727272727
9.5 1.0 0.3348106060606061
