3.369174382744881679e-01 1.000000000000000000e+00 4.938671875000000266e-01
3.612876110429112941e-01 1.000000000000000000e+00 4.937304687499999845e-01
3.861583145606545253e-01 1.000000000000000000e+00 4.962109375000000044e-01
4.114029656598702789e-01 1.000000000000000000e+00 4.943359374999999889e-01
4.367940265675411826e-01 1.000000000000000000e+00 4.891992187499999978e-01
4.622339312962808200e-01 1.000000000000000000e+00 4.915429687499999756e-01
4.875064868845127575e-01 1.000000000000000000e+00 4.873828124999999845e-01
5.124750726630786790e-01 1.000000000000000000e+00 4.880664062499999734e-01
5.369844880556630118e-01 1.000000000000000000e+00 4.884179687499999867e-01
5.608995094939878134e-01 1.000000000000000000e+00 4.823242187499999778e-01
5.841077941563171949e-01 1.000000000000000000e+00 4.731250000000000178e-01
6.065261938160767530e-01 1.000000000000000000e+00 4.656835937500000133e-01
6.280596684553422238e-01 1.000000000000000000e+00 4.649414062500000222e-01
6.486980397264191511e-01 1.000000000000000000e+00 4.561914062499999867e-01
6.683817465298098615e-01 1.000000000000000000e+00 4.428320312499999800e-01
6.871351116029631445e-01 1.000000000000000000e+00 4.292187499999999822e-01
7.049227586303857818e-01 1.000000000000000000e+00 4.238476562499999822e-01
7.218038070746616297e-01 1.000000000000000000e+00 4.190039062500000022e-01
7.377828447392119626e-01 1.000000000000000000e+00 4.127539062500000244e-01
7.529448044101867410e-01 1.000000000000000000e+00 3.987109374999999734e-01
7.672666659516785836e-01 1.000000000000000000e+00 3.670312499999999756e-01
7.808243447929041903e-01 9.708737864077670032e-01 3.713781856796116720e-01
7.936579035428275031e-01 8.695652173913043237e-01 2.460088315217391353e-01
8.058263768279296801e-01 7.874015748031496509e-01 2.167046013779527491e-01
8.173529417176201850e-01 5.988023952095807845e-01 1.548348615269461159e-01
8.282560704153402176e-01 3.802281368821292529e-01 9.258406606463878696e-02
8.386021956689817536e-01 1.355013550135501232e-01 3.378006436314363176e-02
8.484271153134479437e-01 4.906771344455348322e-02 1.020934279931305123e-02
8.577418229552126183e-01 1.706193482340897377e-02 3.481701074901893955e-03
8.665877871431042490e-01 4.963518141658808044e-03 1.133756731771479653e-03
8.750008886767287608e-01 1.491994873658639316e-03 3.294000100422732032e-04
8.830112875598832289e-01 3.633763524047309377e-04 7.154429821476714850e-05
8.906375160164645699e-01 6.230723698557586907e-05 1.095244400137075924e-05
