#EsNodB,BLER,BER
12.0 1.0 0.49667578125
12.5 1.0 0.49460693359375
13.0 1.0 0.486388671875
13.5 1.0 0.470041015625
14.0 0.9970089730807578 0.4228734694354437
14.5 0.9505703422053232 0.32990221378921103
15.0 0.723589001447178 0.18293587757778582
15.5 0.3878975950349108 0.07224782110647789
16.0 0.1607200257152041 0.02784686332268563
16.5 0.046665733351999625 0.006513583921029913
17.0 0.011453386807076249 0.0014869853818615753
17.5 0.00233 0.000276923828125
18.0 0.00048 5.48876953125e-05
18.5 2e-05 2.7734375e-06
