#EsNodB,BLER,BER
0.0 1.0 0.4342361111111111
0.5 1.0 0.4436111111111111
1.0 1.0 0.4403472222222222
1.5 1.0 0.43416666666666665
2.0 1.0 0.42347222222222225
2.5 1.0 0.4165277777777778
3.0 1.0 0.4141666666666667
3.5 1.0 0.40208333333333335
4.0 1.0 0.39319444444444446
4.5 1.0 0.38555555555555554
5.0 1.0 0.3848611111111111
5.5 1.0 0.3770833333333333
6.0 1.0 0.37805555555555553
6.5 1.0 0.3670833333333333
7.0 1.0 0.34875
7.5 1.0 0.34541666666666665
8.0 1.0 0.32180555555555557
8.5 1.0 0.28055555555555556
9.0 0.9900990099009901 0.26375137513751373
9.5 0.9900990099009901 0.24064906490649066
10.0 0.9523809523809523 0.20026455026455026
10.5 0.8695652173913043 0.1498792270531401
11.0 0.5128205128205128 0.0712962962962963
11.5 0.3597122302158273 0.04861111111111111
12.0 0.1953125 0.025607638888888888
12.5 0.08396305625524769 0.011031812669092266
13.0 0.023915900131406046 0.0030661410424879547
13.5 0.007205209921019814 0.000962234230905424
14.0 0.0021231422505307855 0.0002762568133000584
14.5 0.0002014098690835851 2.2378874342620567e-05
15.0 0.0 0.0
15.5 0.0 0.0
16.0 0.0 0.0
16.5 0.0 0.0
17.0 0.0 0.0
17.5 0.0 0.0
18.0 0.0 0.0
18.5 0.0 0.0
19.0 0.0 0.0
19.5 0.0 0.0
