#EsNodB,BLER,BER
15.0 1.0 0.4309469696969697
15.5 1.0 0.429280303030303
16.0 1.0 0.41795454545454547
16.5 1.0 0.39609848484848487
17.0 0.9900990099009901 0.36757425742574257
17.5 0.9803921568627451 0.3465909090909091
18.0 0.9174311926605505 0.3010842368640534
18.5 0.5376344086021505 0.13892961876832843
19.0 0.2840909090909091 0.06680440771349862
19.5 0.1040582726326743 0.02305048402863179
20.0 0.02634498058790904 0.0055935814047294915
20.5 0.003041225501239018 0.0007014274304204469
21.0 0.0004066280370031514 0.00010165700925078785
21.5 0.0 0.0
22.0 0.0 0.0
22.5 0.0 0.0
23.0 0.0 0.0
23.5 0.0 0.0
24.0 0.0 0.0
24.5 0.0 0.0
