#EsNodB,BLER,BER
0.0 1.0 0.4892265625
0.5 1.0 0.48665234375
1.0 1.0 0.48147265625
1.5 1.0 0.47368359375
2.0 0.999000999000999 0.45504495504495507
2.5 0.9794319294809011 0.40536812867286975
3.0 0.8576329331046312 0.30976461996140653
3.5 0.60790273556231 0.18585438829787235
4.0 0.3563791874554526 0.09711959305951533
4.5 0.16339869281045752 0.038493157679738564
5.0 0.058699225170227756 0.012625377876262034
5.5 0.021045542554087044 0.0044512144593400116
6.0 0.0059868409236498174 0.0011737365333496974
6.5 0.001774416017797553 0.00033735400444938823
7.0 0.000453 8.3125e-05
7.5 0.000108 2.069140625e-05
8.0 3e-05 4.76171875e-06
