#EsNodB,BLER,BER
0.0 1.0 0.491359375
0.5 1.0 0.49110546875
1.0 1.0 0.49179296875
1.5 1.0 0.4887109375
2.0 1.0 0.487330078125
2.5 1.0 0.485025390625
3.0 1.0 0.4816640625
3.5 1.0 0.4709921875
4.0 1.0 0.46013671875
4.5 1.0 0.430119140625
5.0 1.0 0.3868125
5.5 0.9891196834817013 0.3089047817754698
6.0 0.9208103130755064 0.21827520718232044
6.5 0.7153075822603719 0.13033826224964234
7.0 0.4206983592763988 0.05512298853596971
7.5 0.18389113644722324 0.018876496988782642
8.0 0.06290495061961376 0.005920682754607788
8.5 0.01570055893989826 0.0013559824526628147
9.0 0.003171763690917972 0.00024246646652837777
9.5 0.0004890860791499304 3.9901553923490535e-05
10.0 6.1e-05 4.61328125e-06
