#EsNodB,BLER,BER
14.0 0.7412898443291327 0.2247315632230384
14.5 0.5027652086475616 0.12710628151804623
15.0 0.2630194634402946 0.05965859276616773
15.5 0.11921793037672866 0.025315746882270486
16.0 0.12556504269211452 0.024482329573992056
16.5 0.09428625306430323 0.012860609203481163
17.0 0.06264486625321054 0.005564952285493537
17.5 0.03287310979618672 0.0021396783416014185
18.0 0.008684221867861915 0.0005912081640435733
18.5 0.002811827687997198 0.00011983167846979324
19.0 0.00064 2.2784090909090908e-05
19.5 7e-05 2.481060606060606e-06
