3.783160133974675099e-01 1.000000000000000000e+00 4.921484374999999800e-01
4.063665977341257562e-01 1.000000000000000000e+00 4.888085937500000200e-01
4.350405252913169263e-01 1.000000000000000000e+00 4.840625000000000067e-01
4.639536821814744250e-01 9.900990099009900902e-01 4.633353960396039417e-01
4.931701817911641195e-01 1.000000000000000000e+00 4.566796874999999867e-01
5.220939222827675197e-01 9.345794392523364413e-01 3.744889018691588967e-01
5.506329581773165005e-01 7.751937984496124479e-01 2.519228439922480689e-01
5.786313401112239685e-01 4.854368932038835016e-01 1.405396692961164984e-01
6.056976952030227457e-01 2.475247524752475226e-01 6.312364634900989591e-02
6.316791049450722895e-01 1.001001001001001062e-01 2.148828516016015877e-02
6.564649263695834236e-01 3.396739130434782428e-02 6.004001783288043063e-03
6.799506165237116928e-01 9.885330170027678900e-03 1.921074906089363307e-03
7.020370647773707118e-01 2.269949362668063388e-03 4.505600039911197407e-04
7.227652556115679028e-01 6.686681222707423341e-04 1.207643200736899621e-04
7.421261002101666726e-01 1.267748478701825540e-04 2.826848007521974183e-05
7.602481525028882414e-01 3.081284279287607199e-05 5.456440911238470940e-06
