#EsNodB,BLER,BER
0.0 0.9541984732824428 0.3848666772688719
0.5 0.9115770282588879 0.32691431175934366
1.0 0.8019246190858059 0.2560200035641094
1.5 0.7132667617689016 0.19036792677127912
2.0 0.5714285714285714 0.12721031746031747
2.5 0.43122035360068994 0.07604151693737722
3.0 0.3082614056720099 0.04435110974106042
3.5 0.20296326364927947 0.021998962632208015
4.0 0.11978917105893627 0.009505769845072672
4.5 0.06943962224845497 0.004851611385011843
5.0 0.03133715646642224 0.0017877412525809631
5.5 0.012299064041226463 0.0005608031562131455
6.0 0.00339 0.00014701388888888888
6.5 0.00055 2.1458333333333334e-05
7.0 1e-05 8.333333333333333e-07
7.5 0.0 0.0
8.0 0.0 0.0
8.5 0.0 0.0
9.0 0.0 0.0
9.5 0.0 0.0
