#EsNodB,BLER,BER
0.0 1.0 0.499533203125
0.5 1.0 0.49973779296875
1.0 1.0 0.49961669921875
1.5 1.0 0.49928662109375
2.0 1.0 0.49919677734375
2.5 1.0 0.49983984375
3.0 1.0 0.49917333984375
3.5 1.0 0.49936962890625
4.0 1.0 0.49841015625
4.5 1.0 0.49673291015625
5.0 1.0 0.491685546875
5.5 1.0 0.47438623046875
6.0 0.9813542688910697 0.40780157476692835
6.5 0.7616146230007617 0.23802316379474486
7.0 0.28901734104046245 0.06745210327854047
7.5 0.056605909656968184 0.011104045199818861
8.0 0.006010050251256282 0.000997153737437186
8.5 0.00039 5.13525390625e-05
9.0 2e-05 1.9140625e-06
