#EsNodB,BLER,BER
0.0 0.6067961165048543 0.06058690668824164
0.5 0.45045045045045046 0.041012887887887886
1.0 0.2818489289740699 0.02476160278090943
1.5 0.15669069257286117 0.012810552247640935
2.0 0.07728572532653219 0.006392710238641145
2.5 0.030765444253015015 0.0024392297016435586
3.0 0.00864 0.0006377083333333333
3.5 0.00188 0.00015125
4.0 0.00033 2.6180555555555556e-05
4.5 2e-05 7.638888888888889e-07
5.0 0.0 0.0
5.5 0.0 0.0
6.0 0.0 0.0
6.5 0.0 0.0
7.0 0.0 0.0
7.5 0.0 0.0
8.0 0.0 0.0
8.5 0.0 0.0
9.0 0.0 0.0
9.5 0.0 0.0
