3.634579919037674300e-01 1.000000000000000000e+00 4.918164062500000044e-01
3.901546166501625446e-01 1.000000000000000000e+00 4.939453125000000111e-01
4.174574093158068266e-01 1.000000000000000000e+00 4.961914062500000222e-01
4.452087030057333417e-01 1.000000000000000000e+00 4.960742187500000178e-01
4.732188985732925235e-01 1.000000000000000000e+00 4.973828124999999933e-01
5.013097752200662560e-01 1.000000000000000000e+00 4.949414062499999933e-01
5.292761324386731081e-01 1.000000000000000000e+00 4.867382812500000155e-01
5.569975393999464508e-01 1.000000000000000000e+00 4.591796874999999889e-01
5.842865148997512525e-01 1.000000000000000000e+00 4.528710937500000089e-01
6.109897967420422349e-01 9.174311926605505096e-01 3.784045298165137350e-01
6.370782936893465420e-01 8.333333333333333703e-01 3.026041666666666741e-01
6.624132991739929421e-01 5.235602094240837667e-01 1.598801537958115249e-01
6.870159075259208992e-01 2.257336343115124155e-01 5.384540773137697772e-02
7.108248291831452681e-01 9.718172983479106408e-02 2.326287657920311086e-02
7.339217030516539397e-01 1.613423685059696758e-02 3.990072402387866840e-03
7.564075385858605172e-01 2.542068470061617427e-03 4.901296247685889241e-04
7.782762588187042141e-01 3.094343082424131264e-04 6.757683569038232393e-05
