#EsNodB,BLER,BER
0.0 1.0 0.4388888888888889
0.5 0.9345794392523364 0.39602803738317754
1.0 0.9433962264150944 0.37172431865828093
1.5 0.9345794392523364 0.33450155763239875
2.0 0.7936507936507936 0.23897707231040563
2.5 0.5649717514124294 0.16596045197740114
3.0 0.373134328358209 0.09273942786069651
3.5 0.23980815347721823 0.0476119104716227
4.0 0.08110300081103 0.016851401279625124
4.5 0.028469750889679714 0.0052721760906814285
5.0 0.00833976833976834 0.0017299442299442299
5.5 0.0017613386173491853 0.0003096103038309115
6.0 0.0007238134629304105 0.00010914647456887143
6.5 0.0003049710277523635 3.3179718297132144e-05
7.0 0.0 0.0
7.5 0.0 0.0
8.0 0.0 0.0
8.5 0.0 0.0
9.0 0.0 0.0
9.5 0.0 0.0
