#EsNodB,BLER,BER
0.0 1.0 0.49119615384615384
0.5 1.0 0.4928076923076923
1.0 1.0 0.4908711538461539
1.5 1.0 0.4901076923076923
2.0 1.0 0.4883269230769231
2.5 1.0 0.4866865384615385
3.0 1.0 0.48467307692307693
3.5 1.0 0.4848807692307692
4.0 1.0 0.4818076923076923
4.5 1.0 0.47967115384615383
5.0 1.0 0.4782442307692308
5.5 1.0 0.477025
6.0 1.0 0.47496923076923075
6.5 1.0 0.4724884615384615
7.0 1.0 0.4669153846153846
7.5 1.0 0.46497307692307693
8.0 1.0 0.4623269230769231
8.5 1.0 0.45514615384615387
9.0 1.0 0.45360576923076923
9.5 1.0 0.4478653846153846
10.0 1.0 0.44154615384615387
10.5 1.0 0.43703846153846154
11.0 1.0 0.42878653846153847
11.5 1.0 0.416025
12.0 1.0 0.4038230769230769
12.5 1.0 0.3891173076923077
13.0 1.0 0.3758961538461538
13.5 1.0 0.35952115384615385
14.0 0.999000999000999 0.33048682087143627
14.5 1.0 0.30120192307692306
15.0 1.0 0.2704
15.5 1.0 0.23024038461538462
16.0 0.998003992015968 0.1880604176262859
16.5 0.9881422924901185 0.14350486470051688
17.0 0.9442870632672332 0.10127478753541076
17.5 0.832639467110741 0.06836610516876962
18.0 0.7309941520467836 0.04699448942869996
18.5 0.5022601707684581 0.02624792334737086
19.0 0.3022061045633122 0.01419613176186159
19.5 0.1688048615800135 0.006849581883342856
20.0 0.07170000717000072 0.002393125623927947
20.5 0.03149507102138515 0.0011490249852821111
21.0 0.008923153799478887 0.0002990629315717655
21.5 0.0022183475085739133 7.053491866684823e-05
22.0 0.000392 1.1067307692307693e-05
22.5 5.5e-05 1.85e-06
