1.080403061387573693e-01 1.000000000000000000e+00 4.994726562499999800e-01
1.251454278834394918e-01 1.000000000000000000e+00 5.036914062499999734e-01
1.441987721534622457e-01 1.000000000000000000e+00 4.963085937500000266e-01
1.652642443104115899e-01 1.000000000000000000e+00 5.004101562499999600e-01
1.883465982460191257e-01 1.000000000000000000e+00 4.935937499999999978e-01
2.133418699358362036e-01 1.000000000000000000e+00 4.952929687500000067e-01
2.402589838613442275e-01 1.000000000000000000e+00 4.969531249999999956e-01
2.688794778107514993e-01 1.000000000000000000e+00 4.954296874999999933e-01
2.989878391010824532e-01 1.000000000000000000e+00 4.976562500000000222e-01
3.304355726191102738e-01 1.000000000000000000e+00 4.862109374999999956e-01
3.627511859588183341e-01 1.000000000000000000e+00 4.890039062500000089e-01
3.957233713122857433e-01 1.000000000000000000e+00 4.929882812499999933e-01
4.289874324764980096e-01 1.000000000000000000e+00 4.752929687499999889e-01
4.621216768483199511e-01 1.000000000000000000e+00 4.637109374999999756e-01
4.949469479979146658e-01 1.000000000000000000e+00 4.425000000000000044e-01
5.270948149889221890e-01 9.345794392523364413e-01 3.516172605140187035e-01
5.582366750754588214e-01 7.692307692307692735e-01 2.408653846153846201e-01
5.884203669949581439e-01 3.984063745019920111e-01 1.047217380478087656e-01
6.173697974958302082e-01 2.049180327868852514e-01 5.159772028688524442e-02
6.452160251854736073e-01 5.807200929152148833e-02 1.243330792682926893e-02
6.717872758623393281e-01 1.639881928501147820e-02 3.297379776156116830e-03
6.973247843958039205e-01 3.537176822375378248e-03 7.580173349013601602e-04
7.218527142505278826e-01 6.607292799427368340e-04 1.195044616432887813e-04
7.454459189186317669e-01 1.604672807214608816e-04 3.309637664880130971e-05
7.682532774611826598e-01 2.014362403940092716e-05 4.957219978446321984e-06
