#EsNodB,BLER,BER
0.0 1.0 0.499791015625
0.5 1.0 0.49939501953125
1.0 1.0 0.49956005859375
1.5 1.0 0.50018994140625
2.0 1.0 0.50085888671875
2.5 1.0 0.49999609375
3.0 1.0 0.5001220703125
3.5 1.0 0.50009521484375
4.0 1.0 0.500501953125
4.5 1.0 0.49993505859375
5.0 1.0 0.5000634765625
5.5 1.0 0.4996025390625
6.0 1.0 0.49986279296875
6.5 1.0 0.49995703125
7.0 1.0 0.49954736328125
7.5 1.0 0.5001728515625
8.0 1.0 0.4997607421875
8.5 1.0 0.49996826171875
9.0 1.0 0.49971044921875
9.5 1.0 0.50038720703125
