#EsNodB,BLER,BER
0.0 0.5963029218843172 0.059203769959583916
0.5 0.43649061545176776 0.039323560793442944
1.0 0.27442371020856204 0.023815785461641665
1.5 0.16147263038914905 0.01362425318908445
2.0 0.07685804319422028 0.006361604283554941
2.5 0.028992230082337932 0.0022700513484608348
3.0 0.00876 0.000685
3.5 0.00215 0.0001675
4.0 0.00036 2.604166666666667e-05
4.5 5e-05 2.152777777777778e-06
5.0 0.0 0.0
5.5 0.0 0.0
6.0 0.0 0.0
6.5 0.0 0.0
7.0 0.0 0.0
7.5 0.0 0.0
8.0 0.0 0.0
8.5 0.0 0.0
9.0 0.0 0.0
9.5 0.0 0.0
