#EsNodB,BLER,BER
0.0 1.0 0.3409027777777778
0.5 1.0 0.31650694444444444
1.0 1.0 0.2836458333333333
1.5 1.0 0.25581944444444443
2.0 1.0 0.2313888888888889
2.5 1.0 0.21734027777777779
3.0 0.9823182711198428 0.20479971621916612
3.5 0.9216589861751152 0.18573348694316436
4.0 0.7874015748031497 0.15350503062117235
4.5 0.5995203836930456 0.11482064348521183
5.0 0.36643459142543056 0.06735525833638696
5.5 0.17301038062283736 0.03168973471741638
6.0 0.05499340079190497 0.009723138778902088
6.5 0.01565484204264379 0.0027185068063774348
7.0 0.00266 0.00044972222222222223
7.5 0.00045 6.638888888888889e-05
8.0 4e-05 5.833333333333333e-06
8.5 1e-05 8.333333333333333e-07
9.0 0.0 0.0
9.5 0.0 0.0
