#EsNodB,BLER,BER
14.0 0.8764241893076249 0.11860378884918762
14.5 0.7369196757553427 0.07384076866390794
15.0 0.5053057099545225 0.04228922921444397
15.5 0.3003003003003003 0.020134557634557633
16.0 0.15701051970482022 0.00933216179330169
16.5 0.05965163445478406 0.0031345786759172586
17.0 0.01648750247312537 0.0008277994510929946
17.5 0.007879661804915334 0.0003719351903877824
18.0 0.00159699511478707 6.891173262160263e-05
18.5 0.000291 1.2596153846153847e-05
19.0 9.6e-05 3.9307692307692305e-06
