#EsNodB,BLER,BER
0.0 1.0 0.4602205882352941
0.5 1.0 0.44841911764705883
1.0 1.0 0.4455882352941177
1.5 1.0 0.4410661764705882
2.0 1.0 0.43356617647058826
2.5 1.0 0.43316176470588236
3.0 1.0 0.42823529411764705
3.5 1.0 0.42323529411764704
4.0 1.0 0.40816176470588234
4.5 1.0 0.39088235294117646
5.0 1.0 0.38566176470588237
5.5 1.0 0.38132352941176473
6.0 1.0 0.3841176470588235
6.5 1.0 0.37588235294117645
7.0 1.0 0.36926470588235294
7.5 1.0 0.36867647058823527
8.0 1.0 0.3672794117647059
8.5 1.0 0.34602941176470586
9.0 1.0 0.3306617647058824
9.5 1.0 0.3148529411764706
