#EsNodB,BLER,BER
0.0 1.0 0.49992578125
0.5 1.0 0.5002734375
1.0 1.0 0.49924609375
1.5 1.0 0.50068359375
2.0 1.0 0.498869140625
2.5 1.0 0.499294921875
3.0 1.0 0.49973828125
3.5 1.0 0.49927734375
4.0 1.0 0.50030078125
4.5 1.0 0.500681640625
5.0 1.0 0.50055859375
5.5 1.0 0.500755859375
6.0 1.0 0.499478515625
6.5 1.0 0.49977734375
7.0 1.0 0.50094140625
7.5 1.0 0.500892578125
8.0 1.0 0.50000390625
8.5 1.0 0.500955078125
9.0 1.0 0.499849609375
9.5 1.0 0.499103515625
10.0 1.0 0.500482421875
10.5 1.0 0.501423828125
11.0 1.0 0.501328125
11.5 1.0 0.499265625
12.0 1.0 0.499958984375
12.5 1.0 0.499046875
13.0 1.0 0.498265625
13.5 1.0 0.499693359375
14.0 1.0 0.4997265625
14.5 1.0 0.499724609375
15.0 1.0 0.499861328125
15.5 1.0 0.498798828125
16.0 1.0 0.4989453125
16.5 1.0 0.498548828125
17.0 1.0 0.499140625
17.5 1.0 0.499328125
18.0 1.0 0.497193359375
18.5 1.0 0.498732421875
19.0 1.0 0.49955859375
19.5 1.0 0.499154296875
20.0 1.0 0.4983671875
20.5 1.0 0.49794140625
21.0 1.0 0.498419921875
21.5 1.0 0.49674609375
22.0 1.0 0.4952421875
22.5 1.0 0.494541015625
23.0 1.0 0.493255859375
23.5 1.0 0.488919921875
24.0 1.0 0.480962890625
24.5 0.999000999000999 0.47094702172827174
25.0 0.9960159362549801 0.4485048088894422
25.5 0.9569377990430622 0.39369766746411483
26.0 0.8665511265164645 0.31024899805025996
26.5 0.6527415143603134 0.1988069618962141
27.0 0.3735524841240194 0.09897754599364961
27.5 0.19149751053236308 0.04574808203274607
28.0 0.07400828892835998 0.015853674048993488
28.5 0.027925160569673275 0.005608266720189891
29.0 0.009511218482199754 0.001825782416610392
29.5 0.0027398611438372304 0.0005814124480796314
