#EsNodB,BLER,BER
0.0 1.0 0.4984140625
0.5 1.0 0.5017109375
1.0 1.0 0.49945703125
1.5 1.0 0.499896484375
2.0 1.0 0.4990859375
2.5 1.0 0.499484375
3.0 1.0 0.500685546875
3.5 1.0 0.499361328125
4.0 1.0 0.4996171875
4.5 1.0 0.50022265625
5.0 1.0 0.49867578125
5.5 1.0 0.499376953125
6.0 1.0 0.497970703125
6.5 1.0 0.498021484375
7.0 1.0 0.4978046875
7.5 1.0 0.49984375
8.0 1.0 0.497939453125
8.5 1.0 0.497095703125
9.0 1.0 0.49634765625
9.5 1.0 0.49575
10.0 1.0 0.495734375
10.5 1.0 0.493041015625
11.0 1.0 0.4916171875
11.5 1.0 0.488751953125
12.0 1.0 0.48266015625
12.5 1.0 0.4734296875
13.0 0.998003992015968 0.4573684661926148
13.5 0.9784735812133072 0.41797448324363995
14.0 0.9057971014492754 0.33958014889039856
14.5 0.757002271006813 0.24314853803936412
15.0 0.49875311720698257 0.14277684694513715
15.5 0.25075225677031093 0.06274830350426279
16.0 0.12272950417280314 0.027937501917648502
16.5 0.0522384161312229 0.010957926036932561
17.0 0.01812677869015897 0.0038475149885801294
17.5 0.0061091086810434354 0.0011754426240149062
18.0 0.0020217785990691733 0.000406598630447177
18.5 0.0005701345677899019 0.00010818207921263315
19.0 0.000169 3.005859375e-05
19.5 3.6e-05 7.033203125e-06
