#EsNodB,BLER,BER
0.0 1.0 0.5000132575757575
0.5 1.0 0.5002613636363636
1.0 1.0 0.4976780303030303
1.5 1.0 0.4985814393939394
2.0 1.0 0.4980568181818182
2.5 1.0 0.4955340909090909
3.0 1.0 0.49636363636363634
3.5 1.0 0.4925151515151515
4.0 1.0 0.48742992424242426
4.5 1.0 0.4730738636363636
5.0 0.9960159362549801 0.44243103344198964
5.5 0.9532888465204957 0.3693885951988907
6.0 0.7390983000739099 0.23424096844274228
6.5 0.36284470246734396 0.0980821458415798
7.0 0.10120433154539014 0.021694145176080204
7.5 0.018815935984298034 0.0032965490105920777
8.0 0.00196 0.0003416477272727273
8.5 0.00012 1.3484848484848484e-05
