#EsNodB,BLER,BER
12.0 1.0 0.49683544921875
12.5 1.0 0.4928369140625
13.0 1.0 0.485994140625
13.5 1.0 0.46434033203125
14.0 0.999000999000999 0.41718584150224775
14.5 0.9606147934678194 0.31668392771373677
15.0 0.7692307692307693 0.19150803786057694
15.5 0.46533271288971617 0.0940426506514658
16.0 0.20538098172109262 0.03559348685561717
16.5 0.09549274255156608 0.014652540703781513
17.0 0.05950255861002023 0.00907190303128347
17.5 0.06269199423233653 0.008706381310341044
18.0 0.05810237638719424 0.007723587476759049
18.5 0.052584529631382444 0.007148312200925488
19.0 0.045641259698767686 0.006127383686102237
19.5 0.041569670768207514 0.005925098922825906
