#EsNodB,BLER,BER
0.0 1.0 0.4492361111111111
0.5 1.0 0.44131944444444443
1.0 1.0 0.4436111111111111
1.5 1.0 0.444375
2.0 1.0 0.43881944444444443
2.5 1.0 0.43722222222222223
3.0 1.0 0.4286111111111111
3.5 1.0 0.4261111111111111
4.0 1.0 0.40069444444444446
4.5 1.0 0.3997222222222222
5.0 1.0 0.39194444444444443
5.5 1.0 0.3947222222222222
6.0 1.0 0.39222222222222225
6.5 1.0 0.3894444444444444
7.0 1.0 0.37430555555555556
7.5 1.0 0.37041666666666667
8.0 1.0 0.3611111111111111
8.5 1.0 0.35805555555555557
9.0 1.0 0.32722222222222225
9.5 1.0 0.3188888888888889
10.0 0.9900990099009901 0.2985423542354235
10.5 0.9900990099009901 0.26952695269526955
11.0 0.9900990099009901 0.27970297029702973
11.5 0.9174311926605505 0.23190621814475026
12.0 0.8928571428571429 0.2279265873015873
12.5 0.6666666666666666 0.14833333333333334
13.0 0.3663003663003663 0.07733007733007732
13.5 0.15267175572519084 0.03023748939779474
14.0 0.04653327128897161 0.008518173827620082
14.5 0.009799196787148594 0.0016956715751896474
15.0 0.0015779507679360403 0.00027175818781120694
15.5 0.0004084133142740453 7.941369999773104e-05
16.0 0.0 0.0
16.5 0.0 0.0
17.0 0.0 0.0
17.5 0.0 0.0
18.0 0.0 0.0
18.5 0.0 0.0
19.0 0.0 0.0
19.5 0.0 0.0
