4.479840435524631674e-03 1.000000000000000000e+00 5.019921874999999645e-01
6.161597347223617474e-03 1.000000000000000000e+00 4.975976562500000200e-01
8.410039962903228736e-03 1.000000000000000000e+00 5.008398437500000133e-01
1.135218088207137939e-02 1.000000000000000000e+00 5.007421874999999911e-01
1.519430559425026181e-02 1.000000000000000000e+00 5.003125000000000488e-01
2.015332987399241771e-02 1.000000000000000000e+00 5.010546875000000400e-01
2.648830854318773645e-02 1.000000000000000000e+00 4.992968749999999734e-01
3.441474855019194257e-02 1.000000000000000000e+00 4.974218750000000133e-01
4.430517851461059087e-02 1.000000000000000000e+00 4.971679687500000222e-01
5.636870053939922742e-02 1.000000000000000000e+00 4.949999999999999956e-01
7.093252075692033087e-02 1.000000000000000000e+00 4.986914062500000244e-01
8.818401098473696575e-02 1.000000000000000000e+00 4.997070312499999889e-01
1.083707711821439018e-01 1.000000000000000000e+00 5.015039062499999645e-01
1.316347491124349178e-01 1.000000000000000000e+00 4.976757812500000044e-01
1.578735134423611963e-01 1.000000000000000000e+00 4.967968750000000266e-01
1.872171079786494052e-01 1.000000000000000000e+00 5.025390625000000222e-01
2.194128236850610980e-01 1.000000000000000000e+00 4.976367187499999845e-01
2.542347572361149388e-01 1.000000000000000000e+00 4.955273437500000155e-01
2.912907280072996596e-01 1.000000000000000000e+00 4.914257812500000266e-01
3.303137110860772663e-01 1.000000000000000000e+00 4.953906249999999734e-01
3.708055792703138231e-01 1.000000000000000000e+00 4.929296874999999911e-01
4.124516622946022837e-01 1.000000000000000000e+00 4.903515625000000044e-01
4.548103205664469906e-01 1.000000000000000000e+00 4.576171875000000222e-01
4.974230992749941738e-01 9.708737864077670032e-01 4.067999089805825474e-01
5.401606365620802430e-01 8.474576271186440302e-01 2.925880561440677985e-01
5.825394481988617201e-01 4.464285714285714524e-01 1.098022460937500000e-01
6.244215117024307649e-01 1.447178002894355942e-01 3.038225850217076557e-02
6.655518071417021453e-01 2.673796791443850199e-02 4.462942847593583118e-03
7.056074706535023777e-01 2.876024966344388652e-03 4.710112363847754357e-04
7.442223533991312312e-01 2.085025130039725306e-04 2.289069530101178632e-05
7.811166736012988832e-01 1.008979921299566060e-05 9.459186762183432867e-07
