#EsNodB,BLER,BER
0.0 1.0 0.31951171875
0.5 1.0 0.305625
1.0 1.0 0.297265625
1.5 1.0 0.28591796875
2.0 1.0 0.27478515625
2.5 1.0 0.2662109375
3.0 1.0 0.25181640625
3.5 1.0 0.2409765625
4.0 1.0 0.2265625
4.5 1.0 0.20921875
5.0 0.9900990099009901 0.18825417698019803
5.5 0.9803921568627451 0.16040517769607843
6.0 0.8264462809917356 0.11115056818181818
6.5 0.423728813559322 0.04507911811440678
7.0 0.08143322475570032 0.006163159100162866
7.5 0.0035692307692307694 0.00015865384615384616
8.0 0.0001002104419280489 3.91447038781441e-07
8.5 0.0 0.0
9.0 0.0 0.0
9.5 0.0 0.0
10.0 0.0 0.0
10.5 0.0 0.0
11.0 0.0 0.0
11.5 0.0 0.0
12.0 0.0 0.0
12.5 0.0 0.0
13.0 0.0 0.0
13.5 0.0 0.0
14.0 0.0 0.0
14.5 0.0 0.0
15.0 0.0 0.0
15.5 0.0 0.0
16.0 0.0 0.0
16.5 0.0 0.0
17.0 0.0 0.0
17.5 0.0 0.0
18.0 0.0 0.0
18.5 0.0 0.0
19.0 0.0 0.0
19.5 0.0 0.0
20.0 0.0 0.0
20.5 0.0 0.0
21.0 0.0 0.0
21.5 0.0 0.0
22.0 0.0 0.0
22.5 0.0 0.0
23.0 0.0 0.0
23.5 0.0 0.0
24.0 0.0 0.0
24.5 0.0 0.0
