#EsNodB,BLER,BER
0.0 1.0 0.52466796875
0.5 1.0 0.52943359375
1.0 1.0 0.533828125
1.5 1.0 0.5404296875
2.0 1.0 0.53615234375
2.5 1.0 0.53828125
3.0 1.0 0.5389453125
3.5 1.0 0.53712890625
4.0 1.0 0.53515625
4.5 1.0 0.53625
5.0 1.0 0.538671875
5.5 1.0 0.5333984375
6.0 1.0 0.53244140625
6.5 1.0 0.53966796875
7.0 1.0 0.53662109375
7.5 1.0 0.53802734375
8.0 1.0 0.532890625
8.5 1.0 0.53828125
9.0 1.0 0.54212890625
9.5 1.0 0.54083984375
10.0 1.0 0.537890625
10.5 1.0 0.53330078125
11.0 1.0 0.5183203125
11.5 1.0 0.5083203125
12.0 1.0 0.499765625
12.5 1.0 0.493359375
13.0 1.0 0.4933984375
13.5 1.0 0.498984375
14.0 1.0 0.4949609375
14.5 1.0 0.49794921875
15.0 1.0 0.4939453125
15.5 1.0 0.49306640625
16.0 1.0 0.49349609375
16.5 1.0 0.49572265625
17.0 1.0 0.491875
17.5 1.0 0.4925390625
18.0 1.0 0.495546875
18.5 1.0 0.49853515625
19.0 1.0 0.49419921875
19.5 1.0 0.49544921875
