#EsNodB,BLER,BER
14.0 0.8920606601248885 0.3070221900089206
14.5 0.7396449704142012 0.23332765116494084
15.0 0.5341880341880342 0.15406734107905984
15.5 0.35727045373347627 0.1027019973651304
16.0 0.2740476842970677 0.06641695498766785
16.5 0.2988643156007173 0.06567484963389121
17.0 0.17427675148135238 0.03423006437347508
17.5 0.10463534581981794 0.0165920594851941
18.0 0.052739834396919996 0.0065963935841991455
18.5 0.0319693094629156 0.004850156349904092
19.0 0.010750376263169211 0.0013800585559557085
19.5 0.003156017736819681 0.00032836761886351803
