#EsNodB,BLER,BER
14.0 0.7880220646178093 0.2507218405240347
14.5 0.5205622071837585 0.12820064419573138
15.0 0.28776978417266186 0.06126180305755396
15.5 0.10768899418479431 0.020418211891557184
16.0 0.03545596369309318 0.005539578827471281
16.5 0.010021445894213617 0.0012705510104122823
17.0 0.0028028869735827904 0.0003162554305935113
17.5 0.0024398694181887387 0.00026326286329655637
18.0 0.001969062655218903 0.00021322580851801918
18.5 0.00046091047391437506 5.989670936029844e-05
19.0 0.0007701437152437666 0.00012719995944566236
19.5 0.0007851051914156197 7.044392322770163e-05
