#EsNodB,BLER,BER
0.0 1.0
0.5 1.0
1.0 1.0
1.5 1.0
2.0 1.0
2.5 1.0
3.0 1.0
3.5 1.0
4.0 1.0
4.5 1.0
5.0 1.0
5.5 1.0
6.0 1.0
6.5 1.0
7.0 1.0
7.5 1.0
8.0 1.0
8.5 1.0
9.0 1.0
9.5 1.0
10.0 1.0
10.5 1.0
11.0 0.9999999999999994
11.5 0.9999999999957597
12.0 0.9999999922299545
12.5 0.9999967715524297
13.0 0.9997132601953174
13.5 0.9925951144581863
14.0 0.9358120555127112
14.5 0.7585041990854184
15.0 0.49288941158421484
15.5 0.25594460065659697
16.0 0.11102286928478522
16.5 0.041349105866664626
17.0 0.012936410361882311
17.5 0.003709292852883017
18.0 0.0009622926237550233
18.5 0.00020575358586338854
19.0 3.98854233402135e-05
19.5 6.677946749356067e-06
