#EsNodB,BLER,BER
0.0 1.0 0.49312015503875967
0.5 1.0 0.4918449612403101
1.0 1.0 0.49009302325581394
1.5 1.0 0.4899282945736434
2.0 1.0 0.4869089147286822
2.5 1.0 0.48441666666666666
3.0 1.0 0.4771531007751938
3.5 1.0 0.4716046511627907
4.0 1.0 0.4535736434108527
4.5 0.999000999000999 0.41051584074839886
5.0 0.9871668311944719 0.32680387520374665
5.5 0.9074410163339383 0.22175677766991658
6.0 0.630119722747322 0.11617649213815741
6.5 0.3003003003003003 0.0389523244174407
7.0 0.0836470096194061 0.009183015118062243
7.5 0.016078979949512004 0.0014240491932029041
8.0 0.0026321954352466763 0.00019255325793460522
8.5 0.000326 1.7199612403100774e-05
9.0 5.3e-05 1.994186046511628e-06
