#EsNodB,BLER,BER
14.0 0.9823182711198428 0.17725664599705304
14.5 0.9242144177449169 0.13759061633548983
15.0 0.8403361344537815 0.09387473739495798
15.5 0.700770847932726 0.06455440828661528
16.0 0.5350454788657036 0.03961008560727662
16.5 0.3184713375796178 0.020755374203821658
17.0 0.19477989871445267 0.011119193124269575
17.5 0.08642295393656556 0.004538049055829228
18.0 0.03970459779242436 0.0020291996297546254
18.5 0.02012963484842385 0.0009398809583719152
19.0 0.008896084833064968 0.0004001674409967173
19.5 0.004961621854951946 0.0002255018370404918
