#EsNodB,BLER,BER
14.0 0.9523809523809523 0.31410528273809524
14.5 0.8547008547008547 0.24067341079059829
15.0 0.6802721088435374 0.15998219600340136
15.5 0.49019607843137253 0.10500057444852941
16.0 0.3074085459575776 0.054808181870581
16.5 0.159846547314578 0.02558013057464834
17.0 0.07400828892835998 0.011954073231201895
17.5 0.030908079371947828 0.004597697541262286
18.0 0.012213442114391099 0.0016454989267437742
18.5 0.004426619921560295 0.0005333990548059812
19.0 0.0024498575407840032 0.0003318504294600269
19.5 0.0021277365351512713 0.00024719145426536703
