#EsNodB,MI
0.0 0.36345799190376743 0.08621708189421567
0.5 0.39015461665016254 0.10075155656354691
1.0 0.4174574093158068 0.117218041947444
1.5 0.44520870300573334 0.13577291946188924
2.0 0.4732188985732925 0.15652333990365813
2.5 0.5013097752200663 0.1795494179831187
3.0 0.5292761324386731 0.20490946434968602
3.5 0.5569975393999465 0.23259304002810632
4.0 0.5842865148997513 0.26252450963077445
4.5 0.6109897967420422 0.2946358004846573
5.0 0.6370782936893465 0.32871893891913534
5.5 0.6624132991739929 0.36457166650669914
6.0 0.6870159075259209 0.4019124217887212
6.5 0.7108248291831453 0.44051087432694264
7.0 0.7339217030516539 0.48003548678908703
7.5 0.7564075385858605 0.5202363137149659
8.0 0.7782762588187042 0.5608394343463652
8.5 0.7996301986912409 0.601577635110846
9.0 0.820469667162049 0.642106594418983
9.5 0.840802784741732 0.6821460576678581
10.0 0.8605126259177073 0.7212735197539579
10.5 0.8794861224001842 0.7590704879292082
11.0 0.8975118971584859 0.79504952845116
11.5 0.9143878427040764 0.8287786122745225
12.0 0.9298960382859923 0.859799851517659
12.5 0.9438723328747595 0.8877563446970224
13.0 0.9561733299057341 0.9123533652744719
13.5 0.9667256968046767 0.9334358505781192
14.0 0.9755002467942916 0.9510057209920624
14.5 0.9825830222221054 0.965167196869668
15.0 0.9880890782051007 0.9761784544083415
15.5 0.9921972287842823 0.9843967887817506
16.0 0.995130345771792 0.9902647477809335
16.5 0.9971221043229687 0.9942440077289425
17.0 0.9983982240647687 0.9967969707071126
17.5 0.9991672690584763 0.9983340030173168
18.0 0.9995984132221137 0.9991980602727581
18.5 0.9998219698695265 0.9996441510656484
19.0 0.9999282075193964 0.9998566574120453
19.5 0.9999741377414859 0.9999483426875817
