#EsNodB,MI
0.0 0.33691743827448817 0.07317379034183247 0.004134798696106995 0.0002610116121053005
0.5 0.3612876110429113 0.08506106997487942 0.004896459060251065 0.00030688380386026653
1.0 0.3861583145606545 0.09842530538396929 0.005831875006716419 0.00036169911353919356
1.5 0.4114029656598703 0.11333244068438132 0.006990833795723006 0.00042779865340157494
2.0 0.4367940265675412 0.12983588491742334 0.008451680621215797 0.000504987199796345
2.5 0.4622339312962808 0.14795942278677304 0.010313614743816958 0.0005980152660569976
3.0 0.48750648688451276 0.16771286975056715 0.012692404839144803 0.0007092769268602861
3.5 0.5124750726630787 0.18905504002229165 0.0157412508599508 0.0008416347304644708
4.0 0.536984488055663 0.21190323486299534 0.019643698751825152 0.0010011060289774102
4.5 0.5608995094939878 0.23615001788317216 0.02458965672013851 0.0011908895677451093
5.0 0.5841077941563172 0.2616576101030908 0.030794611925800523 0.0014189563114302673
5.5 0.6065261938160768 0.28820658892508094 0.038479419586495776 0.0016933155390833619
6.0 0.6280596684553422 0.3156311728752034 0.04785905316942058 0.0020246191354446985
6.5 0.6486980397264192 0.34366930330880896 0.059120582485590184 0.002427833072792122
7.0 0.6683817465298099 0.3721045385089245 0.07243699557751211 0.0029284565458091855
7.5 0.6871351116029631 0.4007217285923881 0.08788316161711517 0.0035667727083495073
8.0 0.7049227586303858 0.42926373203711427 0.10553981132574482 0.004397487454208147
8.5 0.7218038070746616 0.45754257017506705 0.12539117029994004 0.0055175514208040365
9.0 0.737782844739212 0.4853620126853947 0.14737624162006854 0.007060232219279665
9.5 0.7529448044101867 0.5125386805049268 0.17137903961079132 0.009214064668918246
10.0 0.7672666659516786 0.5389475218435419 0.19723942860808644 0.012224557154239393
10.5 0.7808243447929042 0.5645094099440596 0.22475528745393095 0.01639064505926981
11.0 0.7936579035428275 0.5891121212497884 0.2536996401775426 0.022050212243932173
11.5 0.8058263768279297 0.6127119108613286 0.2838231222692754 0.029566048948692757
12.0 0.8173529417176202 0.6353042299519929 0.31484107784844206 0.03926954337465819
12.5 0.8282560704153402 0.6568551114406891 0.3464899676189568 0.051482603181037825
13.0 0.8386021956689818 0.6773875534476838 0.3784613351358299 0.06645035232124835
13.5 0.8484271153134479 0.6969311051012183 0.4105492767470545 0.08433337117226448
14.0 0.8577418229552126 0.7155204391561016 0.4424424710510995 0.1052404084593025
14.5 0.8665877871431042 0.7332050593630434 0.47396952862193337 0.12915845541720566
15.0 0.8750008886767288 0.750024998719537 0.5048784435125268 0.15601976641259513
15.5 0.8830112875598832 0.7660313478240557 0.5350433726009439 0.1856731123878011
16.0 0.8906375160164646 0.7812914922398976 0.5643431952529435 0.2179257898152166
16.5 0.8979247215580682 0.7958370111012002 0.5927010117743876 0.25251324298335487
17.0 0.9048707494529017 0.8097472678720807 0.6200468035399377 0.28917032313789753
17.5 0.91153019152413 0.8230518677014305 0.6463873140517609 0.32754538466237615
18.0 0.917909922557402 0.8358228962465659 0.6717694102805964 0.36730006098046863
18.5 0.924045739831575 0.8480972822800242 0.6962379021162702 0.4080663565379118
19.0 0.9299697708684868 0.8599273498206194 0.719876570965345 0.4495423128700877
19.5 0.9356843143975424 0.8713852686403585 0.742762077066355 0.49138051366733454
