0.0 0.9812328455597283
0.5 1.0608267223154897
1.0 1.1423225181766075
1.5 1.2277678885269054
2.0 1.31359201840481
2.5 1.403588120802894
3.0 1.4950041057099277
3.5 1.5846666844044321
4.0 1.6769308052717147
4.5 1.770689636720939
5.0 1.8642095751921444
5.5 1.9550156217028825
6.0 2.045286406033129
6.5 2.135553910994849
7.0 2.224351452714566
7.5 2.3139078097392334
8.0 2.4011262227369663
8.5 2.488849559919853
9.0 2.57467459986471
9.5 2.6594719988443725
10.0 2.7452334374476752
10.5 2.8322522368567604
11.0 2.9158426874457035
11.5 3.000809804100723
12.0 3.0853784230670485
12.5 3.1708345880933475
13.0 3.2539112544933424
13.5 3.3369147350125594
14.0 3.4230948412645716
14.5 3.5080279403001695
15.0 3.589218665353356
15.5 3.671883785097206
16.0 3.7578102041466837
16.5 3.8410831997403516
17.0 3.924781848538844
17.5 4.007844436181413
18.0 4.091076043567909
18.5 4.172760118851301
19.0 4.258862063255555
19.5 4.340338955418207
