0.0 0.9710005303339746
0.5 1.0470707730868904
1.0 1.1259881922073491
1.5 1.206972940696667
2.0 1.2849796641961027
2.5 1.3621906853618664
3.0 1.439479276605026
3.5 1.5152955853431138
4.0 1.5878618765086088
4.5 1.6568120362019783
5.0 1.717951158387866
5.5 1.7732516991712253
6.0 1.8245916456586078
6.5 1.8659214191030449
7.0 1.9017221743093256
7.5 1.9299605242851274
8.0 1.951893802111672
8.5 1.9688382509432845
9.0 1.9802822409141414
9.5 1.988148265092215
10.0 1.993561788751432
10.5 1.9964038401613273
11.0 1.9981935624792064
11.5 1.9991972402700209
12.0 1.9997786474767818
12.5 1.9998899419228924
13.0 1.9999662583534927
13.5 1.9999945152697935
14.0 1.9999990633093883
14.5 1.9999979605167877
15.0 1.999999998922495
15.5 1.9999999999946942
16.0 1.999999999966038
16.5 1.9999999999999998
17.0 2.0
17.5 2.0
18.0 2.0
18.5 2.0
19.0 2.0
19.5 2.0
