0.0 0.971952833647078
0.1 0.9869602500933738
0.2 1.0019675553906482
0.30000000000000004 1.0171010371747577
0.4 1.0324229817388497
0.5 1.0477087053365288
0.6000000000000001 1.0630553910900877
0.7000000000000001 1.0784679971488287
0.8 1.0946915882755757
0.9 1.1098355810501686
1.0 1.1256043777653133
1.1 1.1413565062017423
1.2000000000000002 1.1571029025901702
1.3 1.1727073581665919
1.4000000000000001 1.1888596444046504
1.5 1.204856298613476
1.6 1.2203783495715237
1.7000000000000002 1.2365741373096482
1.8 1.2525864204491315
1.9000000000000001 1.2684660703340715
2.0 1.2843012853744453
2.1 1.3003662371733309
2.2 1.3160215745918094
2.3000000000000003 1.331940527837508
2.4000000000000004 1.3479967184962782
2.5 1.3635062418977837
2.6 1.3792986211537037
2.7 1.3947247440966795
2.8000000000000003 1.410386051301189
2.9000000000000004 1.425999970864051
3.0 1.4413326472727475
3.1 1.4568231908198788
3.2 1.4718752047557544
3.3000000000000003 1.487018986103915
3.4000000000000004 1.5021194191618885
3.5 1.5169208797114253
3.6 1.531285960571187
3.7 1.5461396638268456
3.8000000000000003 1.5604221612048905
3.9000000000000004 1.5746432552946459
4.0 1.5887102093475995
4.1000000000000005 1.6025998429286872
4.2 1.6162870225835522
4.3 1.6297633477346012
4.4 1.6429638344310513
4.5 1.656401048751901
4.6000000000000005 1.6690929941332853
4.7 1.6819372696445285
4.800000000000001 1.694257149722425
4.9 1.706495617274883
5.0 1.7183839154903828
5.1000000000000005 1.7300222080524572
5.2 1.741435006538253
5.300000000000001 1.7527614795617983
5.4 1.7638401304809197
5.5 1.7745044159320298
5.6000000000000005 1.7847601346891993
5.7 1.7948322121695404
5.800000000000001 1.8050146261592375
5.9 1.8145466093056841
6.0 1.8237233553361611
6.1000000000000005 1.832671128545601
6.2 1.8415039013396979
6.300000000000001 1.849965539895368
6.4 1.8582542370565014
6.5 1.8661424679915393
6.6000000000000005 1.873613663612639
6.7 1.880996836121852
6.800000000000001 1.88804134715543
6.9 1.894898022584415
7.0 1.9013262029006985
7.1000000000000005 1.90759274707315
7.2 1.9134787827726123
7.300000000000001 1.9191871365300242
7.4 1.92460053007823
7.5 1.92978709334839
7.6000000000000005 1.934782652597395
7.7 1.9393928145279058
7.800000000000001 1.943813768026769
7.9 1.9480073423445334
8.0 1.951970019383097
8.1 1.955685629112229
8.200000000000001 1.959210536603589
8.3 1.9625390027450318
8.4 1.9655677693858704
8.5 1.9685137672737056
8.6 1.9712287709385738
8.700000000000001 1.9737142708087576
8.8 1.9761024209781723
8.9 1.978260785651287
9.0 1.9803071166227773
9.1 1.9821788751162592
9.200000000000001 1.9839637288653709
9.3 1.9855067043959045
9.4 1.9870231571367971
9.5 1.98837428859412
9.600000000000001 1.9896065157648704
9.700000000000001 1.9907269671240262
9.8 1.9917671919630053
9.9 1.9926341272620818
