0.0 0.9825521098961261
0.5 1.065389647176215
1.0 1.16349303242461
1.5 1.246960820285175
2.0 1.3451449511005582
2.5 1.4426142935105735
3.0 1.5432447885651475
3.5 1.6542596798289368
4.0 1.7531592501951119
4.5 1.8517834675930325
5.0 1.9706347389249963
5.5 2.0901403953105415
6.0 2.1991830110566726
6.5 2.3246024432443906
7.0 2.4314942057805125
7.5 2.560849094454551
8.0 2.6768561929395966
8.5 2.808592997121019
9.0 2.92835373379552
9.5 3.055362611161641
10.0 3.1602657683642965
10.5 3.2821412442408264
11.0 3.38055503990854
11.5 3.490275824002408
12.0 3.577840984546918
12.5 3.665662484218683
13.0 3.7369703135901853
13.5 3.800830127018734
14.0 3.8524150680827165
14.5 3.8981497028329857
15.0 3.9266934911583684
15.5 3.951661468983951
16.0 3.9717275570972763
16.5 3.983047109258411
17.0 3.9911692407071575
17.5 3.9950037560530904
18.0 3.9977933225529494
18.5 3.998560054491344
19.0 3.9996122512610883
19.5 3.9998051932274437
