-10.0 0.13105852696471976
-9.5 0.14634848135005596
-9.0 0.16419031284125363
-8.5 0.1800697200110405
-8.0 0.1997850583498314
-7.5 0.2163599126300949
-7.0 0.23772782155972094
-6.5 0.26684290710315994
-6.0 0.28720768366977556
-5.5 0.31712579721271617
-5.0 0.35005657021201286
-4.5 0.383425256702139
-4.0 0.4173204704259462
-3.5 0.451805732798355
-3.0 0.48871049941442946
-2.5 0.5229785380503611
-2.0 0.5649801253307167
-1.5 0.6049361464737295
-1.0 0.6450221915382985
-0.5 0.6855045476896924
0.0 0.7205779946153146
0.5 0.7623776188401785
1.0 0.7943348954203614
1.5 0.8248081406025563
2.0 0.8597837917161688
2.5 0.8872484476171932
3.0 0.9128410745625395
3.5 0.9326993444713819
4.0 0.9525582676855061
4.5 0.9659296323090196
5.0 0.9754348392163329
5.5 0.9830585217588577
6.0 0.9905864069192066
6.5 0.9955134891380071
7.0 0.9970286894601715
7.5 0.9987714983271039
8.0 0.9990145654739119
8.5 0.9996126612901808
9.0 0.9998899856955065
9.5 0.9999451481366227
10.0 0.9999788629925245
10.5 0.9999966140381517
11.0 0.9999999844464482
11.5 0.9999999994491892
12.0 0.9999999999241668
12.5 0.9999999999999455
13.0 0.9999999999999962
13.5 1.0
14.0 1.0
14.5 1.0
15.0 1.0
15.5 1.0
16.0 1.0
16.5 1.0
17.0 1.0
17.5 1.0
18.0 1.0
18.5 1.0
19.0 1.0
19.5 1.0
