0.0 1.6754692202489654
0.1 1.7864578445008936
0.2 0.010503626873274996
0.30000000000000004 2.256755251479336
0.4 2.1682434032625597
0.5 0.2277663424985681
0.6000000000000001 -1.5436434279876483
0.7000000000000001 0.23558749887040253
0.8 1.890164910761425
0.9 4.0273053388355855
1.0 3.0509400534553803
1.1 0.11433741856440349
1.2000000000000002 2.7941606212204553
1.3 1.3702114828809098
1.4000000000000001 1.9929210968298454
1.5 1.4896256528106262
1.6 -0.7069933035942242
1.7000000000000002 0.1656386715639675
1.8 1.1708237355153788
1.9000000000000001 2.469283857685343
2.0 1.2154050150570397
2.1 1.2524456530279044
2.2 1.6501826040610474
2.3000000000000003 2.756255715976689
2.4000000000000004 2.808227664036349
2.5 1.7852653422672065
2.6 1.7854667949755036
2.7 -1.5754126739035623
2.8000000000000003 2.648554757007383
2.9000000000000004 1.452443926463495
3.0 0.731167638431649
3.1 3.396438385751119
3.2 0.8525097609307775
3.3000000000000003 1.6030423004326337
3.4000000000000004 -1.9995134302949609
3.5 2.097951113797582
3.6 -2.2963276744355063
3.7 1.3111784087229887
3.8000000000000003 1.6904163753959294
3.9000000000000004 1.1205242413206022
4.0 4.108867311674842
4.1000000000000005 5.087325100961916
4.2 2.645152117996207
4.3 1.6973048877443428
4.4 -1.8042035155083358
4.5 2.146921080557342
4.6000000000000005 2.4499183551810573
4.7 1.2728466938179617
4.800000000000001 2.3574908550090363
4.9 0.8995458067849995
5.0 2.655602264032318
5.1000000000000005 1.3320127659875691
5.2 1.8507013561055494
5.300000000000001 0.33318195920845817
5.4 -3.740456157717677
5.5 3.139799844348272
5.6000000000000005 3.4918389139439476
5.7 2.282067925176718
5.800000000000001 1.5911180753430534
5.9 2.7763589962352535
6.0 3.6541584055386673
6.1000000000000005 3.539391772150898
6.2 2.9098147726067536
6.300000000000001 0.9186566688763902
6.4 3.5313189158292753
6.5 0.1240888861547802
6.6000000000000005 1.6377673073166008
6.7 3.2129992103726446
6.800000000000001 3.270301483226617
6.9 3.4177603491477813
7.0 2.2893072534675234
7.1000000000000005 1.941175730175745
7.2 2.658262784961015
7.300000000000001 3.6831879885419267
7.4 0.5721482009156045
7.5 3.222360226187555
7.6000000000000005 5.158632470012192
7.7 2.790769657857221
7.800000000000001 3.3906229477143235
7.9 2.838104449647431
8.0 3.5269352273220065
8.1 3.4719063102466263
8.200000000000001 4.267226303437743
8.3 3.6172643609890347
8.4 2.055957209567665
8.5 1.6926143314929032
8.6 4.958841937369467
8.700000000000001 3.32705388362478
8.8 -0.024944635800766335
8.9 2.6279060384249817
9.0 3.7315764052387097
9.1 2.237505186283623
9.200000000000001 0.8164196754796569
9.3 3.791298331341623
9.4 4.048999319307143
9.5 2.6105798500154984
9.600000000000001 4.54932369375673
9.700000000000001 4.051861257797546
9.8 3.211081466882799
9.9 0.8172774664086493
