0.0 0.9818191645351284
0.5 1.0609837948951641
1.0 1.1425650178455187
1.5 1.227641376165609
2.0 1.3174468521371718
2.5 1.4034772394202553
3.0 1.495688983214111
3.5 1.5880967478692933
4.0 1.6777322734880737
4.5 1.7710922048361573
5.0 1.861641012203973
5.5 1.9556451804076844
6.0 2.0453360839344246
6.5 2.1358708715250065
7.0 2.2250678259466565
7.5 2.313996127066053
8.0 2.399853611212209
8.5 2.4888907891233254
9.0 2.5728472442053696
9.5 2.660916461510826
10.0 2.744064820032757
10.5 2.8317251654767936
11.0 2.9172207612272647
11.5 3.001274985636354
12.0 3.082784157907615
12.5 3.168637510561165
13.0 3.2518152941326344
13.5 3.330689236461843
14.0 3.412530337367858
14.5 3.489234432382391
15.0 3.5634153041416052
15.5 3.631728297606001
16.0 3.697150431637236
16.5 3.7533818579512968
17.0 3.806796558890156
17.5 3.850884664789724
18.0 3.8894317118833768
18.5 3.919904779463619
19.0 3.9449806494651942
19.5 3.963037281376345
