0.0 0.827247374321086
0.5 0.8990196410923315
1.0 0.9801246427379801
1.5 1.064702558408932
2.0 1.1448735510209276
2.5 1.2258912319117055
3.0 1.328181898966795
3.5 1.4250249250072389
4.0 1.522757883132765
4.5 1.6383139678212486
5.0 1.7456513773188373
5.5 1.8542849129150298
6.0 1.966021357749147
6.5 2.084321526510542
7.0 2.2094324749860057
7.5 2.333670533243945
8.0 2.4594729979440313
8.5 2.5879868635393595
9.0 2.7101487000010502
9.5 2.849842437513556
10.0 2.986002401639673
10.5 3.120603785745665
11.0 3.2587177745633946
11.5 3.4056952951484836
12.0 3.5364960521049444
12.5 3.6762796794466306
13.0 3.821500236894524
13.5 3.9697430587911198
14.0 4.116921599642337
14.5 4.266918864219736
15.0 4.4023407455214985
15.5 4.559140278248774
16.0 4.711170061431062
16.5 4.869082890732151
17.0 5.023134970615625
17.5 5.164389342982233
18.0 5.327756664300011
18.5 5.48976097955869
19.0 5.637048881042095
19.5 5.806199469045709
