0.000000000000000000e+00 4.859909809930441082e-01 4.859909809930441082e-01
5.000000000000000000e-01 5.240820512262224229e-01 5.240820512262224229e-01
1.000000000000000000e+00 5.631542563683609171e-01 5.631542563683609171e-01
1.500000000000000000e+00 6.020202725259543586e-01 6.020202725259543586e-01
2.000000000000000000e+00 6.422760975386556659e-01 6.422760975386556659e-01
2.500000000000000000e+00 6.816240788533858286e-01 6.816240788533858286e-01
3.000000000000000000e+00 7.204507549347515249e-01 7.204507549347515249e-01
3.500000000000000000e+00 7.581471694055840205e-01 7.581471694055840205e-01
4.000000000000000000e+00 7.942897290203561056e-01 7.942897290203561056e-01
4.500000000000000000e+00 8.282011089436925877e-01 8.282011089436925877e-01
5.000000000000000000e+00 8.591059808447123469e-01 8.591059808447123469e-01
5.500000000000000000e+00 8.872992341351624290e-01 8.872992341351624290e-01
6.000000000000000000e+00 9.118459653617501104e-01 9.118459653617501104e-01
6.500000000000000000e+00 9.331042898030748045e-01 9.331042898030748045e-01
7.000000000000000000e+00 9.507180461497142243e-01 9.507180461497142243e-01
7.500000000000000000e+00 9.649389630646438842e-01 9.649389630646438842e-01
8.000000000000000000e+00 9.760377931712058697e-01 9.760377931712058697e-01
8.500000000000000000e+00 9.841895933467422752e-01 9.841895933467422752e-01
9.000000000000000000e+00 9.902201956249989667e-01 9.902201956249989667e-01
9.500000000000000000e+00 9.941306217751268992e-01 9.941306217751268992e-01
