0.0 0.8296594211697662
0.5 0.9150888237126359
1.0 0.9978254716422041
1.5 1.0870529482050388
2.0 1.177227113645594
2.5 1.265024426540093
3.0 1.3690809597744924
3.5 1.4659064882820934
4.0 1.576182753796023
4.5 1.680678678760847
5.0 1.8032254231228744
5.5 1.92514749452893
6.0 2.0472402277230164
6.5 2.1689627524972366
7.0 2.300721439308729
7.5 2.4443467846324918
8.0 2.5751862370748104
8.5 2.728633600435013
9.0 2.8725164064202247
9.5 3.014976169593041
10.0 3.166469113934947
10.5 3.322187297925749
11.0 3.480574229478152
11.5 3.6349684201854098
12.0 3.7899312976532595
12.5 3.941828392143719
13.0 4.089798952576956
13.5 4.224506147250986
14.0 4.3878135675554
14.5 4.532887488292789
15.0 4.680477209586532
15.5 4.8221197039211505
16.0 4.955690331805698
16.5 5.088624785513384
17.0 5.227570963317708
17.5 5.341645198241832
18.0 5.463096829721324
18.5 5.563002930385939
19.0 5.65422995338823
19.5 5.735670620262236
