0.0 0.677373671504141
0.5 -9.022378523497638
1.0 1.9770887997541926
1.5 -6.160100695257519
2.0 -3.4057261204319764
2.5 -12.511776745741606
3.0 -8.185508879141697
3.5 1.976481111419469
4.0 -17.08098882162043
4.5 -11.147705613080161
5.0 -8.49868936570534
5.5 -28.057539096517278
6.0 1.9958389224502846
6.5 1.9999665841092407
7.0 1.9998083069590604
7.5 1.9995600339105202
8.0 -42.57802333558577
8.5 -43.280204273541415
9.0 1.999136170054065
9.5 1.9999999897939644
10.0 -55.13599637755672
10.5 -57.81114488417798
11.0 1.999999999997499
11.5 -86.09025757659825
12.0 -76.31769218286745
12.5 -111.69214523783867
13.0 1.999999999998296
13.5 1.9999999999999982
14.0 1.9999999999999996
14.5 2.0
15.0 2.0
15.5 2.0
16.0 2.0
16.5 -265.11213878038564
17.0 -283.4366444960742
17.5 -347.03420648329455
18.0 2.0
18.5 -422.2028820266755
19.0 2.0
19.5 2.0
