0.0 1.9990413700418812
0.1 0.9412660806823845
0.2 1.0582756455737916
0.30000000000000004 2.75383101810932
0.4 2.230717179695726
0.5 1.1239453716035863
0.6000000000000001 1.5827169692174579
0.7000000000000001 1.5369398665869873
0.8 4.0278393101618395
0.9 1.5434453170840394
1.0 -0.24723174761373157
1.1 0.6232317767452736
1.2000000000000002 3.0963765427104235
1.3 0.2938999114921669
1.4000000000000001 2.3231594448981014
1.5 0.8300347314435621
1.6 1.7748318737673396
1.7000000000000002 0.33447233678416033
1.8 -0.26501513136570143
1.9000000000000001 2.9007462556480608
2.0 2.3122849877203775
2.1 1.9144520147002557
2.2 3.9273331140633934
2.3000000000000003 1.801148178402153
2.4000000000000004 0.2611255705722487
2.5 2.9974099988231777
2.6 2.9090330097826147
2.7 1.1645636858857586
2.8000000000000003 -2.9667167447998595
2.9000000000000004 3.183140392620271
3.0 0.36321952553919234
3.1 2.5415049553268485
3.2 0.9626780367156058
3.3000000000000003 2.161000341371146
3.4000000000000004 1.3655959010415348
3.5 -1.348549896489211
3.6 2.129414923757558
3.7 0.2946732716195075
3.8000000000000003 1.772988417610371
3.9000000000000004 -0.7873280492994671
4.0 1.536713072467308
4.1000000000000005 1.9438104050754295
4.2 -0.7197585224485827
4.3 2.2519646474304764
4.4 2.9181066159622935
4.5 -1.54949930421237
4.6000000000000005 1.612217445281055
4.7 1.6630601798545581
4.800000000000001 2.3399498364867344
4.9 3.841121499118881
5.0 1.6938481701979153
5.1000000000000005 1.2773373227574154
5.2 3.5718308330302846
5.300000000000001 2.9722052245053465
5.4 3.0549717584771336
5.5 2.4531768863725083
5.6000000000000005 4.276717144190505
5.7 2.487523165159668
5.800000000000001 3.0844568594310724
5.9 -0.14349908799014677
6.0 2.4192514713743263
6.1000000000000005 2.251447982109747
6.2 2.57084109354125
6.300000000000001 -3.199105453216924
6.4 -3.4645327295927872
6.5 2.4192440105940136
6.6000000000000005 2.6112166366700476
6.7 -4.648217864252372
6.800000000000001 3.6207566952537924
6.9 2.148423780772152
7.0 2.6245869991671547
7.1000000000000005 3.1031397002160634
7.2 1.3419575596134854
7.300000000000001 3.4870375587416866
7.4 3.4473914647506154
7.5 3.2342254872712326
7.6000000000000005 3.8048749857212982
7.7 5.297288143635702
7.800000000000001 3.6105244792704116
7.9 4.643777418997771
8.0 2.6743738908206076
8.1 3.905551179435025
8.200000000000001 3.042240700077482
8.3 0.16026080530087572
8.4 3.835965804761239
8.5 2.3619120796483766
8.6 3.7557256660438485
8.700000000000001 3.4098597385621563
8.8 3.8655966902863272
8.9 3.5105051810788663
9.0 1.9406538203822066
9.1 -0.10119613975590758
9.200000000000001 4.049218976982333
9.3 3.4267934445386894
9.4 -1.001151516971132
9.5 2.630411935417211
9.600000000000001 2.0719094438571624
9.700000000000001 1.3507176268959449
9.8 5.696529254336496
9.9 3.4367039664831873
