0.0 0.6631400935936224
0.5 0.9876095319176059
1.0 1.129665212701675
1.5 1.3086878252949508
2.0 1.2383876738172939
2.5 1.298524469045162
3.0 1.145980738758786
3.5 1.1556489364110776
4.0 1.4367521741909663
4.5 1.7868059290111429
5.0 1.6692565865455884
5.5 1.8822426030414086
6.0 2.174451300794752
6.5 2.3394504291419977
7.0 2.0390721998971446
7.5 2.2533577238774405
8.0 2.6633450803416148
8.5 2.6988789441594556
9.0 2.6846529252007474
9.5 2.829650526695087
10.0 2.889645898201616
10.5 3.252527652593938
11.0 2.9261069020635384
11.5 3.322996492813472
12.0 3.7120169154868434
12.5 3.719542949477614
13.0 3.5165833029305147
13.5 3.706026856595714
14.0 4.837115839844226
14.5 4.430739390482488
15.0 4.244215032788376
15.5 4.38474499372191
16.0 4.775111249341357
16.5 4.817286762536484
17.0 5.064932030458377
17.5 5.219951325020371
18.0 4.952447740697057
18.5 5.593390054086087
19.0 5.6683317747999595
19.5 5.616712858911111
