0.0 0.4357427031206019
0.5 -11.750013710470206
1.0 -0.47831252906564947
1.5 -1.611174983491632
2.0 0.2411732036749925
2.5 1.6165114009930197
3.0 -2.0231331236904158
3.5 1.8145454134289452
4.0 -15.865552091033479
4.5 1.0837463035504027
5.0 -2.151823031915962
5.5 -4.237794743243189
6.0 -15.171439959240233
6.5 -11.576728015129518
7.0 -12.59387674316673
7.5 -4.492702047861047
8.0 -23.833027844720768
8.5 -17.52891336030006
9.0 -44.346673206860316
9.5 3.0643260480026644
10.0 -0.49418127821636326
10.5 -5.3476906141013885
11.0 -35.99095747031638
11.5 3.604249569259131
12.0 -45.44218050883082
12.5 3.6877545516116608
13.0 -78.32316178930535
13.5 -88.13861122440397
14.0 3.958953254805955
14.5 -84.15619379915961
15.0 -5.438533796869164
15.5 3.9845673969992643
16.0 -92.22502181717579
16.5 -44.37595238473719
17.0 -111.7036005235138
17.5 -181.95620634923182
18.0 3.9990147063218315
18.5 -241.1910603430381
19.0 3.9882562448216787
19.5 3.996192797010118
