0.0 0.8501406270055958
0.5 0.9224216093254161
1.0 0.9989144501412796
1.5 1.077670058840593
2.0 1.1588106252357793
2.5 1.243943220038957
3.0 1.3296396968199424
3.5 1.4171037066104701
4.0 1.508252633329676
4.5 1.5944121962877924
5.0 1.6836632551365711
5.5 1.7749168160431765
6.0 1.8646911879006423
6.5 1.951678977296182
7.0 2.0397971082068276
7.5 2.1293363299916326
8.0 2.2157991383388898
8.5 2.302354343619856
9.0 2.3885754926165728
9.5 2.4760091966378157
10.0 2.5616055802234285
10.5 2.6449939763959724
11.0 2.7318730889458434
11.5 2.814532003636819
12.0 2.90212753072699
12.5 2.9843242172972135
13.0 3.0689534330798804
13.5 3.1528732380395965
14.0 3.2374738130366048
14.5 3.3227258406176414
15.0 3.404454240553661
15.5 3.4883083967973247
16.0 3.572932900753955
16.5 3.657088918687348
17.0 3.7390158771136295
17.5 3.824589889679381
18.0 3.9084036298058438
18.5 3.991845612854446
19.0 4.076427219450812
19.5 4.160823766134257
