0.0 0.8974565399727794
0.5 0.9757344416083488
1.0 1.0650741526523475
1.5 1.1641113091188693
2.0 1.2608630148524391
2.5 1.345729077620916
3.0 1.4644587349539306
3.5 1.573512291378636
4.0 1.6930995302798983
4.5 1.8094570448560208
5.0 1.9183343235772115
5.5 2.057160388861803
6.0 2.1795833547374275
6.5 2.3064308219669822
7.0 2.426857631814663
7.5 2.5542867354562206
8.0 2.6772554037423895
8.5 2.7950180599759946
9.0 2.932559208836178
9.5 3.050710135961592
10.0 3.160292669728461
10.5 3.273159959317897
11.0 3.389342996093264
11.5 3.4827109650928625
12.0 3.5824923846597723
12.5 3.6613720876611358
13.0 3.733189238964676
13.5 3.799616310613607
14.0 3.8493418673557565
14.5 3.894039989557819
15.0 3.9272784473660054
15.5 3.954194415170245
16.0 3.971289537376011
16.5 3.9822832568238224
17.0 3.990706778839573
17.5 3.995163037890036
18.0 3.9974089134936523
18.5 3.9985500677119012
19.0 3.9994245102970334
19.5 3.9996696969137275
