#EsNodB,BLER,BER
nan 0.0
-16.729994688088595 0.03
-13.628320473626673 0.06
-11.771959130812276 0.09
-10.426896689130132 0.12
-9.361329777823485 0.15
-8.471812501863157 0.18
-7.703028392476123 0.21
-7.021847383476016 0.24
-6.406799166907074 0.27
-5.843126643366637 0.3
-5.320206053249816 0.32999999999999996
-4.83009117898179 0.36
-4.366638907756252 0.39
-3.924956016917778 0.42
-3.501032865013457 0.44999999999999996
-3.091490178880571 0.48
-2.6933960444189364 0.51
-2.3041267289077343 0.54
-1.921253987304602 0.57
-1.5424463020899233 0.6
-1.1653736005128725 0.63
-0.7876049344608191 0.6599999999999999
-0.40648619884756404 0.69
-0.018979082260242277 0.72
0.37833495836189246 0.75
0.7891637457717672 0.78
1.2195018862733948 0.8099999999999999
1.677877384936487 0.84
2.1773656490376854 0.87
2.7401458873504487 0.8999999999999999
3.409848496704982 0.9299999999999999
4.297526154733038 0.96
5.960877778687279 0.99
5.960877778687279 0.99
6.307139621611021 0.993
6.803067391212206 0.996
7.842222972410694 0.999
