-inf 0.0
-16.727909351846787 0.03
-13.624046927326884 0.06
-11.772377436028535 0.09
-10.430939383898368 0.12
-9.36739591405656 0.15
-8.478442234615859 0.18
-7.709115072053569 0.21
-7.026715408101718 0.24
-6.410236526067355 0.27
-5.8454022889110435 0.3
-5.322084047373136 0.32999999999999996
-4.832847119379292 0.36
-4.3986003681407295 0.39
-3.9606762368582586 0.42
-3.5350370704055836 0.44999999999999996
-3.120018897777272 0.48
-2.714034772902694 0.51
-2.3155357508802092 0.54
-1.922970050739702 0.57
-1.534737160598085 0.6
-1.14913252119917 0.63
-0.7642763816761702 0.6599999999999999
-0.3780167532888468 0.69
0.01221033783237431 0.72
0.4095929294461881 0.75
0.8182830280018667 0.78
1.2439757409729206 0.8099999999999999
1.6949710716551716 0.84
2.1843114996724218 0.87
2.734669733793456 0.8999999999999999
3.3918462140335297 0.9299999999999999
4.276227575447852 0.96
6.025112925906457 0.99
