#EsNodB,BLER,BER
0.0 1.0 0.49334375
0.5 1.0 0.49149609375
1.0 1.0 0.49034375
1.5 1.0 0.49031640625
2.0 1.0 0.487169921875
2.5 1.0 0.484458984375
3.0 1.0 0.47961328125
3.5 1.0 0.473642578125
4.0 1.0 0.460646484375
4.5 1.0 0.4368125
5.0 0.998003992015968 0.38094709019461076
5.5 0.9861932938856016 0.30960305719921105
6.0 0.9074410163339383 0.21921435458257713
6.5 0.7163323782234957 0.1320080251611748
7.0 0.40551500405515006 0.05973346892741281
7.5 0.17914725904693657 0.020861558357219635
8.0 0.0586200832405182 0.005892692273873029
8.5 0.014624586855421335 0.0013625430511275557
9.0 0.003014663322400154 0.0002772253773604814
9.5 0.0004461626999961901 3.706925873827194e-05
10.0 4.9e-05 4.0078125e-06
