#EsNodB,BLER,BER
0.0 1.0 0.49372265625
0.5 1.0 0.4922265625
1.0 1.0 0.491361328125
1.5 1.0 0.491416015625
2.0 1.0 0.488205078125
2.5 1.0 0.48816796875
3.0 1.0 0.48823046875
3.5 1.0 0.483921875
4.0 1.0 0.482564453125
4.5 1.0 0.481037109375
5.0 1.0 0.480240234375
5.5 1.0 0.47444921875
6.0 1.0 0.47453515625
6.5 1.0 0.471388671875
7.0 1.0 0.469205078125
7.5 1.0 0.465220703125
8.0 1.0 0.46232421875
8.5 1.0 0.457015625
9.0 1.0 0.454986328125
9.5 1.0 0.4507578125
10.0 1.0 0.4456640625
10.5 1.0 0.434712890625
11.0 1.0 0.43096875
11.5 1.0 0.423009765625
12.0 1.0 0.412998046875
12.5 1.0 0.3983671875
13.0 1.0 0.385080078125
13.5 1.0 0.375794921875
14.0 1.0 0.3505703125
14.5 1.0 0.32942578125
15.0 1.0 0.3096015625
15.5 1.0 0.282802734375
16.0 1.0 0.244365234375
16.5 0.999000999000999 0.21890999625374624
17.0 0.9950248756218906 0.18116060323383085
17.5 0.975609756097561 0.13134336890243903
18.0 0.9380863039399625 0.09961303939962476
18.5 0.8547008547008547 0.07677951388888889
19.0 0.7002801120448179 0.04409439557072829
19.5 0.5561735261401557 0.03082635219688543
20.0 0.3597122302158273 0.017048392535971225
20.5 0.24044241404183697 0.010030956960807887
21.0 0.11810558639423645 0.004597121545411598
21.5 0.055561729081009 0.0022386384945549506
22.0 0.018589779339319244 0.0007015463210826687
22.5 0.007397106252034204 0.00029050979007012455
23.0 0.0020125836896023232 7.744675501129306e-05
23.5 0.0004747798359394253 1.824746390114118e-05
24.0 0.000128 5.900390625e-06
24.5 1.5e-05 6.07421875e-07
