#EsNodB,BLER,BER
0.0 1.0 0.4988712121212121
0.5 1.0 0.4980018939393939
1.0 1.0 0.49799242424242424
1.5 1.0 0.4977897727272727
2.0 1.0 0.49799431818181816
2.5 1.0 0.49817045454545456
3.0 1.0 0.49830871212121214
3.5 1.0 0.497467803030303
4.0 1.0 0.4956193181818182
4.5 1.0 0.4965814393939394
5.0 1.0 0.4966685606060606
5.5 1.0 0.4960568181818182
6.0 1.0 0.49484280303030304
6.5 1.0 0.4928655303030303
7.0 1.0 0.49336363636363634
7.5 1.0 0.49241098484848483
8.0 1.0 0.49149810606060607
8.5 1.0 0.49070454545454545
9.0 1.0 0.48931060606060606
9.5 1.0 0.48685795454545455
10.0 1.0 0.48690340909090907
10.5 1.0 0.4827481060606061
11.0 1.0 0.4808295454545455
11.5 1.0 0.4781893939393939
12.0 1.0 0.4691534090909091
12.5 1.0 0.4508219696969697
13.0 0.9910802775024777 0.4214531339159684
13.5 0.9398496240601504 0.3599463858509911
14.0 0.7886435331230284 0.2604465395277698
14.5 0.5443658138268916 0.15233376222761089
15.0 0.24764735017335315 0.05997474747474747
15.5 0.08020532563362208 0.017642133558880432
16.0 0.018297257241139554 0.0033876955935214404
16.5 0.0030354633179435343 0.0005506548920124726
17.0 0.000405 6.844886363636364e-05
17.5 4.2e-05 5.901515151515152e-06
