#EsNodB,BLER,BER
0.0 1.0
0.5 1.0
1.0 1.0
1.5 1.0
2.0 1.0
2.5 1.0
3.0 1.0
3.5 1.0
4.0 1.0
4.5 1.0
5.0 1.0
5.5 1.0
6.0 1.0
6.5 1.0
7.0 1.0
7.5 1.0
8.0 1.0
8.5 1.0
9.0 1.0
9.5 1.0
10.0 1.0
10.5 1.0
11.0 0.9999999999999999
11.5 0.9999999999987459
12.0 0.999999997162507
12.5 0.9999984848178413
13.0 0.9998125448034013
13.5 0.9942013897086617
14.0 0.9438498994404647
14.5 0.7747228509968409
15.0 0.5099738136504945
15.5 0.26712408992473924
16.0 0.11685361419383467
16.5 0.04375723854836577
17.0 0.01376654557457968
17.5 0.00394896407606371
18.0 0.0009975199264082857
18.5 0.0002150236090590063
19.0 4.0644123617816774e-05
19.5 6.766995517826224e-06
