#EsNodB,BLER,BER
16.0 1.0 0.247642578125
16.5 1.0 0.208458984375
17.0 0.9940357852882704 0.17730336729622267
17.5 0.970873786407767 0.13530415655339806
18.0 0.9398496240601504 0.10909414649906016
18.5 0.847457627118644 0.07146616790254237
19.0 0.6915629322268326 0.04432080956085754
19.5 0.5458515283842795 0.02984059429585153
20.0 0.3566333808844508 0.017149747013195434
20.5 0.24108003857280616 0.010360791345226616
21.0 0.1293828438349075 0.005198562233147885
21.5 0.05842827928717499 0.002334049992696465
22.0 0.018042824535342922 0.0006867533105684577
22.5 0.007541140757309475 0.0003032924255738403
23.0 0.00186 7.46875e-05
23.5 0.00082 3.462890625e-05
