#EsNodB,BLER,BER
16.0 1.0 0.24219140625
16.5 0.9970089730807578 0.21174172794117646
17.0 0.9940357852882704 0.17802947937375746
17.5 0.9794319294809011 0.1318847178011753
18.0 0.9345794392523364 0.0993264456775701
18.5 0.8438818565400844 0.07561148470464135
19.0 0.704721634954193 0.046207441420014095
19.5 0.5530973451327433 0.030934561670353983
20.0 0.37735849056603776 0.019173791273584907
20.5 0.23282887077997672 0.009658760186263096
21.0 0.11821728336682823 0.004446770821019033
21.5 0.05994485073732166 0.0023482692797626185
22.0 0.018921117859643146 0.0007304955795538401
22.5 0.007442788158723493 0.0002835168223808524
23.0 0.00225 9.12109375e-05
23.5 0.0005 2.095703125e-05
