#EsNodB,BLER,BER
5.0 1.0 0.4885625
5.5 1.0 0.473912109375
6.0 0.9871668311944719 0.3982225212857848
6.5 0.7581501137225171 0.2197546969768764
7.0 0.29291154071470415 0.07121383228983597
7.5 0.0926526452330214 0.018091921919878625
8.0 0.05924170616113744 0.010936516495112559
8.5 0.053453068206115034 0.00910933720701037
9.0 0.04871157874226704 0.007531552164011886
9.5 0.03992972368631209 0.0060654771040468776
10.0 0.03004988280545706 0.004564222116525933
10.5 0.04005286978812032 0.007246577200654865
11.0 0.019252242886296254 0.0033061402922971777
11.5 0.022502027209658527 0.0041176486374053965
12.0 0.022764005554417356 0.002994656060774204
12.5 0.012786911285839092 0.00163232242193498
13.0 0.009645351350121704 0.001296929383061489
13.5 0.011812100564494069 0.0016982626595410688
14.0 0.004390922093639664 0.0005944803096150192
14.5 0.005772582795037424 0.000641098812544858
