#EsNodB,BLER,BER
5.0 1.0 0.500279541015625
5.5 1.0 0.49923095703125
6.0 1.0 0.49907470703125
6.5 1.0 0.499697265625
7.0 1.0 0.5001953125
7.5 1.0 0.50076171875
8.0 1.0 0.50001708984375
8.5 1.0 0.500694580078125
9.0 1.0 0.499617919921875
9.5 1.0 0.499979248046875
10.0 1.0 0.50028076171875
10.5 1.0 0.4987646484375
11.0 1.0 0.5001513671875
11.5 1.0 0.5007177734375
12.0 1.0 0.5005322265625
12.5 1.0 0.49827880859375
13.0 1.0 0.497410888671875
13.5 1.0 0.492646484375
14.0 1.0 0.45685791015625
14.5 0.9900990099009901 0.33507696472772275
