292
643
80
111
499
453
271
826
28
548
690
208
158
738
772
354
610
327
1006
920
420
466
387
185
860
670
633
443
504
664
74
268
124
229
822
988
761
379
323
90
154
943
416
684
612
864
657
215
836
911
302
184
578
482
512
33
116
247
51
602
990
803
347
732
737
86
869
677
376
965
160
936
411
714
455
213
651
285
838
582
257
321
46
128
473
502
527
621
692
861
791
749
818
109
69
663
967
380
890
335
919
419
202
166
729
587
613
441
314
26
119
797
486
495
520
549
251
405
987
753
698
75
151
674
866
949
819
355
945
385
206
269
768
179
571
726
509
107
47
22
787
467
545
308
1001
904
843
693
423
67
977
658
889
808
937
360
399
204
263
754
576
169
721
121
497
53
460
532
316
227
900
1003
855
422
683
82
978
371
830
654
881
802
948
345
103
733
580
278
190
767
15
457
492
529
40
132
896
230
696
922
330
873
1007
792
962
827
437
641
365
939
410
50
95
260
566
723
1
595
284
452
485
539
171
31
200
317
131
1015
339
697
871
782
839
983
931
650
100
370
395
256
805
750
570
480
156
598
83
448
490
526
127
288
2
43
320
235
912
668
701
880
946
212
164
412
305
828
189
748
581
250
1012
640
282
129
470
444
551
517
10
57
366
811
886
708
933
652
682
765
535
963
407
622
858
744
248
307
585
1009
172
207
276
142
115
64
567
501
32
389
344
459
429
789
898
645
926
820
717
680
1022
954
756
853
155
603
311
996
483
211
264
125
368
59
408
500
508
29
352
562
907
725
825
639
672
776
283
1020
964
319
872
157
994
591
375
468
415
222
114
918
66
559
892
528
514
13
39
834
689
722
241
935
660
758
298
209
804
87
265
175
438
590
353
865
382
25
469
1005
925
130
326
511
516
8
568
719
49
537
829
950
489
255
648
196
294
71
679
763
794
428
364
594
394
36
877
462
910
555
712
1010
515
4
135
324
625
974
832
938
755
253
653
295
78
186
995
433
398
777
857
604
337
475
730
879
573
541
695
306
519
12
120
624
611
908
234
662
959
752
262
450
188
79
1014
403
810
783
359
859
734
291
510
563
214
137
655
318
94
19
601
629
592
913
65
691
979
449
342
404
181
279
228
813
851
561
524
724
313
123
503
150
884
424
85
1004
631
23
705
799
299
923
821
45
972
402
367
496
195
944
854
554
277
225
523
442
138
893
713
999
891
89
870
649
5
16
616
731
778
914
845
70
969
393
358
669
178
300
824
572
34
530
232
152
259
507
205
997
899
445
720
630
104
6
332
771
605
917
932
72
377
219
960
413
180
671
35
823
575
289
146
699
201
513
432
992
465
887
809
627
62
106
0
348
835
757
940
786
363
966
30
397
170
676
599
236
560
716
270
136
199
426
895
993
863
488
525
626
795
58
3
163
97
681
947
746
373
325
38
396
1008
600
779
245
577
975
287
700
552
421
218
192
903
478
848
636
134
878
793
522
934
678
102
740
378
350
569
815
1018
773
614
246
182
958
272
984
435
702
221
833
533
477
921
667
139
579
885
543
952
73
315
728
798
343
362
177
759
618
267
1023
240
293
197
383
440
536
841
574
642
472
149
916
84
814
666
553
953
774
328
118
735
55
220
615
14
1002
852
249
710
356
193
427
521
461
565
628
897
471
147
231
105
831
174
780
955
675
41
334
741
309
597
392
1019
862
550
635
223
906
191
431
986
476
68
286
144
817
96
769
685
620
21
381
961
303
727
349
409
198
876
941
1011
544
558
846
646
273
238
796
113
456
491
148
296
88
606
770
17
384
888
44
973
341
718
329
361
743
638
1021
546
928
850
665
281
252
217
112
474
439
506
140
77
942
766
781
18
588
56
882
981
406
331
297
703
372
644
556
909
849
619
237
176
464
436
518
101
153
487
159
785
593
11
800
401
54
867
322
971
688
632
266
374
540
751
894
837
243
117
715
775
446
930
168
99
143
481
806
589
9
48
400
357
76
980
564
991
957
623
310
673
745
258
531
790
883
840
224
764
711
1016
812
98
183
451
498
141
340
596
24
417
61
386
976
985
951
244
557
301
875
656
108
902
844
216
81
762
704
505
1000
816
161
458
336
133
20
60
609
927
430
275
239
542
369
312
647
739
784
968
874
93
203
687
145
493
901
847
998
167
7
479
126
706
338
418
42
915
454
617
280
584
242
333
534
304
388
637
788
742
956
982
91
694
194
868
484
905
842
607
162
1017
434
226
27
122
463
351
52
254
707
583
547
924
661
634
801
736
414
173
110
390
970
494
686
760
856
37
608
447
233
346
261
210
425
290
586
274
63
538
929
709
659
807
747
187
92
165
1013
391
989
