212
195
42
228
124
12
152
187
38
26
203
76
7
206
157
114
181
48
20
191
222
133
73
234
5
213
155
108
85
46
21
190
122
255
215
53
1
237
109
87
151
41
168
27
15
58
211
136
246
186
235
83
127
4
29
36
16
90
144
68
244
161
230
180
134
194
104
40
62
248
79
10
226
183
126
162
111
199
75
65
141
254
214
119
185
231
22
167
125
86
71
135
148
17
2
172
229
52
217
93
140
64
177
132
25
208
55
84
145
164
128
224
147
44
176
72
18
247
184
103
142
218
156
50
170
198
121
98
23
74
131
63
3
223
160
118
54
193
13
107
31
43
139
81
66
220
166
129
192
189
11
116
201
236
249
69
100
216
163
130
9
150
34
117
78
94
227
61
106
174
28
6
221
239
171
120
80
56
19
88
102
113
123
8
219
245
32
200
232
95
47
253
173
57
110
240
202
33
225
96
137
179
49
112
59
252
169
205
89
241
99
91
159
149
51
209
37
60
178
77
251
138
238
24
70
158
101
207
30
165
143
153
182
14
242
204
67
97
197
0
39
154
115
146
233
250
243
188
175
210
45
105
35
92
196
82
