598
723
676
881
380
67
526
807
764
231
578
289
334
967
458
835
22
1009
498
195
940
273
708
425
900
87
480
129
572
613
668
865
392
51
530
767
226
735
324
29
652
357
832
965
918
509
190
805
298
437
0
699
150
467
558
243
280
599
858
1005
878
401
538
363
52
739
626
491
686
371
924
333
972
419
896
813
294
179
70
713
204
7
570
1021
146
515
756
877
614
397
948
459
846
983
84
643
492
693
740
429
342
259
220
565
40
517
170
365
120
3
322
937
794
773
532
853
1002
137
390
281
978
823
892
665
474
93
710
63
410
347
602
535
638
315
236
183
502
759
996
335
20
163
684
943
1022
717
384
869
50
969
822
455
594
781
148
277
96
65
230
547
696
341
304
503
886
765
650
923
674
855
960
177
446
991
366
393
604
729
8
563
242
139
32
85
1016
221
112
495
778
279
534
355
910
755
66
321
862
687
964
661
172
987
936
399
810
615
48
733
568
255
438
109
1004
477
134
635
24
215
768
891
286
389
90
701
856
971
364
311
424
531
934
403
64
799
826
1015
246
567
728
105
452
327
758
169
354
783
482
611
212
285
18
857
682
431
898
941
980
523
382
825
62
559
796
113
1010
585
746
719
152
345
636
463
88
775
200
173
282
17
860
233
890
671
976
809
946
915
412
369
44
553
268
73
754
521
582
307
4
617
468
725
1006
95
784
127
158
207
930
831
660
387
952
601
300
861
74
353
416
13
512
269
244
757
542
561
732
189
456
821
104
291
792
131
912
633
318
69
662
673
374
581
958
261
712
417
156
1003
844
5
478
919
340
185
868
435
528
35
606
689
574
791
388
901
742
465
270
657
58
239
830
975
110
549
326
141
1012
519
920
1
192
605
290
421
30
453
670
727
576
385
780
749
942
893
698
647
122
479
408
819
982
325
100
145
444
219
622
909
198
1017
954
555
276
25
178
529
250
695
430
769
722
653
118
57
372
995
228
829
484
859
926
337
448
303
516
641
160
911
186
569
734
609
258
545
288
383
420
33
460
711
76
359
992
785
986
811
486
833
932
331
128
373
102
595
646
903
182
193
944
39
770
433
562
793
628
715
394
247
470
77
10
309
988
875
540
839
136
349
174
111
818
593
664
761
908
1013
216
921
950
489
378
405
566
741
462
787
38
267
78
629
720
841
238
651
314
59
166
753
876
677
130
659
338
645
1000
897
706
211
302
411
362
955
928
493
142
571
240
99
616
737
854
795
828
71
176
439
218
271
46
381
124
771
692
655
894
191
556
149
956
933
308
497
472
631
800
743
974
449
882
423
248
15
376
843
596
683
766
61
658
171
224
487
116
963
202
167
312
619
546
879
86
445
990
803
274
745
590
899
414
23
774
375
700
849
824
777
54
227
656
165
504
475
206
115
80
317
284
953
984
627
586
873
260
537
690
413
748
41
808
241
904
103
346
441
154
27
184
379
466
663
848
213
508
959
624
1001
266
925
600
867
694
827
544
79
760
731
6
407
644
249
330
889
42
789
500
187
356
119
916
961
144
751
306
591
804
697
998
543
450
947
874
89
612
637
714
427
842
263
208
237
180
483
772
47
348
19
1018
155
398
929
738
283
548
985
126
323
704
575
884
949
428
801
852
639
252
83
12
505
214
471
554
361
234
175
396
779
870
143
316
815
588
31
678
977
536
621
164
721
422
1023
72
469
272
205
106
993
514
391
344
135
560
297
820
895
850
883
92
21
584
527
798
681
962
625
726
461
776
999
336
53
264
485
434
209
564
181
816
287
358
305
404
123
82
851
592
703
880
513
906
667
680
945
966
473
630
747
786
343
442
253
864
49
1014
225
812
295
140
377
320
885
648
81
914
587
496
409
550
457
724
685
970
217
838
133
168
989
750
101
254
293
788
201
34
147
580
117
618
313
814
329
642
675
506
935
490
907
360
75
872
957
716
415
278
159
836
451
194
251
14
319
608
1007
666
579
36
927
108
541
138
511
524
951
688
481
350
763
400
275
718
981
866
603
806
235
834
197
436
649
28
913
888
577
262
623
368
97
1020
501
522
817
736
705
332
153
406
679
188
863
292
931
16
245
454
45
840
107
994
597
634
265
552
905
132
691
802
367
494
539
518
55
426
203
402
837
752
973
162
573
296
229
610
9
1008
443
672
257
640
887
98
707
476
125
782
199
922
525
352
507
730
499
68
395
310
151
418
871
938
223
94
11
256
557
520
43
632
583
702
1011
464
979
790
669
744
917
26
121
210
339
56
607
386
301
488
847
2
157
432
997
654
551
968
91
620
797
902
589
510
709
222
939
762
533
196
1019
232
351
60
845
370
299
328
37
114
161
440
447
