248
329
458
851
156
205
998
807
776
49
554
931
492
365
86
623
296
577
258
755
852
701
982
735
520
441
602
363
36
877
190
1023
824
569
322
59
212
925
94
543
136
969
474
843
300
405
598
575
312
809
626
531
260
781
686
1007
504
81
730
355
884
389
414
31
368
297
898
91
756
165
222
631
936
657
1010
699
436
53
398
327
600
1
538
811
268
853
118
711
872
505
170
891
924
973
622
255
96
225
578
907
468
941
662
423
128
801
1002
771
76
301
382
167
456
321
530
1019
508
717
486
991
448
881
722
547
588
45
230
271
736
401
842
435
484
933
910
615
816
25
394
563
772
293
174
95
880
449
634
1003
660
341
702
511
904
737
978
227
532
949
22
399
800
65
122
443
572
469
822
783
192
265
306
411
1012
661
278
855
744
593
706
883
340
629
166
23
720
977
266
235
516
805
934
103
360
825
826
211
460
909
70
215
1008
433
282
131
308
589
654
663
704
497
778
171
324
981
902
407
568
193
298
379
244
605
534
935
0
817
866
123
28
581
62
207
256
353
674
635
1004
685
878
87
752
721
810
427
164
789
494
967
32
681
482
515
628
237
526
279
1000
249
418
139
700
309
926
183
544
89
666
523
556
845
358
55
208
1009
754
787
828
445
974
903
264
953
18
179
724
461
406
535
432
33
682
1011
140
325
206
495
864
897
74
99
548
285
30
591
656
257
794
779
716
125
806
983
104
937
50
467
412
837
510
383
232
361
442
283
620
141
582
175
888
537
818
683
876
317
790
647
768
553
986
739
172
21
46
927
72
705
2
835
948
437
470
335
616
409
90
747
252
1021
134
111
552
369
658
499
780
213
310
599
512
913
962
979
844
277
422
15
88
585
58
187
1020
373
446
159
224
481
594
763
932
1005
710
527
792
113
922
475
612
669
238
47
280
649
98
827
356
1013
966
191
424
521
26
723
900
493
870
351
384
849
586
691
764
821
142
455
416
545
242
603
996
261
950
911
984
929
82
307
44
485
1022
143
576
777
514
643
180
29
814
367
672
385
106
875
740
349
326
223
608
305
274
539
708
245
630
951
64
209
450
555
188
525
670
151
896
73
426
579
860
829
958
7
392
105
42
987
604
749
302
943
696
617
314
491
452
773
830
63
216
185
370
667
644
725
886
791
144
233
762
419
868
509
294
743
120
945
114
971
564
613
342
359
168
337
130
707
540
453
54
415
272
673
882
395
916
221
318
975
16
513
386
651
836
197
942
871
472
961
802
715
100
565
150
719
496
217
194
67
748
541
678
887
8
241
570
115
84
653
854
703
560
177
378
331
636
757
518
479
184
609
746
795
420
253
694
895
152
465
66
995
132
733
774
655
240
889
562
587
108
861
614
375
960
9
234
803
676
269
214
1015
40
153
890
259
68
741
438
343
928
377
714
3
60
133
838
319
976
761
186
219
796
429
646
519
344
1017
610
923
92
229
454
687
728
393
154
939
788
573
286
503
992
137
490
387
892
637
78
767
848
665
346
963
580
693
182
39
536
417
226
11
116
997
750
295
464
985
690
915
804
557
158
487
944
201
970
243
380
181
590
639
320
833
858
19
364
397
430
607
48
457
138
275
820
765
742
119
80
689
178
347
316
917
1006
551
648
145
522
947
980
901
566
431
680
841
402
267
4
869
734
287
632
713
466
107
812
597
758
79
24
313
650
339
52
421
254
199
912
873
946
483
684
101
574
847
304
281
146
659
596
989
270
751
968
785
618
459
124
813
550
775
480
289
738
43
404
357
894
695
408
625
202
859
20
333
502
567
920
753
434
323
972
77
1014
759
784
273
938
155
388
549
350
823
112
41
210
595
12
85
366
959
640
473
34
675
148
517
718
311
440
57
914
611
396
13
846
879
336
769
330
195
732
173
798
231
488
633
290
507
220
157
262
583
688
561
1018
371
956
533
990
135
840
345
930
75
428
381
862
679
328
601
642
51
476
5
198
727
624
921
546
291
332
149
110
999
176
905
954
867
940
797
766
127
584
529
354
27
284
413
462
439
712
489
834
299
204
93
246
919
160
865
410
899
692
645
558
815
352
121
218
955
964
61
6
263
376
793
994
35
908
709
782
239
832
729
498
619
652
893
478
863
288
161
338
83
196
117
102
671
952
641
506
251
988
621
390
799
1016
857
770
147
668
37
726
303
592
697
906
451
524
69
14
463
400
97
162
203
228
965
542
831
856
1001
362
315
236
477
374
447
808
169
698
571
276
885
38
71
760
425
786
627
500
677
126
391
528
993
250
731
292
957
606
471
200
745
850
163
348
189
918
559
56
129
10
819
372
109
638
839
664
17
874
403
444
501
334
247
