394
485
92
25
272
51
4
251
174
283
236
433
328
359
498
411
458
101
10
379
54
29
244
131
276
185
168
441
392
331
354
43
500
399
116
299
88
267
374
137
176
69
468
13
248
439
282
319
390
37
216
427
106
1
94
57
496
401
120
225
478
317
140
505
256
271
170
189
446
117
290
77
208
91
18
97
324
415
488
393
150
309
246
509
130
273
58
11
230
35
464
217
178
353
112
327
70
199
258
147
380
21
310
133
366
275
84
191
34
321
104
235
156
351
252
469
336
285
20
409
304
499
6
59
184
213
172
119
266
41
154
389
350
429
474
313
278
241
502
27
226
89
52
201
358
413
492
135
436
341
152
391
182
511
302
473
242
31
200
219
56
81
352
231
132
17
426
507
444
153
334
121
298
279
480
15
260
355
36
79
222
365
308
329
190
145
424
447
160
489
470
307
372
71
430
259
42
7
118
207
382
457
340
183
360
293
326
149
490
255
16
45
78
161
232
53
418
371
204
107
466
67
432
449
300
281
142
333
316
163
482
381
406
211
8
227
180
195
122
465
68
261
146
437
86
337
314
417
46
491
100
347
238
113
428
479
192
387
136
277
462
157
76
335
306
127
368
503
224
33
416
173
60
435
198
481
144
383
460
159
510
311
110
49
188
369
240
405
342
471
264
203
422
151
508
445
30
73
166
103
322
303
126
237
362
55
186
141
400
3
338
111
476
453
448
243
218
169
90
315
280
301
74
155
38
375
22
425
50
99
194
339
396
455
262
233
356
495
292
9
312
39
384
143
450
193
412
269
206
501
128
463
330
115
98
363
234
295
158
305
72
257
410
493
32
171
2
215
196
423
472
87
134
61
456
239
378
361
14
297
40
431
148
343
274
407
212
125
108
85
454
167
62
23
364
477
288
385
44
421
402
221
440
247
214
181
348
459
318
129
504
83
376
265
296
229
0
483
398
249
26
179
210
139
414
95
346
475
124
373
452
65
320
253
286
177
494
395
420
75
12
209
114
223
96
349
268
443
332
377
294
461
250
487
164
63
404
123
48
287
202
497
102
187
228
367
82
323
388
451
24
245
220
467
438
397
344
109
284
263
484
165
408
205
66
93
370
19
254
291
270
175
434
345
138
5
386
403
486
325
28
47
80
105
442
357
64
197
506
419
162
289
