178
167
0
110
146
16
49
188
81
37
232
134
58
197
6
185
242
70
229
42
84
205
124
142
238
151
7
186
68
21
41
48
127
203
109
217
139
158
1
245
75
15
40
103
120
204
61
176
145
85
248
73
17
113
43
184
166
153
200
30
136
102
91
255
78
14
123
2
35
149
96
22
133
198
106
182
212
161
79
147
39
222
94
18
126
112
228
59
206
4
80
157
33
235
190
246
51
115
10
62
180
214
252
231
165
125
92
23
156
187
11
177
202
219
67
118
128
226
93
20
34
152
60
181
44
168
13
86
216
65
237
199
150
183
251
100
56
174
83
195
8
239
72
160
26
230
107
247
193
173
36
201
5
77
223
28
234
215
12
52
191
172
249
38
76
69
148
24
108
132
233
119
244
207
159
46
27
71
88
225
97
241
116
154
210
31
47
135
63
90
243
143
196
117
155
213
25
105
45
221
64
122
87
144
129
171
74
209
137
111
50
98
66
218
163
19
32
194
89
54
130
208
254
170
3
99
220
29
57
138
114
253
162
9
189
227
179
101
141
53
82
131
236
164
169
250
224
192
211
104
140
175
121
95
240
55
