200
163
139
99
6
208
147
16
169
54
75
224
127
95
160
2
192
141
67
81
21
122
97
135
166
104
220
87
252
157
55
76
188
44
146
12
232
85
120
182
25
77
100
47
142
8
137
228
125
212
186
15
107
33
93
72
195
140
4
116
86
216
51
126
96
184
20
78
211
10
226
42
115
156
63
134
123
98
231
183
22
162
92
193
109
128
60
118
101
144
235
13
26
80
245
196
41
108
130
218
119
145
17
248
113
229
237
197
32
53
90
213
223
149
74
23
106
43
233
253
190
114
175
215
129
83
241
36
102
50
230
249
161
64
112
176
133
88
39
206
61
49
19
191
117
71
181
158
202
124
84
35
150
187
105
132
110
73
28
171
238
65
180
48
255
38
3
153
131
143
27
174
251
59
210
82
167
91
29
14
56
179
37
194
246
254
207
173
222
66
11
0
152
214
178
165
240
250
62
201
227
148
79
45
1
177
204
89
242
7
70
209
219
31
154
111
52
198
185
247
168
121
239
203
225
40
189
155
5
30
46
243
57
68
172
18
217
205
159
94
136
236
58
244
69
34
170
24
221
9
199
138
234
103
151
164
