221
191
81
105
255
93
38
175
53
8
144
209
225
128
88
104
168
13
74
186
200
121
158
107
33
91
222
130
243
210
51
178
156
103
252
82
129
55
173
237
216
205
153
26
37
108
185
174
238
45
133
248
217
203
151
5
23
115
84
162
57
228
253
127
94
19
3
48
27
154
201
69
60
220
245
14
165
193
125
146
49
76
59
202
232
219
247
31
160
109
72
142
47
120
167
197
80
249
208
132
22
106
63
1
159
169
70
16
86
43
215
141
112
134
234
161
36
67
75
46
97
176
7
110
111
183
34
226
21
126
83
79
61
41
28
233
189
114
100
147
12
227
92
166
68
44
187
78
180
113
150
242
229
89
17
42
188
117
139
73
170
196
124
0
96
246
230
143
116
65
179
190
56
24
95
241
231
39
212
138
194
9
182
123
250
29
54
163
90
148
131
206
198
20
184
101
30
254
155
11
224
52
140
207
4
239
218
99
32
64
149
177
235
50
137
199
251
25
214
118
2
181
98
18
171
236
40
62
211
164
87
119
6
35
195
152
135
240
66
172
204
102
77
122
10
192
223
157
136
244
85
145
213
15
71
58
