942
238
616
406
266
835
465
887
310
112
778
178
742
531
814
653
679
933
72
510
149
579
258
400
101
604
852
223
952
424
482
875
317
171
721
751
330
541
788
650
51
136
515
367
255
76
392
114
839
471
986
37
211
422
188
897
968
951
726
807
542
761
682
651
343
628
936
676
137
20
169
516
274
861
359
396
104
484
54
982
454
421
225
199
915
79
805
829
710
776
544
675
642
575
947
181
156
846
337
44
261
746
102
478
450
930
894
966
993
426
414
234
210
68
813
704
732
543
790
647
598
563
140
855
38
494
404
520
275
325
354
103
466
985
1006
232
189
898
428
78
688
812
774
734
548
21
53
135
658
973
503
360
871
405
416
391
395
277
461
323
943
722
170
633
989
233
435
110
801
759
14
536
600
57
212
571
384
971
659
476
90
713
874
415
348
269
768
631
507
174
911
990
1005
242
744
811
30
193
585
555
645
148
372
334
456
961
7
670
97
168
880
253
326
272
720
521
777
823
752
799
1011
235
603
564
128
48
184
841
635
379
332
972
467
962
678
15
93
249
733
888
142
286
698
506
67
40
797
607
1023
220
314
540
643
117
388
955
844
0
474
988
663
437
265
100
730
882
905
497
1019
284
702
32
749
349
817
206
1009
176
313
590
131
646
369
791
546
226
462
611
969
938
394
12
109
81
870
918
270
297
693
716
525
997
763
625
1022
662
186
572
141
247
370
826
477
593
448
928
403
901
3
984
847
69
701
279
45
295
517
1016
787
996
757
657
610
245
363
185
552
126
159
28
479
216
436
836
937
889
913
1003
977
869
690
74
407
312
793
505
386
227
661
850
626
355
750
118
160
257
568
538
464
4
434
42
912
182
84
953
1008
686
708
280
786
292
320
491
364
29
198
854
827
652
764
256
116
8
583
162
470
699
438
63
671
892
336
957
237
684
803
397
366
493
316
46
139
215
842
735
630
248
276
13
588
559
775
166
703
711
430
80
106
914
995
648
339
796
411
365
481
577
315
533
201
129
509
229
152
627
831
865
39
553
741
772
260
183
443
82
974
896
924
694
322
346
816
417
528
578
304
485
10
371
851
221
618
165
49
739
649
780
91
991
689
385
451
127
341
903
932
945
920
808
535
499
33
252
303
582
729
762
640
83
840
222
613
164
195
107
1
987
669
944
446
133
389
885
358
958
917
810
492
539
241
770
307
998
576
472
743
177
287
632
700
217
665
328
98
433
398
935
70
527
344
881
18
685
908
916
921
802
567
832
119
1010
243
736
587
172
636
293
374
204
612
463
420
439
9
94
890
929
508
864
134
224
1015
691
902
353
845
800
550
475
580
753
727
173
291
305
667
380
638
429
16
445
329
523
948
399
47
77
927
158
992
111
899
862
496
795
554
581
828
213
719
1020
282
514
350
681
444
617
654
41
319
393
71
919
963
151
589
883
180
115
809
547
488
207
860
756
342
92
309
529
296
281
714
674
50
615
442
24
387
925
965
586
1004
157
806
884
196
830
769
556
113
486
324
859
86
61
705
301
530
283
641
22
441
356
983
923
818
570
138
900
209
755
798
502
331
725
687
55
469
250
1013
867
96
637
592
447
377
263
964
23
922
179
560
124
833
402
771
154
877
524
218
306
85
498
723
361
457
268
240
1018
43
623
599
167
432
954
926
782
5
121
561
673
821
849
779
526
879
202
228
318
62
495
375
294
1001
706
458
251
347
639
621
36
423
907
978
155
767
2
557
666
819
848
537
878
197
239
59
512
89
333
300
376
1021
573
449
724
696
595
608
425
143
910
976
748
760
789
27
65
504
853
876
214
6
352
327
558
259
373
285
1012
715
660
605
634
455
601
620
427
692
105
132
950
191
758
728
785
490
857
891
35
73
834
551
230
289
383
153
335
453
717
1017
629
596
122
668
419
792
351
754
960
321
194
34
838
501
872
75
244
278
562
144
390
695
452
893
1000
609
205
123
624
594
655
820
413
52
784
26
981
946
843
311
747
87
487
868
522
357
459
236
565
381
150
264
408
290
712
64
683
619
895
1007
203
656
125
856
980
959
931
431
804
31
95
737
766
873
518
368
480
175
299
545
418
574
267
147
1002
707
56
672
622
219
886
837
934
979
783
19
731
956
362
163
190
440
483
549
591
271
511
308
410
246
130
994
680
824
58
614
904
866
1014
941
17
781
709
975
378
738
340
192
460
489
146
584
569
273
519
99
401
298
231
606
825
664
66
906
25
863
940
949
718
773
745
88
999
970
382
254
338
187
473
500
108
145
534
566
409
602
815
302
208
644
677
909
60
939
858
11
765
697
345
740
161
967
262
468
513
288
822
597
200
120
532
794
412
