233
2
197
156
61
240
183
207
79
35
175
119
10
55
96
157
65
146
25
46
90
184
122
74
13
236
250
21
81
143
50
155
169
181
29
120
245
92
232
63
130
15
100
150
223
205
27
118
253
68
180
36
78
221
8
147
158
94
188
252
14
66
179
26
123
4
227
82
238
102
192
249
32
178
212
124
1
222
98
110
139
93
165
255
251
151
58
38
203
127
101
6
228
109
23
254
161
239
62
125
40
201
168
218
153
246
106
51
87
69
116
134
148
219
160
209
186
241
71
43
85
216
108
191
34
145
18
226
77
247
129
170
49
211
31
59
88
140
44
231
16
72
28
164
104
213
80
190
112
138
47
237
20
199
60
159
39
173
206
76
115
136
11
45
196
19
172
103
187
167
126
208
37
5
48
84
57
17
111
107
154
163
248
75
200
24
52
177
9
42
214
133
144
230
242
189
67
33
54
22
113
12
73
195
224
131
142
97
210
166
182
114
229
56
137
198
105
70
176
89
117
204
235
152
53
185
3
135
215
41
171
95
225
121
193
7
162
243
132
64
83
174
220
202
141
30
0
99
234
128
149
86
91
194
244
217
