96
37
530
759
270
887
590
639
728
379
478
1003
846
17
964
787
302
133
88
331
984
361
716
567
600
683
938
417
32
201
512
1019
900
885
386
255
480
749
352
545
784
321
282
821
688
867
138
79
226
1007
638
611
952
729
660
263
556
425
522
13
198
839
116
913
376
145
314
89
988
777
244
679
436
1015
284
705
756
207
608
579
798
645
494
737
70
11
510
817
844
187
382
31
908
395
592
941
748
231
860
549
410
309
446
141
72
257
26
977
288
775
8
641
364
1021
508
617
838
333
184
209
912
111
744
235
802
661
474
49
548
999
146
469
632
383
962
323
826
931
772
165
368
429
34
699
2
495
114
897
210
77
558
851
668
293
1014
591
452
779
738
965
944
339
44
481
650
131
890
169
74
465
414
841
1008
3
212
365
722
615
544
677
780
305
348
869
822
391
126
951
260
357
902
747
156
85
430
517
62
857
466
653
406
575
202
289
610
837
678
873
186
287
1006
313
634
91
790
127
934
541
490
743
1022
909
426
153
350
825
450
475
384
47
220
15
564
301
182
109
680
727
620
539
786
599
200
315
872
935
36
763
1012
489
416
125
820
899
164
279
686
67
228
385
654
525
112
353
792
721
546
619
504
565
580
927
94
325
954
895
484
761
420
71
48
135
596
143
290
1013
218
245
878
669
174
99
824
445
856
537
646
343
204
929
390
731
970
701
84
119
776
407
30
803
594
483
286
251
152
1009
894
675
862
179
830
939
750
1
42
359
540
69
102
625
974
215
520
707
774
423
342
459
926
493
742
259
874
307
148
397
674
173
724
1011
924
607
54
27
362
227
86
551
958
981
496
813
768
647
432
587
458
283
334
695
526
175
38
861
404
829
76
921
914
723
360
147
1002
243
782
561
624
959
106
807
428
211
294
685
892
261
340
387
166
485
10
447
644
95
864
121
994
523
920
833
720
563
236
41
788
955
354
609
298
183
692
297
472
419
144
205
192
7
1020
879
916
713
648
61
90
529
982
831
754
573
254
603
346
953
320
799
394
623
216
295
652
433
412
687
586
457
552
511
918
845
810
709
0
157
52
241
316
767
246
875
388
75
966
989
292
503
222
191
274
441
536
479
134
345
626
691
794
719
158
655
852
21
256
753
1000
765
886
919
400
589
708
371
310
501
280
189
66
421
538
337
120
673
468
223
642
39
816
745
568
23
140
911
986
961
858
439
932
783
252
351
300
487
588
177
518
405
706
217
278
53
904
461
834
629
28
671
736
117
968
87
992
533
976
801
602
881
250
335
214
377
684
171
854
43
392
193
258
633
136
923
104
239
460
595
434
535
296
891
804
997
730
491
956
221
778
319
6
703
656
45
936
865
262
195
424
159
560
367
672
627
796
303
14
907
516
103
980
583
998
735
276
55
418
467
336
203
948
167
866
375
142
269
188
769
444
505
630
815
676
991
312
597
906
651
562
715
100
63
20
971
946
155
734
341
230
449
574
185
876
513
264
755
358
791
408
107
304
843
554
613
46
905
698
585
704
819
884
1001
238
963
344
9
178
667
440
381
462
101
758
985
268
793
578
129
718
515
308
65
682
553
16
455
604
739
818
877
234
389
842
945
766
181
322
413
800
437
92
273
528
1005
498
969
128
659
58
29
618
693
470
473
584
247
832
893
746
773
378
943
806
401
338
197
176
443
124
299
990
717
640
229
68
681
456
51
616
521
160
19
896
265
978
555
380
855
180
415
712
811
928
347
12
123
108
741
318
527
208
497
622
993
572
33
690
663
850
93
880
277
170
559
130
471
150
409
760
73
732
785
190
967
506
373
606
317
576
531
612
827
22
933
868
237
356
271
898
689
770
427
132
657
524
797
492
403
18
463
614
59
366
975
550
249
326
97
582
751
828
115
870
665
940
431
888
285
700
1023
82
163
402
995
464
789
56
233
488
917
812
849
764
543
442
311
1010
631
24
137
372
569
950
519
882
275
714
973
168
199
78
903
242
847
752
605
696
649
454
507
98
577
808
327
482
5
1018
151
374
253
396
947
50
349
532
725
840
757
118
219
80
871
814
925
694
435
636
499
194
581
664
477
324
983
248
771
272
363
398
957
162
1017
740
57
224
863
122
83
60
547
702
635
930
901
514
809
836
593
4
571
328
453
662
291
422
369
960
987
232
393
154
795
196
35
64
859
172
733
266
105
628
915
942
711
502
979
670
213
566
329
476
835
1016
355
542
399
438
139
762
81
40
643
726
883
598
697
110
161
922
621
500
281
1004
949
240
805
570
853
330
451
658
781
972
823
370
889
206
411
306
25
486
937
710
601
910
113
996
267
848
509
534
225
666
149
448
557
332
637
