155
136
24
61
407
98
501
241
261
352
299
121
379
457
70
188
36
223
157
361
314
56
392
488
90
178
251
295
428
122
76
219
509
0
32
107
161
358
315
55
404
492
89
134
181
237
292
447
275
429
77
40
370
389
163
505
54
224
19
482
104
203
256
438
332
282
169
71
365
28
124
221
462
93
57
11
491
507
158
296
247
344
427
197
64
147
378
267
114
185
328
88
210
15
48
504
164
302
233
339
485
418
439
102
391
277
191
141
20
249
510
215
68
318
172
367
263
336
498
420
92
445
159
390
52
297
79
281
182
29
126
13
202
354
151
400
333
430
260
480
108
276
222
450
82
195
343
322
22
357
466
350
411
148
502
257
334
231
53
289
213
317
72
196
17
401
376
419
106
347
484
153
254
459
226
44
84
294
190
320
368
476
145
33
511
403
180
337
283
496
255
201
432
51
81
229
300
375
324
245
211
35
146
174
94
340
416
18
285
493
435
192
253
319
42
374
140
26
78
175
99
409
467
342
59
508
483
431
304
278
200
239
184
373
149
321
422
443
402
193
6
495
179
474
383
236
298
271
137
408
440
214
50
189
286
305
369
2
452
75
478
118
235
162
143
268
381
415
425
16
204
258
43
291
177
398
460
135
353
4
117
232
156
270
494
384
414
205
250
246
290
45
442
351
455
472
144
316
7
113
217
380
38
269
426
405
21
198
284
310
355
142
66
454
252
176
154
119
225
207
5
470
436
101
377
47
132
279
30
301
218
458
503
345
240
187
86
329
112
272
8
63
387
309
288
139
486
453
506
227
366
348
471
128
110
323
3
83
49
170
386
410
287
194
434
497
372
468
346
242
138
116
95
167
62
206
399
274
14
448
424
313
469
500
382
479
362
341
243
39
183
125
208
58
165
388
1
273
312
446
465
371
330
238
490
216
133
264
74
109
363
413
397
303
230
31
10
441
461
97
123
327
475
280
356
69
168
111
152
37
186
395
100
433
212
451
293
473
325
308
25
234
131
80
364
120
489
160
423
65
91
34
9
449
171
199
406
464
259
326
359
393
127
115
228
338
96
73
209
23
46
444
421
499
173
349
477
265
311
150
385
130
248
437
331
103
87
67
12
456
412
487
360
307
166
41
266
220
244
129
335
85
105
60
463
27
417
394
396
481
262
306
