128
105
211
84
168
31
9
73
95
223
59
186
16
111
46
83
218
35
96
77
64
181
160
227
7
53
147
23
172
238
88
102
39
66
1
180
246
197
233
18
150
28
61
97
215
6
206
176
75
188
17
148
43
62
57
93
249
131
175
115
19
74
151
50
32
212
247
92
167
222
177
72
118
145
244
47
40
129
170
99
15
202
79
245
149
133
48
71
20
122
60
104
11
78
196
42
52
185
38
152
251
124
204
169
85
110
216
234
45
103
155
144
55
130
37
203
114
187
232
67
242
137
121
156
217
24
44
200
108
237
91
208
140
255
157
2
192
56
14
231
252
207
26
116
86
190
159
12
179
198
127
228
41
89
191
162
27
195
8
220
119
63
210
134
112
76
183
243
25
201
254
224
230
65
209
139
161
235
189
171
30
68
13
225
136
153
5
205
221
229
182
194
165
69
143
29
100
240
120
0
109
173
158
193
214
33
141
49
70
164
22
87
10
174
178
125
113
135
154
80
236
226
36
21
51
98
126
199
138
107
146
4
239
82
94
219
54
250
132
117
163
142
101
3
213
58
90
34
253
241
123
81
166
184
106
248
