200
53
138
177
104
152
119
188
225
89
158
30
249
47
132
191
99
69
234
222
155
26
48
124
196
111
134
157
75
253
241
224
184
31
49
163
197
73
139
156
80
251
237
214
168
35
55
131
101
173
121
149
78
247
205
220
128
32
11
136
231
71
107
254
151
130
14
217
142
201
68
236
209
79
98
127
33
59
20
114
12
212
235
244
3
81
64
195
133
164
34
106
87
52
118
233
208
6
66
252
192
16
170
76
41
245
227
57
112
2
85
207
13
176
143
255
61
19
0
116
166
67
219
202
159
120
56
229
65
21
88
179
115
74
213
203
223
45
154
243
62
95
190
109
148
161
82
206
216
43
181
29
58
140
238
199
221
187
117
91
175
44
250
27
135
110
15
210
182
232
24
92
147
46
129
167
39
105
218
240
186
1
50
23
248
230
204
123
215
100
108
169
189
7
54
86
162
36
25
96
113
126
103
63
185
242
5
228
150
165
38
90
17
211
122
141
9
183
153
42
77
97
198
146
160
246
226
8
83
174
18
72
84
193
37
145
4
178
60
94
125
172
22
137
51
239
28
194
102
70
10
93
180
40
144
171
