67
206
221
118
38
14
164
131
252
226
83
50
150
26
99
121
68
44
170
196
208
128
179
248
224
93
105
74
46
163
62
132
172
27
255
103
230
127
240
192
42
12
98
203
166
2
215
110
48
135
242
188
145
18
233
180
169
204
159
216
35
151
78
53
94
15
175
41
114
186
212
102
148
54
9
123
84
22
168
253
45
190
116
227
144
16
76
165
235
125
193
28
176
136
112
73
95
10
81
241
120
194
69
36
59
210
155
137
0
11
23
80
245
147
199
133
107
217
161
231
122
4
88
77
249
113
207
149
167
134
234
100
63
87
117
30
247
229
75
153
5
108
97
146
70
32
251
195
158
228
91
238
178
104
37
143
79
52
246
66
19
187
156
225
239
85
49
101
89
13
142
1
177
72
191
20
220
205
86
183
96
29
43
55
171
211
119
189
141
201
71
157
106
33
130
56
236
218
181
6
197
209
82
111
162
34
140
57
232
3
126
173
64
214
21
160
40
115
138
58
223
184
243
254
152
31
65
47
129
90
200
24
222
185
154
39
8
244
60
124
139
92
198
237
219
182
109
25
7
250
61
174
213
51
202
17
