420
137
389
159
58
293
101
477
20
260
338
229
414
505
464
180
118
384
349
160
62
302
96
331
10
269
475
445
502
237
425
314
88
457
297
224
347
161
179
202
103
41
363
271
323
75
241
416
413
460
494
254
220
285
186
168
64
47
94
308
344
427
80
462
246
111
409
296
181
276
329
197
162
231
399
45
444
309
482
74
90
105
247
59
415
295
492
322
198
278
23
447
164
395
4
144
214
311
69
97
252
435
421
31
324
508
483
279
154
455
8
388
60
209
115
81
432
99
319
377
345
44
305
498
174
150
289
270
467
402
232
125
184
21
63
84
106
316
212
348
440
503
2
370
166
280
233
397
412
471
261
17
341
299
50
207
438
190
227
501
465
367
130
176
256
394
448
346
11
300
43
213
495
27
334
374
185
142
430
257
122
411
391
401
221
273
46
307
353
451
15
57
468
169
188
509
441
143
127
236
400
343
40
206
360
310
315
182
12
491
71
133
466
170
434
275
120
192
223
406
36
359
98
155
325
312
500
263
5
140
479
178
439
91
116
380
195
272
398
318
35
504
354
301
463
72
262
136
287
335
446
222
191
100
497
393
48
177
29
429
362
313
251
486
135
281
225
350
449
189
110
303
25
378
61
333
419
249
157
493
0
342
193
277
95
128
456
52
382
266
39
489
351
410
426
250
141
443
14
30
337
480
108
187
93
210
290
55
454
267
355
387
248
153
201
453
407
470
215
372
138
499
83
436
298
51
461
383
274
245
119
165
34
6
418
365
321
356
147
228
433
85
506
459
306
53
392
264
107
244
126
37
211
369
452
148
82
385
253
73
328
18
304
54
194
403
239
112
1
134
42
476
216
156
442
89
373
288
255
507
22
56
129
408
238
330
484
431
200
78
151
371
282
172
28
339
258
123
235
66
113
478
428
366
132
152
490
79
204
381
175
32
19
326
450
396
226
473
117
242
511
364
292
76
145
379
423
487
437
163
13
33
332
205
268
469
114
294
352
361
87
376
68
146
104
390
424
173
3
16
488
217
158
196
358
121
49
286
149
375
70
327
167
481
26
496
86
9
404
230
208
357
259
336
510
124
283
67
183
422
320
472
24
368
38
102
234
458
219
77
243
199
386
131
417
284
265
65
171
485
7
340
109
92
317
203
218
405
240
139
291
474
