208
113
186
19
92
221
150
71
168
105
50
147
212
229
238
111
136
25
74
91
124
189
182
103
232
225
218
59
252
133
142
247
152
129
42
171
196
21
118
215
144
185
82
67
36
181
6
55
112
121
194
163
156
45
246
79
0
177
114
195
148
125
78
191
72
217
162
51
164
245
134
199
88
145
226
107
244
173
86
47
40
209
202
115
20
61
222
255
128
137
66
83
236
109
54
95
8
81
138
203
28
165
126
23
248
57
90
211
108
157
174
231
32
249
2
187
204
149
46
127
240
169
122
99
140
37
70
87
120
1
234
219
12
29
214
159
80
17
250
179
132
197
62
175
224
241
34
123
84
213
14
7
24
193
170
11
228
93
38
143
184
97
18
139
68
253
166
223
64
153
130
3
180
101
206
63
192
73
146
243
44
85
158
167
48
65
106
235
188
13
30
135
96
89
26
227
60
117
110
207
176
49
242
131
76
5
22
151
160
201
178
43
100
205
230
15
216
161
210
27
52
237
190
39
104
9
58
75
116
141
254
31
200
41
154
251
172
53
94
239
16
233
98
155
4
77
198
183
56
33
10
35
220
69
102
119
