79
250
145
127
195
70
50
101
254
231
186
42
81
172
137
235
93
51
29
249
224
204
78
176
153
180
3
236
100
188
229
253
37
59
75
128
19
116
82
198
95
107
219
162
44
147
169
157
135
223
202
55
94
39
103
199
57
154
85
27
142
222
5
166
182
203
109
52
146
161
189
123
140
97
183
209
247
34
197
73
132
2
104
124
208
220
184
174
36
69
191
179
99
218
84
125
207
31
119
228
15
67
46
251
237
17
62
126
206
35
227
170
12
118
33
160
13
40
131
129
243
205
38
10
16
122
114
165
212
233
138
54
88
171
41
187
14
164
117
28
215
244
143
193
158
173
8
53
106
168
76
234
213
141
48
242
163
177
23
196
115
190
80
0
6
200
49
241
139
175
25
102
155
246
83
167
7
238
30
216
149
248
20
113
45
105
86
64
136
240
181
159
68
245
9
214
92
134
65
21
60
32
47
87
72
151
18
43
144
133
98
217
61
111
226
91
66
192
22
211
230
112
56
96
4
24
152
130
71
194
255
201
225
108
63
210
232
26
150
89
121
74
239
178
185
110
58
252
1
11
156
148
90
77
221
120
