169
391
435
281
326
104
352
380
230
141
480
75
316
203
414
93
337
253
164
179
446
465
60
432
26
396
305
268
4
377
206
38
243
478
83
131
334
168
184
409
58
496
438
105
45
272
11
394
350
217
251
285
76
320
112
406
186
484
201
89
378
449
310
50
7
393
342
151
246
325
498
420
204
115
174
97
459
40
265
10
63
145
399
329
247
228
426
385
497
92
469
24
188
166
445
129
395
2
346
59
323
245
292
429
269
220
490
506
314
472
207
32
71
140
405
110
339
5
495
238
448
221
266
424
86
177
470
311
22
117
402
147
134
456
333
34
236
12
360
502
411
210
392
267
79
309
474
450
379
139
143
331
37
237
14
492
363
422
218
199
464
254
72
315
298
173
444
108
149
386
368
30
263
353
187
124
77
249
471
208
304
162
503
20
53
373
1
96
279
258
347
200
128
137
81
182
468
244
294
42
8
482
65
275
90
453
430
197
259
312
388
127
241
157
212
27
73
56
505
276
224
88
457
462
202
488
306
260
122
357
242
381
138
16
74
324
52
3
289
155
451
99
273
226
303
351
408
485
87
248
332
28
371
9
280
49
401
443
231
180
308
479
142
167
341
383
84
319
114
25
64
355
290
410
223
499
431
181
100
511
364
257
307
78
416
345
121
15
57
477
284
398
222
322
261
175
150
109
370
340
67
133
299
6
278
17
51
487
412
463
225
95
111
178
330
144
39
302
240
192
277
156
286
19
494
397
421
460
216
376
123
82
362
440
271
483
293
454
35
190
234
18
148
501
344
171
214
417
116
372
70
101
437
46
473
301
195
31
126
233
146
510
361
172
91
415
458
328
475
191
61
300
106
235
270
255
489
348
163
504
366
85
466
400
441
327
194
103
48
297
130
232
313
389
183
29
158
508
375
262
66
413
455
427
338
274
98
213
287
135
439
36
193
113
382
256
369
161
47
425
452
419
239
176
120
0
211
295
55
493
23
367
335
94
358
154
43
384
433
461
196
227
317
250
165
291
125
215
481
21
359
343
80
500
62
152
436
374
185
136
318
219
423
296
118
486
404
41
356
68
209
336
160
442
390
189
132
428
13
283
467
288
252
354
153
69
365
407
54
205
434
170
387
107
507
447
159
418
491
33
264
229
321
282
349
476
44
403
198
102
509
119
