142
222
72
58
159
17
42
232
247
118
76
169
146
220
19
56
99
81
240
116
167
60
132
195
150
224
251
179
112
90
188
79
5
207
165
45
147
223
242
32
73
87
190
204
135
59
91
37
122
227
216
154
77
3
201
18
144
134
89
28
53
38
206
105
65
160
209
191
43
98
128
4
238
119
250
104
33
203
140
62
187
41
168
253
148
214
13
176
124
205
57
249
186
236
171
155
210
69
106
198
8
255
130
234
34
97
208
246
163
200
111
25
16
0
230
85
64
180
217
96
161
192
114
136
11
231
50
202
174
36
23
218
94
162
181
193
14
51
70
115
175
149
126
237
93
158
31
194
7
49
185
152
211
248
121
75
95
20
221
83
6
63
177
46
245
215
92
74
10
21
141
125
82
55
182
172
153
2
213
131
103
199
226
47
80
178
183
170
120
139
35
219
109
196
86
233
71
101
184
27
156
129
244
1
113
197
78
88
66
22
107
138
164
123
151
30
48
225
61
243
100
15
166
235
137
189
110
29
40
254
84
9
133
228
239
143
52
67
108
26
12
252
117
44
173
212
127
241
145
24
54
102
68
39
229
157
