#EsNodB,BLER,BER
4.0 1.0 0.487591796875
4.5 0.999000999000999 0.47869903533966035
5.0 0.9950248756218906 0.43739505597014927
5.5 0.9337068160597572 0.3579324959150327
6.0 0.731528895391368 0.22927001417337234
6.5 0.3633720930232558 0.09360947719840117
7.0 0.12537612838515547 0.028233871536484455
7.5 0.02313850710352168 0.004554173391295294
8.0 0.0043589508877003484 0.0007458914163539119
8.5 0.0013716698942647409 0.00021905899034281787
9.0 0.001114796030013178 0.00017774612359161264
9.5 0.0007367606575974205 0.00011417959851168182
