#EsNodB,BLER,BER
14.0 0.7434944237918215 0.25316266756787204
14.5 0.5336179295624333 0.1671517738753598
15.0 0.2744990392533626 0.07658003310624777
15.5 0.12099213551119177 0.030040651524317587
16.0 0.12669453946534903 0.02948767415700141
16.5 0.09888262632255512 0.01796629900308334
17.0 0.06762696963549063 0.009375300991247431
17.5 0.03332555736994701 0.0035119330742018782
18.0 0.008759098513580981 0.0009548080947872482
18.5 0.0028834398283776614 0.0002509247977922288
19.0 0.0007153046246718075 5.733580350861366e-05
19.5 9.1e-05 6.848484848484848e-06
