#EsNodB,BLER,BER
14.0 0.8460236886632826 0.30156283047800336
14.5 0.6925207756232687 0.22417925467451524
15.0 0.46425255338904364 0.137303599408078
15.5 0.3342245989304813 0.10649884065842247
16.0 0.2753303964757709 0.07505603403772027
16.5 0.15142337976983647 0.03775824784221684
17.0 0.17268174753928509 0.04343451854170264
17.5 0.10031096398836392 0.020305329333433646
18.0 0.05212677231025855 0.008062138370517098
18.5 0.03279118572927597 0.0063731462732817415
19.0 0.006809623359731973 0.001278679686382796
19.5 0.0021019001177064065 0.00027500817770514545
