#EsNodB,BLER,BER
14.0 0.8880994671403197 0.29620372169182946
14.5 0.7256894049346879 0.21689183826197386
15.0 0.5558643690939411 0.16323956017231794
15.5 0.3615328994938539 0.10272689013919016
16.0 0.2768549280177187 0.06395294763981174
16.5 0.23424689622862496 0.05860290026938393
17.0 0.16911889058007779 0.031182947002367664
17.5 0.10319917440660474 0.015250298310113519
18.0 0.052023722817604826 0.0064627282540838625
18.5 0.03240440699935191 0.004934457023655217
19.0 0.0067103735664964465 0.001026608518483724
19.5 0.002010430111418037 0.0002211826518477863
