#EsNodB,BLER,BER
14.0 0.7518796992481203 0.25341193893825475
14.5 0.5277044854881267 0.15901595106740227
15.0 0.2540650406504065 0.06959986680832718
15.5 0.1221001221001221 0.03211580086580087
16.0 0.12224938875305623 0.028454702896940062
16.5 0.09657170449058426 0.017608789488316286
17.0 0.06559097468188377 0.0089705595903943
17.5 0.01732081615685731 0.001902271756257276
18.0 0.009029997652200611 0.0009812597448724664
18.5 0.0010352766118730435 0.00010378909467515108
19.0 0.00040038493147798236 3.342812789438668e-05
19.5 2.8e-05 2.477272727272727e-06
