#construction=<polar_code.iGA.Improved_GA object at 0x145792666940>
#EsNodB,BLER,BER
0.0 1.0 0.4984659090909091
0.5 1.0 0.4947916666666667
1.0 1.0 0.5021022727272727
1.5 1.0 0.49643939393939396
2.0 1.0 0.5012121212121212
2.5 1.0 0.495625
3.0 1.0 0.49920454545454546
3.5 1.0 0.4970833333333333
4.0 1.0 0.4965719696969697
4.5 1.0 0.493219696969697
5.0 1.0 0.4949621212121212
5.5 1.0 0.48613636363636364
6.0 1.0 0.48965909090909093
6.5 1.0 0.4807575757575758
7.0 1.0 0.47875
7.5 1.0 0.47884469696969695
8.0 1.0 0.47195075757575755
8.5 1.0 0.4606439393939394
9.0 1.0 0.46837121212121213
9.5 1.0 0.46494318181818184
10.0 1.0 0.4618560606060606
10.5 1.0 0.45401515151515154
11.0 1.0 0.45106060606060605
11.5 1.0 0.4440909090909091
12.0 1.0 0.43988636363636363
12.5 1.0 0.43106060606060603
13.0 1.0 0.43507575757575756
13.5 1.0 0.43386363636363634
14.0 1.0 0.42946969696969695
14.5 1.0 0.4178787878787879
15.0 1.0 0.4027651515151515
15.5 1.0 0.39875
16.0 1.0 0.38825757575757575
16.5 1.0 0.35359848484848483
17.0 0.9803921568627451 0.33752970885323824
17.5 0.9174311926605505 0.29799138170697803
18.0 0.7518796992481203 0.2230006835269993
18.5 0.5025125628140703 0.13784833257195067
19.0 0.24630541871921183 0.06314375279892522
19.5 0.0819000819000819 0.01842131387585933
20.0 0.024570673712021138 0.005119891117249109
20.5 0.002984046826580971 0.0004929937501956325
21.0 0.0004059677255658175 8.30388529566445e-05
21.5 0.0 0.0
22.0 0.0 0.0
22.5 0.0 0.0
23.0 0.0 0.0
23.5 0.0 0.0
24.0 0.0 0.0
24.5 0.0 0.0
