#EsNodB,BLER,BER
0.0 1.0 0.5006136363636363
0.5 1.0 0.5002954545454545
1.0 1.0 0.5009583333333333
1.5 1.0 0.4991003787878788
2.0 1.0 0.5009299242424242
2.5 1.0 0.4993409090909091
3.0 1.0 0.4992840909090909
3.5 1.0 0.49995454545454543
4.0 1.0 0.4989753787878788
4.5 1.0 0.49669318181818184
5.0 1.0 0.495125
5.5 1.0 0.4921534090909091
6.0 1.0 0.48756818181818184
6.5 1.0 0.4836060606060606
7.0 1.0 0.47723106060606063
7.5 1.0 0.47442992424242425
8.0 1.0 0.4690416666666667
8.5 1.0 0.4639356060606061
9.0 1.0 0.45801515151515154
9.5 1.0 0.45331439393939393
10.0 1.0 0.4485568181818182
10.5 1.0 0.44072537878787876
11.0 1.0 0.43473674242424243
11.5 1.0 0.4290340909090909
12.0 1.0 0.42269507575757576
12.5 1.0 0.41500189393939396
13.0 1.0 0.4074318181818182
13.5 1.0 0.3991931818181818
14.0 1.0 0.387905303030303
14.5 1.0 0.3774280303030303
15.0 1.0 0.3678257575757576
15.5 0.999000999000999 0.345294856658493
16.0 0.998003992015968 0.32257454787394907
16.5 0.975609756097561 0.28671840354767186
17.0 0.8912655971479501 0.24122576027656242
17.5 0.6983240223463687 0.1664312468257999
18.0 0.4633920296570899 0.10179178251467408
18.5 0.20242914979757085 0.04114832535885168
19.0 0.056141926790927464 0.010323947423936195
19.5 0.011495961547990685 0.001987927813890353
20.0 0.00162 0.000280530303030303
20.5 0.00022 3.598484848484848e-05
21.0 2e-05 4.242424242424242e-06
