#EsNodB,BLER,BER
0.0 1.0 0.49930871212121214
0.5 1.0 0.4982916666666667
1.0 1.0 0.4961439393939394
1.5 1.0 0.4950681818181818
2.0 1.0 0.49398295454545454
2.5 1.0 0.49002083333333335
3.0 1.0 0.48574242424242425
3.5 1.0 0.47944886363636363
4.0 1.0 0.4661666666666667
4.5 1.0 0.4569261363636364
5.0 1.0 0.43928219696969695
5.5 0.9970089730807578 0.4151673766579051
6.0 0.9765625 0.3818692294034091
6.5 0.8787346221441125 0.30953593492038134
7.0 0.6734006734006734 0.2106558004285277
7.5 0.3235198964736331 0.08585286707253709
8.0 0.08601410631343541 0.021236524456677563
8.5 0.012890504486861343 0.0029158145959060767
9.0 0.00091 0.00020950757575757576
9.5 6e-05 1.5643939393939395e-05
