#EsNodB,BLER,BER
#CA_SCL
14.0 0.998003992015968 0.2894419494344644
14.5 0.9823182711198428 0.25653204441269273
15.0 0.9372071227741331 0.2174480276050098
15.5 0.800640512409928 0.1631699298833006
16.0 0.6153846153846154 0.11438228438228439
16.5 0.3980891719745223 0.06618986440841536
17.0 0.20271639975674033 0.030667766249562318
17.5 0.07221934816347646 0.010771057705874054
18.0 0.0246 0.0032083333333333334
18.5 0.0078 0.0008174242424242424
19.0 0.0019 0.0002643939393939394
19.5 0.0002 2.6515151515151516e-05
