#EsNodB,BLER,BER
16.0 0.9970089730807578 0.18526344044788712
16.5 0.9803921568627451 0.1433257918552036
17.0 0.9389671361502347 0.10107800650054172
17.5 0.8635578583765112 0.07073867410654976
18.0 0.7017543859649122 0.04528609986504723
18.5 0.5330490405117271 0.027311587666065278
19.0 0.30441400304414 0.013780587753190493
19.5 0.16268098259313488 0.006497853862421944
20.0 0.07716049382716049 0.002763235992402659
20.5 0.03439144340887987 0.001227179293176473
21.0 0.01115505766999029 0.0004008706519778684
21.5 0.0024 7.398076923076923e-05
22.0 0.00036 1.2788461538461538e-05
22.5 8e-05 2.846153846153846e-06
