#EsNodB,BLER,BER
16.0 0.999000999000999 0.18767386459694152
16.5 0.9871668311944719 0.14319804085351964
17.0 0.9319664492078286 0.09967022725643415
17.5 0.8417508417508418 0.06975524475524475
18.0 0.6839945280437757 0.04223534673261076
18.5 0.5221932114882507 0.02852480417754569
19.0 0.3037667071688943 0.013571945976259464
19.5 0.1574307304785894 0.0063293208680488275
20.0 0.07445461990916537 0.002645286736195827
20.5 0.03127638945360148 0.0011394830734586152
21.0 0.008990212356899414 0.00031010728762629486
21.5 0.00204 6.782692307692308e-05
22.0 0.00048 1.4326923076923076e-05
22.5 4e-05 6.538461538461538e-07
