#EsNodB,BLER,BER
1.0 1.0 0.221328125
1.5 1.0 0.207294921875
11.0 1.0 0.201171875
11.5 1.0 0.187490234375
12.0 1.0 0.17853515625
12.5 1.0 0.1635546875
13.0 1.0 0.14908203125
13.5 1.0 0.13220703125
14.0 1.0 0.114072265625
14.5 0.9803921568627451 0.09242876838235294
15.0 0.7407407407407407 0.048111979166666666
15.5 0.45248868778280543 0.023384473981900453
16.0 0.11086474501108648 0.004228883730598669
16.5 0.031756318859364877 0.0013426943251782242
17.0 0.004000484907261486 0.0001243048399806037
17.5 0.0006240249609984399 1.6453783151326053e-05
18.0 0.0 0.0
18.5 0.0 0.0
19.0 0.0 0.0
19.5 0.0 0.0
