#EsNodB,BLER,BER
0.0 1.0 0.3883203125
0.5 1.0 0.383212890625
1.0 1.0 0.375234375
1.5 1.0 0.373154296875
2.0 1.0 0.366328125
2.5 1.0 0.358828125
3.0 1.0 0.352099609375
3.5 1.0 0.34416015625
4.0 1.0 0.33337890625
4.5 1.0 0.326953125
5.0 1.0 0.31935546875
5.5 1.0 0.310849609375
6.0 1.0 0.301396484375
6.5 1.0 0.295595703125
7.0 1.0 0.284150390625
7.5 1.0 0.274033203125
8.0 1.0 0.26587890625
8.5 1.0 0.256005859375
9.0 1.0 0.245751953125
9.5 1.0 0.23619140625
10.0 1.0 0.22669921875
10.5 1.0 0.21396484375
11.0 1.0 0.200595703125
11.5 1.0 0.190390625
12.0 1.0 0.180615234375
12.5 1.0 0.1643359375
13.0 1.0 0.14951171875
13.5 1.0 0.132490234375
14.0 1.0 0.1158203125
14.5 0.9433962264150944 0.08850788620283019
15.0 0.7246376811594203 0.047490658967391304
15.5 0.3048780487804878 0.017140458269817072
16.0 0.08244023083264633 0.0043377730832646335
16.5 0.01556420233463035 0.0005618084265564202
17.0 0.001988510826336721 5.9012338433495363e-05
17.5 0.0 0.0
18.0 0.0 0.0
18.5 0.0 0.0
19.0 0.0 0.0
19.5 0.0 0.0
20.0 0.0 0.0
20.5 0.0 0.0
21.0 0.0 0.0
21.5 0.0 0.0
22.0 0.0 0.0
22.5 0.0 0.0
23.0 0.0 0.0
23.5 0.0 0.0
24.0 0.0 0.0
24.5 0.0 0.0
