5.089000000000000000e+05
4.986000000000000000e+05
4.969000000000000000e+05
5.099000000000000000e+05
4.972000000000000000e+05
5.026000000000000000e+05
5.034000000000000000e+05
4.917000000000000000e+05
4.980000000000000000e+05
5.073000000000000000e+05
5.064000000000000000e+05
5.004000000000000000e+05
4.995000000000000000e+05
4.982000000000000000e+05
4.987000000000000000e+05
4.967000000000000000e+05
5.047000000000000000e+05
5.025000000000000000e+05
5.012000000000000000e+05
5.027000000000000000e+05
5.062000000000000000e+05
5.128000000000000000e+05
5.015000000000000000e+05
4.992000000000000000e+05
4.989000000000000000e+05
4.925000000000000000e+05
4.895000000000000000e+05
4.991000000000000000e+05
4.941000000000000000e+05
5.001000000000000000e+05
4.979000000000000000e+05
4.617000000000000000e+05
4.927000000000000000e+05
4.921000000000000000e+05
4.924000000000000000e+05
4.985000000000000000e+05
5.041000000000000000e+05
5.077000000000000000e+05
5.089000000000000000e+05
4.841000000000000000e+05
4.945000000000000000e+05
5.076000000000000000e+05
4.983000000000000000e+05
4.923000000000000000e+05
4.931000000000000000e+05
4.961000000000000000e+05
5.011000000000000000e+05
4.414000000000000000e+05
4.999000000000000000e+05
4.913000000000000000e+05
5.014000000000000000e+05
4.964000000000000000e+05
5.044000000000000000e+05
4.917000000000000000e+05
5.012000000000000000e+05
4.307000000000000000e+05
4.926000000000000000e+05
4.939000000000000000e+05
5.064000000000000000e+05
3.978000000000000000e+05
5.061000000000000000e+05
3.753000000000000000e+05
4.795000000000000000e+05
1.700000000000000000e+05
4.985000000000000000e+05
4.974000000000000000e+05
4.953000000000000000e+05
5.018000000000000000e+05
4.977000000000000000e+05
5.062000000000000000e+05
4.951000000000000000e+05
5.036000000000000000e+05
5.102000000000000000e+05
4.997000000000000000e+05
5.013000000000000000e+05
4.887000000000000000e+05
5.007000000000000000e+05
4.887000000000000000e+05
4.934000000000000000e+05
4.040000000000000000e+05
4.993000000000000000e+05
5.029000000000000000e+05
5.012000000000000000e+05
4.950000000000000000e+05
5.034000000000000000e+05
4.867000000000000000e+05
4.950000000000000000e+05
3.811000000000000000e+05
5.031000000000000000e+05
4.771000000000000000e+05
4.986000000000000000e+05
3.443000000000000000e+05
4.940000000000000000e+05
3.015000000000000000e+05
4.704000000000000000e+05
1.027000000000000000e+05
4.976000000000000000e+05
4.927000000000000000e+05
4.997000000000000000e+05
4.841000000000000000e+05
5.063000000000000000e+05
4.732000000000000000e+05
5.023000000000000000e+05
3.186000000000000000e+05
5.022000000000000000e+05
4.585000000000000000e+05
5.067000000000000000e+05
2.765000000000000000e+05
4.968000000000000000e+05
2.305000000000000000e+05
4.598000000000000000e+05
5.760000000000000000e+04
5.002000000000000000e+05
4.086000000000000000e+05
4.899000000000000000e+05
2.075000000000000000e+05
5.010000000000000000e+05
1.707000000000000000e+05
4.393000000000000000e+05
2.740000000000000000e+04
4.993000000000000000e+05
1.211000000000000000e+05
4.197000000000000000e+05
1.520000000000000000e+04
3.985000000000000000e+05
9.500000000000000000e+03
1.953000000000000000e+05
2.000000000000000000e+02
4.900000000000000000e+05
4.990000000000000000e+05
4.975000000000000000e+05
5.012000000000000000e+05
5.044000000000000000e+05
5.075000000000000000e+05
5.021000000000000000e+05
4.892000000000000000e+05
4.988000000000000000e+05
4.925000000000000000e+05
5.010000000000000000e+05
4.795000000000000000e+05
5.036000000000000000e+05
4.726000000000000000e+05
5.039000000000000000e+05
3.312000000000000000e+05
5.137000000000000000e+05
5.023000000000000000e+05
4.995000000000000000e+05
4.708000000000000000e+05
4.941000000000000000e+05
4.636000000000000000e+05
4.999000000000000000e+05
2.899000000000000000e+05
4.981000000000000000e+05
4.298000000000000000e+05
4.941000000000000000e+05
2.390000000000000000e+05
5.040000000000000000e+05
1.967000000000000000e+05
4.515000000000000000e+05
4.170000000000000000e+04
5.118000000000000000e+05
5.037000000000000000e+05
4.948000000000000000e+05
4.371000000000000000e+05
4.954000000000000000e+05
4.203000000000000000e+05
5.002000000000000000e+05
2.111000000000000000e+05
5.023000000000000000e+05
3.813000000000000000e+05
4.995000000000000000e+05
1.616000000000000000e+05
4.988000000000000000e+05
1.222000000000000000e+05
4.226000000000000000e+05
1.510000000000000000e+04
5.042000000000000000e+05
3.118000000000000000e+05
4.927000000000000000e+05
1.101000000000000000e+05
4.979000000000000000e+05
7.650000000000000000e+04
4.030000000000000000e+05
6.100000000000000000e+03
4.970000000000000000e+05
4.840000000000000000e+04
3.741000000000000000e+05
3.900000000000000000e+03
3.383000000000000000e+05
1.200000000000000000e+03
1.316000000000000000e+05
0.000000000000000000e+00
4.954000000000000000e+05
4.873000000000000000e+05
5.009000000000000000e+05
3.775000000000000000e+05
4.930000000000000000e+05
3.408000000000000000e+05
4.965000000000000000e+05
1.310000000000000000e+05
5.052000000000000000e+05
2.918000000000000000e+05
4.964000000000000000e+05
8.390000000000000000e+04
4.898000000000000000e+05
6.860000000000000000e+04
3.834000000000000000e+05
4.600000000000000000e+03
4.985000000000000000e+05
2.239000000000000000e+05
4.909000000000000000e+05
5.350000000000000000e+04
4.799000000000000000e+05
3.600000000000000000e+04
3.436000000000000000e+05
1.700000000000000000e+03
4.676000000000000000e+05
1.940000000000000000e+04
3.042000000000000000e+05
2.000000000000000000e+02
2.687000000000000000e+05
5.000000000000000000e+02
7.550000000000000000e+04
0.000000000000000000e+00
4.929000000000000000e+05
1.533000000000000000e+05
4.686000000000000000e+05
2.460000000000000000e+04
4.668000000000000000e+05
1.420000000000000000e+04
2.727000000000000000e+05
1.000000000000000000e+02
4.356000000000000000e+05
1.020000000000000000e+04
2.356000000000000000e+05
0.000000000000000000e+00
1.992000000000000000e+05
1.000000000000000000e+02
3.790000000000000000e+04
0.000000000000000000e+00
3.954000000000000000e+05
4.800000000000000000e+03
1.760000000000000000e+05
0.000000000000000000e+00
1.363000000000000000e+05
0.000000000000000000e+00
1.940000000000000000e+04
0.000000000000000000e+00
1.011000000000000000e+05
0.000000000000000000e+00
9.400000000000000000e+03
0.000000000000000000e+00
6.600000000000000000e+03
0.000000000000000000e+00
0.000000000000000000e+00
0.000000000000000000e+00
4.960000000000000000e+05
4.988000000000000000e+05
5.026000000000000000e+05
5.018000000000000000e+05
5.050000000000000000e+05
4.964000000000000000e+05
4.956000000000000000e+05
4.499000000000000000e+05
5.013000000000000000e+05
5.030000000000000000e+05
5.042000000000000000e+05
4.223000000000000000e+05
5.062000000000000000e+05
4.164000000000000000e+05
4.968000000000000000e+05
2.050000000000000000e+05
5.010000000000000000e+05
4.908000000000000000e+05
5.043000000000000000e+05
3.942000000000000000e+05
5.036000000000000000e+05
3.692000000000000000e+05
4.968000000000000000e+05
1.564000000000000000e+05
4.930000000000000000e+05
3.247000000000000000e+05
4.953000000000000000e+05
1.130000000000000000e+05
4.933000000000000000e+05
7.580000000000000000e+04
3.954000000000000000e+05
6.900000000000000000e+03
5.104000000000000000e+05
4.729000000000000000e+05
5.003000000000000000e+05
3.430000000000000000e+05
5.000000000000000000e+05
2.933000000000000000e+05
4.940000000000000000e+05
8.630000000000000000e+04
4.985000000000000000e+05
2.369000000000000000e+05
4.967000000000000000e+05
5.500000000000000000e+04
4.838000000000000000e+05
3.860000000000000000e+04
3.552000000000000000e+05
1.300000000000000000e+03
5.062000000000000000e+05
1.775000000000000000e+05
4.756000000000000000e+05
3.100000000000000000e+04
4.731000000000000000e+05
2.390000000000000000e+04
3.204000000000000000e+05
4.000000000000000000e+02
4.561000000000000000e+05
1.170000000000000000e+04
2.711000000000000000e+05
0.000000000000000000e+00
2.352000000000000000e+05
0.000000000000000000e+00
5.850000000000000000e+04
0.000000000000000000e+00
4.997000000000000000e+05
4.405000000000000000e+05
4.925000000000000000e+05
2.462000000000000000e+05
4.969000000000000000e+05
2.010000000000000000e+05
4.837000000000000000e+05
4.010000000000000000e+04
4.972000000000000000e+05
1.475000000000000000e+05
4.658000000000000000e+05
2.400000000000000000e+04
4.546000000000000000e+05
1.440000000000000000e+04
2.915000000000000000e+05
4.000000000000000000e+02
4.978000000000000000e+05
9.630000000000000000e+04
4.597000000000000000e+05
1.180000000000000000e+04
4.388000000000000000e+05
4.400000000000000000e+03
2.492000000000000000e+05
0.000000000000000000e+00
4.013000000000000000e+05
3.800000000000000000e+03
2.036000000000000000e+05
1.000000000000000000e+02
1.534000000000000000e+05
0.000000000000000000e+00
2.640000000000000000e+04
0.000000000000000000e+00
4.973000000000000000e+05
6.380000000000000000e+04
4.150000000000000000e+05
3.900000000000000000e+03
3.796000000000000000e+05
2.900000000000000000e+03
1.747000000000000000e+05
0.000000000000000000e+00
3.382000000000000000e+05
1.600000000000000000e+03
1.265000000000000000e+05
0.000000000000000000e+00
9.500000000000000000e+04
0.000000000000000000e+00
1.030000000000000000e+04
0.000000000000000000e+00
2.807000000000000000e+05
8.000000000000000000e+02
8.290000000000000000e+04
0.000000000000000000e+00
5.620000000000000000e+04
0.000000000000000000e+00
2.800000000000000000e+03
0.000000000000000000e+00
2.890000000000000000e+04
0.000000000000000000e+00
1.100000000000000000e+03
0.000000000000000000e+00
6.000000000000000000e+02
0.000000000000000000e+00
0.000000000000000000e+00
0.000000000000000000e+00
4.962000000000000000e+05
3.624000000000000000e+05
4.973000000000000000e+05
1.419000000000000000e+05
4.962000000000000000e+05
1.095000000000000000e+05
4.434000000000000000e+05
1.190000000000000000e+04
4.956000000000000000e+05
7.520000000000000000e+04
4.161000000000000000e+05
4.900000000000000000e+03
4.002000000000000000e+05
3.900000000000000000e+03
1.996000000000000000e+05
0.000000000000000000e+00
4.973000000000000000e+05
4.300000000000000000e+04
3.804000000000000000e+05
2.700000000000000000e+03
3.587000000000000000e+05
1.300000000000000000e+03
1.440000000000000000e+05
0.000000000000000000e+00
3.103000000000000000e+05
4.000000000000000000e+02
1.019000000000000000e+05
0.000000000000000000e+00
7.700000000000000000e+04
0.000000000000000000e+00
6.000000000000000000e+03
0.000000000000000000e+00
4.711000000000000000e+05
2.850000000000000000e+04
3.218000000000000000e+05
8.000000000000000000e+02
2.802000000000000000e+05
5.000000000000000000e+02
8.090000000000000000e+04
0.000000000000000000e+00
2.285000000000000000e+05
3.000000000000000000e+02
5.840000000000000000e+04
0.000000000000000000e+00
4.040000000000000000e+04
0.000000000000000000e+00
1.400000000000000000e+03
0.000000000000000000e+00
1.696000000000000000e+05
3.000000000000000000e+02
2.930000000000000000e+04
0.000000000000000000e+00
2.070000000000000000e+04
0.000000000000000000e+00
2.000000000000000000e+02
0.000000000000000000e+00
1.140000000000000000e+04
0.000000000000000000e+00
2.000000000000000000e+02
0.000000000000000000e+00
2.000000000000000000e+02
0.000000000000000000e+00
0.000000000000000000e+00
0.000000000000000000e+00
4.259000000000000000e+05
1.310000000000000000e+04
2.319000000000000000e+05
6.000000000000000000e+02
1.943000000000000000e+05
0.000000000000000000e+00
3.840000000000000000e+04
0.000000000000000000e+00
1.419000000000000000e+05
2.000000000000000000e+02
2.150000000000000000e+04
0.000000000000000000e+00
1.350000000000000000e+04
0.000000000000000000e+00
7.000000000000000000e+02
0.000000000000000000e+00
1.009000000000000000e+05
0.000000000000000000e+00
1.070000000000000000e+04
0.000000000000000000e+00
5.600000000000000000e+03
0.000000000000000000e+00
1.000000000000000000e+02
0.000000000000000000e+00
3.400000000000000000e+03
0.000000000000000000e+00
0.000000000000000000e+00
0.000000000000000000e+00
1.000000000000000000e+02
0.000000000000000000e+00
0.000000000000000000e+00
0.000000000000000000e+00
5.500000000000000000e+04
0.000000000000000000e+00
4.800000000000000000e+03
0.000000000000000000e+00
2.200000000000000000e+03
0.000000000000000000e+00
0.000000000000000000e+00
0.000000000000000000e+00
8.000000000000000000e+02
0.000000000000000000e+00
0.000000000000000000e+00
0.000000000000000000e+00
0.000000000000000000e+00
0.000000000000000000e+00
0.000000000000000000e+00
0.000000000000000000e+00
7.000000000000000000e+02
0.000000000000000000e+00
0.000000000000000000e+00
0.000000000000000000e+00
0.000000000000000000e+00
0.000000000000000000e+00
0.000000000000000000e+00
0.000000000000000000e+00
0.000000000000000000e+00
0.000000000000000000e+00
0.000000000000000000e+00
0.000000000000000000e+00
0.000000000000000000e+00
0.000000000000000000e+00
0.000000000000000000e+00
0.000000000000000000e+00
