5.000000000000000000e+05
4.946000000000000000e+05
5.003000000000000000e+05
4.958000000000000000e+05
5.078000000000000000e+05
5.024000000000000000e+05
4.989000000000000000e+05
4.930000000000000000e+05
4.953000000000000000e+05
4.978000000000000000e+05
5.016000000000000000e+05
5.018000000000000000e+05
4.999000000000000000e+05
4.989000000000000000e+05
4.994000000000000000e+05
4.982000000000000000e+05
5.013000000000000000e+05
4.999000000000000000e+05
4.959000000000000000e+05
5.079000000000000000e+05
5.002000000000000000e+05
4.978000000000000000e+05
4.975000000000000000e+05
4.942000000000000000e+05
4.973000000000000000e+05
4.882000000000000000e+05
4.939000000000000000e+05
4.914000000000000000e+05
4.960000000000000000e+05
4.987000000000000000e+05
4.968000000000000000e+05
4.288000000000000000e+05
5.017000000000000000e+05
4.978000000000000000e+05
4.987000000000000000e+05
4.999000000000000000e+05
4.980000000000000000e+05
4.969000000000000000e+05
5.078000000000000000e+05
4.902000000000000000e+05
4.977000000000000000e+05
5.096000000000000000e+05
4.994000000000000000e+05
4.917000000000000000e+05
4.856000000000000000e+05
4.886000000000000000e+05
5.014000000000000000e+05
4.015000000000000000e+05
5.078000000000000000e+05
4.965000000000000000e+05
4.982000000000000000e+05
4.863000000000000000e+05
4.980000000000000000e+05
4.815000000000000000e+05
4.983000000000000000e+05
3.710000000000000000e+05
4.989000000000000000e+05
4.800000000000000000e+05
4.999000000000000000e+05
3.272000000000000000e+05
4.934000000000000000e+05
2.939000000000000000e+05
4.433000000000000000e+05
9.230000000000000000e+04
4.971000000000000000e+05
4.985000000000000000e+05
5.063000000000000000e+05
4.986000000000000000e+05
4.989000000000000000e+05
5.063000000000000000e+05
5.003000000000000000e+05
4.963000000000000000e+05
5.034000000000000000e+05
5.080000000000000000e+05
5.017000000000000000e+05
4.719000000000000000e+05
4.846000000000000000e+05
4.764000000000000000e+05
4.932000000000000000e+05
3.393000000000000000e+05
4.997000000000000000e+05
5.084000000000000000e+05
4.952000000000000000e+05
4.773000000000000000e+05
5.064000000000000000e+05
4.580000000000000000e+05
5.011000000000000000e+05
3.019000000000000000e+05
5.026000000000000000e+05
4.461000000000000000e+05
5.067000000000000000e+05
2.515000000000000000e+05
4.938000000000000000e+05
2.056000000000000000e+05
4.260000000000000000e+05
4.350000000000000000e+04
4.996000000000000000e+05
5.018000000000000000e+05
5.050000000000000000e+05
4.430000000000000000e+05
4.942000000000000000e+05
4.190000000000000000e+05
4.958000000000000000e+05
2.245000000000000000e+05
5.034000000000000000e+05
3.935000000000000000e+05
5.021000000000000000e+05
1.767000000000000000e+05
4.963000000000000000e+05
1.427000000000000000e+05
4.030000000000000000e+05
1.960000000000000000e+04
4.954000000000000000e+05
3.269000000000000000e+05
4.890000000000000000e+05
1.159000000000000000e+05
4.917000000000000000e+05
8.780000000000000000e+04
3.658000000000000000e+05
7.300000000000000000e+03
4.745000000000000000e+05
5.560000000000000000e+04
3.355000000000000000e+05
2.700000000000000000e+03
3.007000000000000000e+05
1.800000000000000000e+03
1.006000000000000000e+05
1.000000000000000000e+02
5.088000000000000000e+05
4.991000000000000000e+05
4.951000000000000000e+05
5.007000000000000000e+05
4.959000000000000000e+05
5.026000000000000000e+05
5.041000000000000000e+05
4.737000000000000000e+05
5.050000000000000000e+05
4.959000000000000000e+05
4.920000000000000000e+05
4.470000000000000000e+05
5.001000000000000000e+05
4.296000000000000000e+05
4.963000000000000000e+05
2.396000000000000000e+05
5.002000000000000000e+05
4.967000000000000000e+05
4.997000000000000000e+05
4.265000000000000000e+05
4.886000000000000000e+05
4.044000000000000000e+05
5.026000000000000000e+05
1.961000000000000000e+05
4.935000000000000000e+05
3.594000000000000000e+05
4.992000000000000000e+05
1.410000000000000000e+05
4.943000000000000000e+05
1.067000000000000000e+05
3.903000000000000000e+05
1.340000000000000000e+04
4.931000000000000000e+05
4.822000000000000000e+05
4.918000000000000000e+05
3.593000000000000000e+05
5.037000000000000000e+05
3.346000000000000000e+05
4.929000000000000000e+05
1.177000000000000000e+05
4.993000000000000000e+05
2.764000000000000000e+05
4.873000000000000000e+05
7.810000000000000000e+04
4.796000000000000000e+05
5.370000000000000000e+04
3.454000000000000000e+05
2.500000000000000000e+03
5.064000000000000000e+05
2.063000000000000000e+05
4.743000000000000000e+05
4.880000000000000000e+04
4.651000000000000000e+05
2.960000000000000000e+04
3.020000000000000000e+05
7.000000000000000000e+02
4.481000000000000000e+05
1.850000000000000000e+04
2.546000000000000000e+05
4.000000000000000000e+02
2.159000000000000000e+05
0.000000000000000000e+00
4.930000000000000000e+04
0.000000000000000000e+00
5.034000000000000000e+05
4.591000000000000000e+05
4.962000000000000000e+05
2.714000000000000000e+05
4.960000000000000000e+05
2.399000000000000000e+05
4.713000000000000000e+05
5.940000000000000000e+04
5.012000000000000000e+05
1.838000000000000000e+05
4.702000000000000000e+05
3.360000000000000000e+04
4.553000000000000000e+05
2.130000000000000000e+04
2.728000000000000000e+05
8.000000000000000000e+02
4.959000000000000000e+05
1.286000000000000000e+05
4.457000000000000000e+05
1.720000000000000000e+04
4.234000000000000000e+05
1.090000000000000000e+04
2.216000000000000000e+05
2.000000000000000000e+02
3.897000000000000000e+05
7.200000000000000000e+03
1.688000000000000000e+05
0.000000000000000000e+00
1.360000000000000000e+05
0.000000000000000000e+00
1.900000000000000000e+04
0.000000000000000000e+00
4.859000000000000000e+05
7.900000000000000000e+04
3.966000000000000000e+05
6.300000000000000000e+03
3.649000000000000000e+05
3.600000000000000000e+03
1.457000000000000000e+05
0.000000000000000000e+00
3.243000000000000000e+05
2.000000000000000000e+03
1.117000000000000000e+05
0.000000000000000000e+00
8.130000000000000000e+04
0.000000000000000000e+00
7.500000000000000000e+03
0.000000000000000000e+00
2.581000000000000000e+05
1.000000000000000000e+03
6.810000000000000000e+04
0.000000000000000000e+00
4.600000000000000000e+04
0.000000000000000000e+00
2.400000000000000000e+03
0.000000000000000000e+00
2.840000000000000000e+04
0.000000000000000000e+00
8.000000000000000000e+02
0.000000000000000000e+00
7.000000000000000000e+02
0.000000000000000000e+00
0.000000000000000000e+00
0.000000000000000000e+00
4.949000000000000000e+05
4.962000000000000000e+05
4.934000000000000000e+05
4.982000000000000000e+05
4.973000000000000000e+05
4.943000000000000000e+05
4.978000000000000000e+05
3.939000000000000000e+05
4.998000000000000000e+05
4.903000000000000000e+05
4.925000000000000000e+05
3.620000000000000000e+05
5.033000000000000000e+05
3.346000000000000000e+05
4.821000000000000000e+05
1.172000000000000000e+05
4.935000000000000000e+05
4.693000000000000000e+05
5.063000000000000000e+05
3.061000000000000000e+05
4.976000000000000000e+05
2.697000000000000000e+05
4.825000000000000000e+05
7.830000000000000000e+04
4.939000000000000000e+05
2.150000000000000000e+05
4.696000000000000000e+05
4.630000000000000000e+04
4.715000000000000000e+05
2.660000000000000000e+04
2.983000000000000000e+05
8.000000000000000000e+02
4.977000000000000000e+05
4.286000000000000000e+05
4.945000000000000000e+05
2.336000000000000000e+05
4.931000000000000000e+05
1.856000000000000000e+05
4.552000000000000000e+05
3.320000000000000000e+04
4.986000000000000000e+05
1.312000000000000000e+05
4.499000000000000000e+05
1.820000000000000000e+04
4.337000000000000000e+05
1.090000000000000000e+04
2.451000000000000000e+05
1.000000000000000000e+02
5.026000000000000000e+05
9.510000000000000000e+04
4.248000000000000000e+05
9.000000000000000000e+03
4.067000000000000000e+05
6.000000000000000000e+03
1.930000000000000000e+05
0.000000000000000000e+00
3.602000000000000000e+05
2.500000000000000000e+03
1.411000000000000000e+05
0.000000000000000000e+00
1.104000000000000000e+05
0.000000000000000000e+00
1.260000000000000000e+04
0.000000000000000000e+00
5.063000000000000000e+05
3.556000000000000000e+05
4.899000000000000000e+05
1.455000000000000000e+05
4.990000000000000000e+05
1.030000000000000000e+05
4.343000000000000000e+05
1.060000000000000000e+04
4.871000000000000000e+05
7.080000000000000000e+04
4.126000000000000000e+05
5.300000000000000000e+03
3.746000000000000000e+05
4.300000000000000000e+03
1.691000000000000000e+05
0.000000000000000000e+00
4.853000000000000000e+05
4.240000000000000000e+04
3.685000000000000000e+05
2.500000000000000000e+03
3.258000000000000000e+05
8.000000000000000000e+02
1.192000000000000000e+05
0.000000000000000000e+00
2.799000000000000000e+05
9.000000000000000000e+02
8.010000000000000000e+04
0.000000000000000000e+00
5.440000000000000000e+04
0.000000000000000000e+00
3.600000000000000000e+03
0.000000000000000000e+00
4.648000000000000000e+05
2.840000000000000000e+04
2.874000000000000000e+05
7.000000000000000000e+02
2.478000000000000000e+05
3.000000000000000000e+02
6.680000000000000000e+04
0.000000000000000000e+00
1.977000000000000000e+05
4.000000000000000000e+02
4.220000000000000000e+04
0.000000000000000000e+00
2.580000000000000000e+04
0.000000000000000000e+00
1.000000000000000000e+03
0.000000000000000000e+00
1.361000000000000000e+05
0.000000000000000000e+00
1.860000000000000000e+04
0.000000000000000000e+00
1.160000000000000000e+04
0.000000000000000000e+00
3.000000000000000000e+02
0.000000000000000000e+00
5.800000000000000000e+03
0.000000000000000000e+00
0.000000000000000000e+00
0.000000000000000000e+00
1.000000000000000000e+02
0.000000000000000000e+00
0.000000000000000000e+00
0.000000000000000000e+00
5.055000000000000000e+05
2.621000000000000000e+05
4.864000000000000000e+05
6.690000000000000000e+04
4.787000000000000000e+05
5.130000000000000000e+04
3.551000000000000000e+05
2.800000000000000000e+03
4.809000000000000000e+05
3.180000000000000000e+04
3.114000000000000000e+05
6.000000000000000000e+02
2.827000000000000000e+05
7.000000000000000000e+02
8.450000000000000000e+04
0.000000000000000000e+00
4.566000000000000000e+05
1.760000000000000000e+04
2.493000000000000000e+05
2.000000000000000000e+02
2.168000000000000000e+05
3.000000000000000000e+02
5.140000000000000000e+04
0.000000000000000000e+00
1.683000000000000000e+05
1.000000000000000000e+02
2.950000000000000000e+04
0.000000000000000000e+00
2.000000000000000000e+04
0.000000000000000000e+00
2.000000000000000000e+02
0.000000000000000000e+00
3.932000000000000000e+05
8.800000000000000000e+03
1.795000000000000000e+05
0.000000000000000000e+00
1.420000000000000000e+05
1.000000000000000000e+02
2.300000000000000000e+04
0.000000000000000000e+00
1.020000000000000000e+05
0.000000000000000000e+00
1.020000000000000000e+04
0.000000000000000000e+00
7.000000000000000000e+03
0.000000000000000000e+00
3.000000000000000000e+02
0.000000000000000000e+00
6.470000000000000000e+04
0.000000000000000000e+00
4.400000000000000000e+03
0.000000000000000000e+00
3.300000000000000000e+03
0.000000000000000000e+00
0.000000000000000000e+00
0.000000000000000000e+00
1.600000000000000000e+03
0.000000000000000000e+00
0.000000000000000000e+00
0.000000000000000000e+00
1.000000000000000000e+02
0.000000000000000000e+00
0.000000000000000000e+00
0.000000000000000000e+00
3.137000000000000000e+05
4.000000000000000000e+03
1.067000000000000000e+05
0.000000000000000000e+00
8.360000000000000000e+04
0.000000000000000000e+00
7.700000000000000000e+03
0.000000000000000000e+00
5.250000000000000000e+04
1.000000000000000000e+02
3.400000000000000000e+03
0.000000000000000000e+00
1.400000000000000000e+03
0.000000000000000000e+00
0.000000000000000000e+00
0.000000000000000000e+00
3.240000000000000000e+04
0.000000000000000000e+00
6.000000000000000000e+02
0.000000000000000000e+00
3.000000000000000000e+02
0.000000000000000000e+00
0.000000000000000000e+00
0.000000000000000000e+00
6.000000000000000000e+02
0.000000000000000000e+00
0.000000000000000000e+00
0.000000000000000000e+00
0.000000000000000000e+00
0.000000000000000000e+00
0.000000000000000000e+00
0.000000000000000000e+00
1.700000000000000000e+04
0.000000000000000000e+00
4.000000000000000000e+02
0.000000000000000000e+00
3.000000000000000000e+02
0.000000000000000000e+00
0.000000000000000000e+00
0.000000000000000000e+00
2.000000000000000000e+02
0.000000000000000000e+00
0.000000000000000000e+00
0.000000000000000000e+00
0.000000000000000000e+00
0.000000000000000000e+00
0.000000000000000000e+00
0.000000000000000000e+00
1.000000000000000000e+02
0.000000000000000000e+00
0.000000000000000000e+00
0.000000000000000000e+00
0.000000000000000000e+00
0.000000000000000000e+00
0.000000000000000000e+00
0.000000000000000000e+00
0.000000000000000000e+00
0.000000000000000000e+00
0.000000000000000000e+00
0.000000000000000000e+00
0.000000000000000000e+00
0.000000000000000000e+00
0.000000000000000000e+00
0.000000000000000000e+00
