4.977000000000000000e+05
5.079000000000000000e+05
5.021000000000000000e+05
4.930000000000000000e+05
4.958000000000000000e+05
4.966000000000000000e+05
4.948000000000000000e+05
5.003000000000000000e+05
4.982000000000000000e+05
5.039000000000000000e+05
5.105000000000000000e+05
4.949000000000000000e+05
4.985000000000000000e+05
5.025000000000000000e+05
5.032000000000000000e+05
4.987000000000000000e+05
5.065000000000000000e+05
4.990000000000000000e+05
5.017000000000000000e+05
4.955000000000000000e+05
4.916000000000000000e+05
5.098000000000000000e+05
4.990000000000000000e+05
4.952000000000000000e+05
5.084000000000000000e+05
4.986000000000000000e+05
5.015000000000000000e+05
5.005000000000000000e+05
5.036000000000000000e+05
5.031000000000000000e+05
5.022000000000000000e+05
4.958000000000000000e+05
4.998000000000000000e+05
4.984000000000000000e+05
5.028000000000000000e+05
4.888000000000000000e+05
5.032000000000000000e+05
4.964000000000000000e+05
4.956000000000000000e+05
4.989000000000000000e+05
5.075000000000000000e+05
4.955000000000000000e+05
5.067000000000000000e+05
4.965000000000000000e+05
4.953000000000000000e+05
5.036000000000000000e+05
5.041000000000000000e+05
5.036000000000000000e+05
4.956000000000000000e+05
5.021000000000000000e+05
5.022000000000000000e+05
4.994000000000000000e+05
5.017000000000000000e+05
5.018000000000000000e+05
4.922000000000000000e+05
5.019000000000000000e+05
5.031000000000000000e+05
5.064000000000000000e+05
5.084000000000000000e+05
5.023000000000000000e+05
5.062000000000000000e+05
4.934000000000000000e+05
5.086000000000000000e+05
4.381000000000000000e+05
4.856000000000000000e+05
5.016000000000000000e+05
4.971000000000000000e+05
4.977000000000000000e+05
5.003000000000000000e+05
5.095000000000000000e+05
4.962000000000000000e+05
5.077000000000000000e+05
4.979000000000000000e+05
4.957000000000000000e+05
4.961000000000000000e+05
4.951000000000000000e+05
4.992000000000000000e+05
4.955000000000000000e+05
5.038000000000000000e+05
4.935000000000000000e+05
4.957000000000000000e+05
4.879000000000000000e+05
4.945000000000000000e+05
5.001000000000000000e+05
4.937000000000000000e+05
4.999000000000000000e+05
5.028000000000000000e+05
5.026000000000000000e+05
4.994000000000000000e+05
4.995000000000000000e+05
4.924000000000000000e+05
4.902000000000000000e+05
4.952000000000000000e+05
4.837000000000000000e+05
4.936000000000000000e+05
4.023000000000000000e+05
4.965000000000000000e+05
5.048000000000000000e+05
5.056000000000000000e+05
5.007000000000000000e+05
5.049000000000000000e+05
5.009000000000000000e+05
5.137000000000000000e+05
5.000000000000000000e+05
4.990000000000000000e+05
4.924000000000000000e+05
5.042000000000000000e+05
4.888000000000000000e+05
5.019000000000000000e+05
4.767000000000000000e+05
5.034000000000000000e+05
3.727000000000000000e+05
4.974000000000000000e+05
4.999000000000000000e+05
4.941000000000000000e+05
4.811000000000000000e+05
4.935000000000000000e+05
4.701000000000000000e+05
4.964000000000000000e+05
3.349000000000000000e+05
5.031000000000000000e+05
4.515000000000000000e+05
4.943000000000000000e+05
2.820000000000000000e+05
4.990000000000000000e+05
2.437000000000000000e+05
4.592000000000000000e+05
6.370000000000000000e+04
5.001000000000000000e+05
5.019000000000000000e+05
4.947000000000000000e+05
5.005000000000000000e+05
4.940000000000000000e+05
4.986000000000000000e+05
4.951000000000000000e+05
4.940000000000000000e+05
4.982000000000000000e+05
5.083000000000000000e+05
4.962000000000000000e+05
4.951000000000000000e+05
4.975000000000000000e+05
4.982000000000000000e+05
5.002000000000000000e+05
4.797000000000000000e+05
5.026000000000000000e+05
5.011000000000000000e+05
4.965000000000000000e+05
5.015000000000000000e+05
5.065000000000000000e+05
5.011000000000000000e+05
4.935000000000000000e+05
4.898000000000000000e+05
4.937000000000000000e+05
4.992000000000000000e+05
5.074000000000000000e+05
4.779000000000000000e+05
4.964000000000000000e+05
4.784000000000000000e+05
4.927000000000000000e+05
3.451000000000000000e+05
5.020000000000000000e+05
4.973000000000000000e+05
5.027000000000000000e+05
4.956000000000000000e+05
4.922000000000000000e+05
5.009000000000000000e+05
4.979000000000000000e+05
4.732000000000000000e+05
4.997000000000000000e+05
4.957000000000000000e+05
5.064000000000000000e+05
4.760000000000000000e+05
5.024000000000000000e+05
4.476000000000000000e+05
5.014000000000000000e+05
3.032000000000000000e+05
4.973000000000000000e+05
5.005000000000000000e+05
5.004000000000000000e+05
4.499000000000000000e+05
5.095000000000000000e+05
4.367000000000000000e+05
4.992000000000000000e+05
2.433000000000000000e+05
4.986000000000000000e+05
4.053000000000000000e+05
5.016000000000000000e+05
1.937000000000000000e+05
4.977000000000000000e+05
1.554000000000000000e+05
4.512000000000000000e+05
2.760000000000000000e+04
5.063000000000000000e+05
4.929000000000000000e+05
4.995000000000000000e+05
5.020000000000000000e+05
5.045000000000000000e+05
5.044000000000000000e+05
4.947000000000000000e+05
4.531000000000000000e+05
4.974000000000000000e+05
4.957000000000000000e+05
5.035000000000000000e+05
4.364000000000000000e+05
5.050000000000000000e+05
4.249000000000000000e+05
5.015000000000000000e+05
2.229000000000000000e+05
5.035000000000000000e+05
4.969000000000000000e+05
5.031000000000000000e+05
4.029000000000000000e+05
4.923000000000000000e+05
3.808000000000000000e+05
5.020000000000000000e+05
1.689000000000000000e+05
4.968000000000000000e+05
3.286000000000000000e+05
4.874000000000000000e+05
1.227000000000000000e+05
4.927000000000000000e+05
8.640000000000000000e+04
4.229000000000000000e+05
9.800000000000000000e+03
4.956000000000000000e+05
4.833000000000000000e+05
5.058000000000000000e+05
3.404000000000000000e+05
5.001000000000000000e+05
3.050000000000000000e+05
4.858000000000000000e+05
1.045000000000000000e+05
5.038000000000000000e+05
2.639000000000000000e+05
4.932000000000000000e+05
6.690000000000000000e+04
4.930000000000000000e+05
4.850000000000000000e+04
3.941000000000000000e+05
1.900000000000000000e+03
4.947000000000000000e+05
1.951000000000000000e+05
4.935000000000000000e+05
3.900000000000000000e+04
4.854000000000000000e+05
2.500000000000000000e+04
3.637000000000000000e+05
1.100000000000000000e+03
4.779000000000000000e+05
1.510000000000000000e+04
3.326000000000000000e+05
3.000000000000000000e+02
3.011000000000000000e+05
1.000000000000000000e+02
9.910000000000000000e+04
0.000000000000000000e+00
4.971000000000000000e+05
5.036000000000000000e+05
5.022000000000000000e+05
5.016000000000000000e+05
4.967000000000000000e+05
4.938000000000000000e+05
5.016000000000000000e+05
5.069000000000000000e+05
4.990000000000000000e+05
5.035000000000000000e+05
5.016000000000000000e+05
5.127000000000000000e+05
4.980000000000000000e+05
5.006000000000000000e+05
4.971000000000000000e+05
4.712000000000000000e+05
4.954000000000000000e+05
5.026000000000000000e+05
4.941000000000000000e+05
5.040000000000000000e+05
5.008000000000000000e+05
4.980000000000000000e+05
5.071000000000000000e+05
4.611000000000000000e+05
4.907000000000000000e+05
4.922000000000000000e+05
4.964000000000000000e+05
4.506000000000000000e+05
4.996000000000000000e+05
4.313000000000000000e+05
5.082000000000000000e+05
2.397000000000000000e+05
5.044000000000000000e+05
4.955000000000000000e+05
5.085000000000000000e+05
4.943000000000000000e+05
4.990000000000000000e+05
4.876000000000000000e+05
4.993000000000000000e+05
4.341000000000000000e+05
5.039000000000000000e+05
4.935000000000000000e+05
5.013000000000000000e+05
4.145000000000000000e+05
5.085000000000000000e+05
3.831000000000000000e+05
4.975000000000000000e+05
1.817000000000000000e+05
4.981000000000000000e+05
4.906000000000000000e+05
4.957000000000000000e+05
3.771000000000000000e+05
5.042000000000000000e+05
3.417000000000000000e+05
4.889000000000000000e+05
1.275000000000000000e+05
5.068000000000000000e+05
2.913000000000000000e+05
4.954000000000000000e+05
9.160000000000000000e+04
4.895000000000000000e+05
6.140000000000000000e+04
4.082000000000000000e+05
4.500000000000000000e+03
5.053000000000000000e+05
4.904000000000000000e+05
5.022000000000000000e+05
4.972000000000000000e+05
5.030000000000000000e+05
4.913000000000000000e+05
5.083000000000000000e+05
3.789000000000000000e+05
4.999000000000000000e+05
4.889000000000000000e+05
4.871000000000000000e+05
3.524000000000000000e+05
5.018000000000000000e+05
3.218000000000000000e+05
5.001000000000000000e+05
1.125000000000000000e+05
4.940000000000000000e+05
4.625000000000000000e+05
5.034000000000000000e+05
2.906000000000000000e+05
5.103000000000000000e+05
2.480000000000000000e+05
4.881000000000000000e+05
6.670000000000000000e+04
5.015000000000000000e+05
1.952000000000000000e+05
4.934000000000000000e+05
4.160000000000000000e+04
4.771000000000000000e+05
2.680000000000000000e+04
3.752000000000000000e+05
1.200000000000000000e+03
4.992000000000000000e+05
4.207000000000000000e+05
4.957000000000000000e+05
2.237000000000000000e+05
5.063000000000000000e+05
1.734000000000000000e+05
4.855000000000000000e+05
3.000000000000000000e+04
5.004000000000000000e+05
1.293000000000000000e+05
4.782000000000000000e+05
1.610000000000000000e+04
4.752000000000000000e+05
1.150000000000000000e+04
3.371000000000000000e+05
1.000000000000000000e+02
4.940000000000000000e+05
8.390000000000000000e+04
4.739000000000000000e+05
7.400000000000000000e+03
4.642000000000000000e+05
4.600000000000000000e+03
2.919000000000000000e+05
0.000000000000000000e+00
4.270000000000000000e+05
2.400000000000000000e+03
2.396000000000000000e+05
1.000000000000000000e+02
2.039000000000000000e+05
0.000000000000000000e+00
4.370000000000000000e+04
0.000000000000000000e+00
5.035000000000000000e+05
4.975000000000000000e+05
4.947000000000000000e+05
4.686000000000000000e+05
5.009000000000000000e+05
4.715000000000000000e+05
5.031000000000000000e+05
2.889000000000000000e+05
4.934000000000000000e+05
4.291000000000000000e+05
5.008000000000000000e+05
2.494000000000000000e+05
4.986000000000000000e+05
2.098000000000000000e+05
4.882000000000000000e+05
4.660000000000000000e+04
4.970000000000000000e+05
3.976000000000000000e+05
5.035000000000000000e+05
1.797000000000000000e+05
5.084000000000000000e+05
1.420000000000000000e+05
4.756000000000000000e+05
2.130000000000000000e+04
5.011000000000000000e+05
1.030000000000000000e+05
4.801000000000000000e+05
1.020000000000000000e+04
4.673000000000000000e+05
5.400000000000000000e+03
3.072000000000000000e+05
0.000000000000000000e+00
4.979000000000000000e+05
3.252000000000000000e+05
4.966000000000000000e+05
1.243000000000000000e+05
5.032000000000000000e+05
8.770000000000000000e+04
4.678000000000000000e+05
7.800000000000000000e+03
5.048000000000000000e+05
5.760000000000000000e+04
4.526000000000000000e+05
4.100000000000000000e+03
4.400000000000000000e+05
3.300000000000000000e+03
2.560000000000000000e+05
0.000000000000000000e+00
4.868000000000000000e+05
3.400000000000000000e+04
4.266000000000000000e+05
1.400000000000000000e+03
3.998000000000000000e+05
1.000000000000000000e+03
2.022000000000000000e+05
0.000000000000000000e+00
3.676000000000000000e+05
3.000000000000000000e+02
1.565000000000000000e+05
0.000000000000000000e+00
1.224000000000000000e+05
0.000000000000000000e+00
1.500000000000000000e+04
0.000000000000000000e+00
5.036000000000000000e+05
2.417000000000000000e+05
4.963000000000000000e+05
6.260000000000000000e+04
4.984000000000000000e+05
4.110000000000000000e+04
4.298000000000000000e+05
2.300000000000000000e+03
4.949000000000000000e+05
2.650000000000000000e+04
4.120000000000000000e+05
9.000000000000000000e+02
3.848000000000000000e+05
3.000000000000000000e+02
1.746000000000000000e+05
0.000000000000000000e+00
4.850000000000000000e+05
1.540000000000000000e+04
3.663000000000000000e+05
4.000000000000000000e+02
3.380000000000000000e+05
0.000000000000000000e+00
1.264000000000000000e+05
0.000000000000000000e+00
2.906000000000000000e+05
0.000000000000000000e+00
8.620000000000000000e+04
0.000000000000000000e+00
6.180000000000000000e+04
0.000000000000000000e+00
4.200000000000000000e+03
0.000000000000000000e+00
4.551000000000000000e+05
7.400000000000000000e+03
3.010000000000000000e+05
3.000000000000000000e+02
2.581000000000000000e+05
0.000000000000000000e+00
7.240000000000000000e+04
0.000000000000000000e+00
1.998000000000000000e+05
0.000000000000000000e+00
4.660000000000000000e+04
0.000000000000000000e+00
2.740000000000000000e+04
0.000000000000000000e+00
8.000000000000000000e+02
0.000000000000000000e+00
1.464000000000000000e+05
0.000000000000000000e+00
2.190000000000000000e+04
0.000000000000000000e+00
1.570000000000000000e+04
0.000000000000000000e+00
3.000000000000000000e+02
0.000000000000000000e+00
8.900000000000000000e+03
0.000000000000000000e+00
1.000000000000000000e+02
0.000000000000000000e+00
3.000000000000000000e+02
0.000000000000000000e+00
0.000000000000000000e+00
0.000000000000000000e+00
