4.986000000000000000e+05
4.972000000000000000e+05
5.007000000000000000e+05
5.021000000000000000e+05
4.937000000000000000e+05
5.124000000000000000e+05
4.935000000000000000e+05
5.041000000000000000e+05
4.966000000000000000e+05
4.999000000000000000e+05
5.039000000000000000e+05
5.026000000000000000e+05
4.992000000000000000e+05
5.025000000000000000e+05
5.063000000000000000e+05
4.935000000000000000e+05
4.991000000000000000e+05
4.935000000000000000e+05
5.004000000000000000e+05
4.975000000000000000e+05
5.024000000000000000e+05
5.010000000000000000e+05
5.057000000000000000e+05
4.922000000000000000e+05
5.003000000000000000e+05
5.020000000000000000e+05
5.005000000000000000e+05
4.952000000000000000e+05
4.991000000000000000e+05
5.031000000000000000e+05
4.973000000000000000e+05
4.946000000000000000e+05
5.007000000000000000e+05
4.972000000000000000e+05
5.004000000000000000e+05
4.964000000000000000e+05
5.074000000000000000e+05
4.981000000000000000e+05
4.975000000000000000e+05
4.988000000000000000e+05
4.992000000000000000e+05
5.061000000000000000e+05
4.911000000000000000e+05
5.065000000000000000e+05
5.006000000000000000e+05
4.930000000000000000e+05
5.114000000000000000e+05
4.828000000000000000e+05
5.039000000000000000e+05
4.906000000000000000e+05
5.011000000000000000e+05
4.972000000000000000e+05
5.059000000000000000e+05
4.961000000000000000e+05
4.927000000000000000e+05
4.885000000000000000e+05
5.037000000000000000e+05
4.961000000000000000e+05
5.082000000000000000e+05
4.773000000000000000e+05
5.041000000000000000e+05
4.706000000000000000e+05
5.111000000000000000e+05
3.287000000000000000e+05
5.022000000000000000e+05
4.967000000000000000e+05
4.976000000000000000e+05
4.982000000000000000e+05
5.040000000000000000e+05
5.036000000000000000e+05
4.974000000000000000e+05
5.055000000000000000e+05
5.006000000000000000e+05
4.949000000000000000e+05
5.036000000000000000e+05
4.955000000000000000e+05
4.999000000000000000e+05
4.931000000000000000e+05
4.955000000000000000e+05
4.767000000000000000e+05
5.020000000000000000e+05
5.000000000000000000e+05
5.010000000000000000e+05
5.047000000000000000e+05
4.894000000000000000e+05
5.100000000000000000e+05
4.968000000000000000e+05
4.700000000000000000e+05
5.123000000000000000e+05
4.976000000000000000e+05
4.986000000000000000e+05
4.584000000000000000e+05
4.938000000000000000e+05
4.382000000000000000e+05
4.954000000000000000e+05
2.651000000000000000e+05
4.972000000000000000e+05
5.071000000000000000e+05
4.979000000000000000e+05
4.920000000000000000e+05
4.999000000000000000e+05
4.908000000000000000e+05
5.037000000000000000e+05
4.510000000000000000e+05
4.909000000000000000e+05
4.945000000000000000e+05
5.004000000000000000e+05
4.314000000000000000e+05
5.043000000000000000e+05
4.080000000000000000e+05
4.913000000000000000e+05
2.122000000000000000e+05
4.988000000000000000e+05
4.895000000000000000e+05
5.002000000000000000e+05
3.932000000000000000e+05
4.953000000000000000e+05
3.672000000000000000e+05
4.906000000000000000e+05
1.617000000000000000e+05
4.986000000000000000e+05
3.155000000000000000e+05
4.797000000000000000e+05
1.089000000000000000e+05
4.890000000000000000e+05
7.820000000000000000e+04
3.716000000000000000e+05
7.600000000000000000e+03
5.111000000000000000e+05
4.984000000000000000e+05
5.046000000000000000e+05
5.042000000000000000e+05
4.894000000000000000e+05
5.012000000000000000e+05
4.966000000000000000e+05
5.008000000000000000e+05
5.010000000000000000e+05
5.100000000000000000e+05
4.966000000000000000e+05
4.888000000000000000e+05
5.024000000000000000e+05
5.020000000000000000e+05
4.951000000000000000e+05
4.448000000000000000e+05
5.004000000000000000e+05
5.023000000000000000e+05
5.050000000000000000e+05
4.913000000000000000e+05
5.054000000000000000e+05
5.016000000000000000e+05
5.027000000000000000e+05
4.330000000000000000e+05
4.978000000000000000e+05
4.909000000000000000e+05
4.990000000000000000e+05
4.093000000000000000e+05
4.988000000000000000e+05
3.833000000000000000e+05
4.936000000000000000e+05
1.792000000000000000e+05
5.028000000000000000e+05
5.100000000000000000e+05
5.030000000000000000e+05
4.890000000000000000e+05
5.052000000000000000e+05
4.880000000000000000e+05
5.023000000000000000e+05
3.937000000000000000e+05
5.015000000000000000e+05
4.892000000000000000e+05
4.960000000000000000e+05
3.631000000000000000e+05
4.972000000000000000e+05
3.278000000000000000e+05
4.984000000000000000e+05
1.203000000000000000e+05
4.918000000000000000e+05
4.531000000000000000e+05
5.008000000000000000e+05
3.095000000000000000e+05
5.004000000000000000e+05
2.662000000000000000e+05
4.930000000000000000e+05
7.510000000000000000e+04
5.019000000000000000e+05
2.021000000000000000e+05
4.811000000000000000e+05
4.830000000000000000e+04
4.751000000000000000e+05
3.050000000000000000e+04
3.335000000000000000e+05
8.000000000000000000e+02
4.980000000000000000e+05
5.011000000000000000e+05
5.050000000000000000e+05
4.781000000000000000e+05
4.996000000000000000e+05
4.737000000000000000e+05
5.064000000000000000e+05
3.200000000000000000e+05
4.935000000000000000e+05
4.563000000000000000e+05
5.037000000000000000e+05
2.747000000000000000e+05
5.050000000000000000e+05
2.441000000000000000e+05
4.854000000000000000e+05
6.120000000000000000e+04
4.948000000000000000e+05
4.125000000000000000e+05
5.033000000000000000e+05
2.207000000000000000e+05
4.981000000000000000e+05
1.810000000000000000e+05
4.776000000000000000e+05
3.510000000000000000e+04
4.995000000000000000e+05
1.268000000000000000e+05
4.594000000000000000e+05
1.830000000000000000e+04
4.498000000000000000e+05
1.090000000000000000e+04
2.831000000000000000e+05
2.000000000000000000e+02
5.013000000000000000e+05
3.605000000000000000e+05
5.009000000000000000e+05
1.446000000000000000e+05
5.055000000000000000e+05
1.094000000000000000e+05
4.486000000000000000e+05
1.200000000000000000e+04
5.026000000000000000e+05
7.320000000000000000e+04
4.347000000000000000e+05
5.200000000000000000e+03
4.210000000000000000e+05
4.500000000000000000e+03
2.231000000000000000e+05
0.000000000000000000e+00
4.918000000000000000e+05
4.650000000000000000e+04
4.088000000000000000e+05
3.400000000000000000e+03
3.811000000000000000e+05
1.600000000000000000e+03
1.690000000000000000e+05
0.000000000000000000e+00
3.393000000000000000e+05
8.000000000000000000e+02
1.268000000000000000e+05
0.000000000000000000e+00
9.710000000000000000e+04
0.000000000000000000e+00
9.300000000000000000e+03
0.000000000000000000e+00
5.044000000000000000e+05
5.022000000000000000e+05
5.014000000000000000e+05
5.051000000000000000e+05
4.990000000000000000e+05
5.033000000000000000e+05
5.051000000000000000e+05
4.885000000000000000e+05
5.065000000000000000e+05
4.991000000000000000e+05
5.074000000000000000e+05
4.929000000000000000e+05
4.956000000000000000e+05
4.934000000000000000e+05
4.986000000000000000e+05
3.812000000000000000e+05
5.010000000000000000e+05
5.029000000000000000e+05
5.009000000000000000e+05
4.845000000000000000e+05
4.953000000000000000e+05
4.848000000000000000e+05
5.046000000000000000e+05
3.429000000000000000e+05
5.067000000000000000e+05
4.750000000000000000e+05
4.904000000000000000e+05
3.053000000000000000e+05
5.052000000000000000e+05
2.665000000000000000e+05
4.849000000000000000e+05
7.650000000000000000e+04
4.976000000000000000e+05
4.951000000000000000e+05
5.007000000000000000e+05
4.714000000000000000e+05
4.990000000000000000e+05
4.513000000000000000e+05
5.070000000000000000e+05
2.768000000000000000e+05
5.107000000000000000e+05
4.312000000000000000e+05
4.963000000000000000e+05
2.355000000000000000e+05
5.005000000000000000e+05
1.883000000000000000e+05
4.715000000000000000e+05
3.970000000000000000e+04
4.988000000000000000e+05
3.992000000000000000e+05
5.040000000000000000e+05
1.714000000000000000e+05
4.992000000000000000e+05
1.303000000000000000e+05
4.644000000000000000e+05
2.160000000000000000e+04
5.000000000000000000e+05
9.230000000000000000e+04
4.461000000000000000e+05
9.200000000000000000e+03
4.355000000000000000e+05
5.300000000000000000e+03
2.545000000000000000e+05
0.000000000000000000e+00
4.963000000000000000e+05
5.093000000000000000e+05
5.072000000000000000e+05
4.310000000000000000e+05
5.015000000000000000e+05
4.068000000000000000e+05
5.007000000000000000e+05
1.939000000000000000e+05
4.970000000000000000e+05
3.713000000000000000e+05
4.931000000000000000e+05
1.452000000000000000e+05
4.968000000000000000e+05
1.126000000000000000e+05
4.528000000000000000e+05
1.430000000000000000e+04
5.027000000000000000e+05
2.924000000000000000e+05
4.937000000000000000e+05
9.580000000000000000e+04
5.007000000000000000e+05
6.940000000000000000e+04
4.464000000000000000e+05
4.400000000000000000e+03
5.023000000000000000e+05
4.310000000000000000e+04
4.201000000000000000e+05
2.400000000000000000e+03
3.905000000000000000e+05
1.100000000000000000e+03
1.915000000000000000e+05
0.000000000000000000e+00
4.936000000000000000e+05
2.245000000000000000e+05
4.929000000000000000e+05
5.330000000000000000e+04
4.916000000000000000e+05
3.230000000000000000e+04
3.999000000000000000e+05
1.200000000000000000e+03
4.952000000000000000e+05
2.040000000000000000e+04
3.747000000000000000e+05
4.000000000000000000e+02
3.382000000000000000e+05
3.000000000000000000e+02
1.305000000000000000e+05
0.000000000000000000e+00
4.815000000000000000e+05
1.160000000000000000e+04
3.280000000000000000e+05
4.000000000000000000e+02
2.831000000000000000e+05
0.000000000000000000e+00
8.380000000000000000e+04
0.000000000000000000e+00
2.307000000000000000e+05
0.000000000000000000e+00
5.730000000000000000e+04
0.000000000000000000e+00
3.300000000000000000e+04
0.000000000000000000e+00
1.400000000000000000e+03
0.000000000000000000e+00
4.946000000000000000e+05
4.788000000000000000e+05
4.958000000000000000e+05
3.404000000000000000e+05
5.000000000000000000e+05
3.072000000000000000e+05
4.971000000000000000e+05
1.007000000000000000e+05
5.038000000000000000e+05
2.588000000000000000e+05
4.928000000000000000e+05
6.990000000000000000e+04
4.923000000000000000e+05
4.670000000000000000e+04
4.068000000000000000e+05
2.600000000000000000e+03
5.058000000000000000e+05
1.873000000000000000e+05
4.909000000000000000e+05
3.480000000000000000e+04
4.833000000000000000e+05
2.190000000000000000e+04
3.815000000000000000e+05
8.000000000000000000e+02
4.788000000000000000e+05
1.310000000000000000e+04
3.486000000000000000e+05
1.000000000000000000e+02
3.107000000000000000e+05
0.000000000000000000e+00
1.069000000000000000e+05
0.000000000000000000e+00
4.955000000000000000e+05
1.314000000000000000e+05
4.846000000000000000e+05
1.690000000000000000e+04
4.720000000000000000e+05
1.130000000000000000e+04
3.222000000000000000e+05
3.000000000000000000e+02
4.437000000000000000e+05
6.600000000000000000e+03
2.772000000000000000e+05
0.000000000000000000e+00
2.363000000000000000e+05
0.000000000000000000e+00
5.800000000000000000e+04
0.000000000000000000e+00
4.211000000000000000e+05
3.600000000000000000e+03
2.120000000000000000e+05
0.000000000000000000e+00
1.797000000000000000e+05
0.000000000000000000e+00
3.180000000000000000e+04
0.000000000000000000e+00
1.346000000000000000e+05
0.000000000000000000e+00
2.050000000000000000e+04
0.000000000000000000e+00
1.160000000000000000e+04
0.000000000000000000e+00
0.000000000000000000e+00
0.000000000000000000e+00
4.930000000000000000e+05
7.680000000000000000e+04
4.553000000000000000e+05
5.600000000000000000e+03
4.419000000000000000e+05
3.600000000000000000e+03
2.440000000000000000e+05
0.000000000000000000e+00
4.014000000000000000e+05
2.600000000000000000e+03
1.928000000000000000e+05
0.000000000000000000e+00
1.494000000000000000e+05
0.000000000000000000e+00
2.360000000000000000e+04
0.000000000000000000e+00
3.530000000000000000e+05
1.200000000000000000e+03
1.343000000000000000e+05
0.000000000000000000e+00
1.052000000000000000e+05
0.000000000000000000e+00
1.160000000000000000e+04
0.000000000000000000e+00
6.740000000000000000e+04
0.000000000000000000e+00
5.200000000000000000e+03
0.000000000000000000e+00
3.600000000000000000e+03
0.000000000000000000e+00
0.000000000000000000e+00
0.000000000000000000e+00
2.706000000000000000e+05
3.000000000000000000e+02
8.200000000000000000e+04
0.000000000000000000e+00
5.460000000000000000e+04
0.000000000000000000e+00
4.100000000000000000e+03
0.000000000000000000e+00
3.500000000000000000e+04
0.000000000000000000e+00
2.000000000000000000e+03
0.000000000000000000e+00
1.100000000000000000e+03
0.000000000000000000e+00
0.000000000000000000e+00
0.000000000000000000e+00
2.110000000000000000e+04
0.000000000000000000e+00
7.000000000000000000e+02
0.000000000000000000e+00
3.000000000000000000e+02
0.000000000000000000e+00
0.000000000000000000e+00
0.000000000000000000e+00
2.000000000000000000e+02
0.000000000000000000e+00
0.000000000000000000e+00
0.000000000000000000e+00
0.000000000000000000e+00
0.000000000000000000e+00
0.000000000000000000e+00
0.000000000000000000e+00
