5.047000000000000000e+05
5.082000000000000000e+05
5.064000000000000000e+05
5.006000000000000000e+05
5.010000000000000000e+05
5.069000000000000000e+05
5.052000000000000000e+05
5.028000000000000000e+05
4.855000000000000000e+05
5.008000000000000000e+05
5.057000000000000000e+05
4.962000000000000000e+05
5.067000000000000000e+05
5.015000000000000000e+05
5.031000000000000000e+05
4.895000000000000000e+05
5.155000000000000000e+05
5.044000000000000000e+05
4.956000000000000000e+05
5.012000000000000000e+05
5.093000000000000000e+05
4.928000000000000000e+05
5.082000000000000000e+05
4.815000000000000000e+05
5.048000000000000000e+05
4.918000000000000000e+05
5.008000000000000000e+05
4.680000000000000000e+05
5.025000000000000000e+05
4.645000000000000000e+05
4.972000000000000000e+05
3.082000000000000000e+05
4.976000000000000000e+05
4.884000000000000000e+05
4.975000000000000000e+05
4.974000000000000000e+05
5.013000000000000000e+05
4.898000000000000000e+05
4.995000000000000000e+05
4.664000000000000000e+05
4.976000000000000000e+05
4.947000000000000000e+05
4.968000000000000000e+05
4.519000000000000000e+05
4.925000000000000000e+05
4.361000000000000000e+05
4.935000000000000000e+05
2.546000000000000000e+05
5.008000000000000000e+05
4.998000000000000000e+05
5.062000000000000000e+05
4.369000000000000000e+05
5.013000000000000000e+05
3.991000000000000000e+05
4.896000000000000000e+05
1.940000000000000000e+05
4.954000000000000000e+05
3.566000000000000000e+05
4.800000000000000000e+05
1.421000000000000000e+05
4.635000000000000000e+05
1.121000000000000000e+05
3.079000000000000000e+05
1.240000000000000000e+04
4.914000000000000000e+05
4.930000000000000000e+05
5.049000000000000000e+05
4.981000000000000000e+05
4.888000000000000000e+05
4.956000000000000000e+05
5.006000000000000000e+05
4.275000000000000000e+05
5.038000000000000000e+05
4.952000000000000000e+05
4.943000000000000000e+05
4.030000000000000000e+05
5.047000000000000000e+05
3.764000000000000000e+05
4.787000000000000000e+05
1.629000000000000000e+05
5.047000000000000000e+05
4.872000000000000000e+05
4.924000000000000000e+05
3.580000000000000000e+05
5.051000000000000000e+05
3.249000000000000000e+05
4.719000000000000000e+05
1.151000000000000000e+05
5.030000000000000000e+05
2.701000000000000000e+05
4.546000000000000000e+05
7.230000000000000000e+04
4.314000000000000000e+05
5.380000000000000000e+04
2.468000000000000000e+05
2.400000000000000000e+03
5.023000000000000000e+05
4.598000000000000000e+05
4.966000000000000000e+05
2.904000000000000000e+05
4.972000000000000000e+05
2.409000000000000000e+05
4.372000000000000000e+05
5.660000000000000000e+04
4.912000000000000000e+05
1.861000000000000000e+05
4.227000000000000000e+05
3.190000000000000000e+04
4.100000000000000000e+05
1.960000000000000000e+04
1.892000000000000000e+05
4.000000000000000000e+02
4.939000000000000000e+05
1.283000000000000000e+05
3.846000000000000000e+05
1.640000000000000000e+04
3.498000000000000000e+05
9.700000000000000000e+03
1.353000000000000000e+05
0.000000000000000000e+00
3.022000000000000000e+05
4.500000000000000000e+03
1.005000000000000000e+05
0.000000000000000000e+00
7.120000000000000000e+04
0.000000000000000000e+00
4.900000000000000000e+03
0.000000000000000000e+00
5.051000000000000000e+05
5.007000000000000000e+05
5.004000000000000000e+05
4.817000000000000000e+05
4.917000000000000000e+05
4.811000000000000000e+05
5.008000000000000000e+05
3.472000000000000000e+05
4.984000000000000000e+05
4.627000000000000000e+05
4.949000000000000000e+05
3.002000000000000000e+05
4.949000000000000000e+05
2.625000000000000000e+05
4.533000000000000000e+05
7.320000000000000000e+04
4.977000000000000000e+05
4.338000000000000000e+05
5.000000000000000000e+05
2.485000000000000000e+05
4.966000000000000000e+05
2.043000000000000000e+05
4.303000000000000000e+05
4.020000000000000000e+04
4.879000000000000000e+05
1.506000000000000000e+05
4.028000000000000000e+05
2.310000000000000000e+04
3.781000000000000000e+05
1.270000000000000000e+04
1.599000000000000000e+05
0.000000000000000000e+00
4.985000000000000000e+05
3.729000000000000000e+05
4.932000000000000000e+05
1.662000000000000000e+05
4.925000000000000000e+05
1.229000000000000000e+05
3.818000000000000000e+05
1.530000000000000000e+04
4.848000000000000000e+05
8.480000000000000000e+04
3.480000000000000000e+05
7.100000000000000000e+03
3.148000000000000000e+05
4.800000000000000000e+03
1.070000000000000000e+05
0.000000000000000000e+00
4.763000000000000000e+05
5.430000000000000000e+04
2.923000000000000000e+05
2.600000000000000000e+03
2.492000000000000000e+05
1.200000000000000000e+03
6.310000000000000000e+04
0.000000000000000000e+00
1.994000000000000000e+05
4.000000000000000000e+02
4.020000000000000000e+04
0.000000000000000000e+00
2.740000000000000000e+04
0.000000000000000000e+00
1.200000000000000000e+03
0.000000000000000000e+00
4.961000000000000000e+05
2.988000000000000000e+05
4.807000000000000000e+05
8.910000000000000000e+04
4.659000000000000000e+05
6.650000000000000000e+04
3.048000000000000000e+05
4.500000000000000000e+03
4.468000000000000000e+05
3.840000000000000000e+04
2.504000000000000000e+05
1.300000000000000000e+03
2.220000000000000000e+05
7.000000000000000000e+02
5.080000000000000000e+04
0.000000000000000000e+00
4.238000000000000000e+05
2.330000000000000000e+04
1.976000000000000000e+05
4.000000000000000000e+02
1.565000000000000000e+05
3.000000000000000000e+02
2.450000000000000000e+04
0.000000000000000000e+00
1.150000000000000000e+05
0.000000000000000000e+00
1.180000000000000000e+04
0.000000000000000000e+00
9.000000000000000000e+03
0.000000000000000000e+00
0.000000000000000000e+00
0.000000000000000000e+00
3.455000000000000000e+05
1.170000000000000000e+04
1.290000000000000000e+05
1.000000000000000000e+02
9.620000000000000000e+04
1.000000000000000000e+02
9.500000000000000000e+03
0.000000000000000000e+00
6.480000000000000000e+04
0.000000000000000000e+00
4.000000000000000000e+03
0.000000000000000000e+00
2.000000000000000000e+03
0.000000000000000000e+00
0.000000000000000000e+00
0.000000000000000000e+00
3.830000000000000000e+04
1.000000000000000000e+02
2.300000000000000000e+03
0.000000000000000000e+00
1.200000000000000000e+03
0.000000000000000000e+00
0.000000000000000000e+00
0.000000000000000000e+00
5.000000000000000000e+02
0.000000000000000000e+00
0.000000000000000000e+00
0.000000000000000000e+00
0.000000000000000000e+00
0.000000000000000000e+00
0.000000000000000000e+00
0.000000000000000000e+00
5.038000000000000000e+05
4.889000000000000000e+05
4.937000000000000000e+05
4.388000000000000000e+05
4.987000000000000000e+05
4.249000000000000000e+05
4.923000000000000000e+05
2.184000000000000000e+05
4.923000000000000000e+05
3.911000000000000000e+05
4.878000000000000000e+05
1.701000000000000000e+05
4.890000000000000000e+05
1.276000000000000000e+05
3.745000000000000000e+05
1.670000000000000000e+04
5.003000000000000000e+05
3.298000000000000000e+05
4.783000000000000000e+05
1.101000000000000000e+05
4.770000000000000000e+05
8.610000000000000000e+04
3.414000000000000000e+05
6.400000000000000000e+03
4.621000000000000000e+05
5.130000000000000000e+04
2.981000000000000000e+05
2.800000000000000000e+03
2.577000000000000000e+05
1.100000000000000000e+03
7.260000000000000000e+04
0.000000000000000000e+00
4.998000000000000000e+05
2.419000000000000000e+05
4.763000000000000000e+05
5.960000000000000000e+04
4.527000000000000000e+05
4.070000000000000000e+04
2.685000000000000000e+05
1.300000000000000000e+03
4.313000000000000000e+05
2.290000000000000000e+04
2.219000000000000000e+05
4.000000000000000000e+02
1.876000000000000000e+05
2.000000000000000000e+02
3.510000000000000000e+04
0.000000000000000000e+00
3.922000000000000000e+05
1.440000000000000000e+04
1.609000000000000000e+05
3.000000000000000000e+02
1.241000000000000000e+05
0.000000000000000000e+00
1.500000000000000000e+04
0.000000000000000000e+00
8.770000000000000000e+04
0.000000000000000000e+00
7.200000000000000000e+03
0.000000000000000000e+00
5.600000000000000000e+03
0.000000000000000000e+00
2.000000000000000000e+02
0.000000000000000000e+00
4.985000000000000000e+05
1.631000000000000000e+05
4.280000000000000000e+05
2.750000000000000000e+04
4.012000000000000000e+05
1.520000000000000000e+04
1.919000000000000000e+05
1.000000000000000000e+02
3.585000000000000000e+05
1.000000000000000000e+04
1.387000000000000000e+05
1.000000000000000000e+02
1.022000000000000000e+05
0.000000000000000000e+00
1.230000000000000000e+04
0.000000000000000000e+00
2.890000000000000000e+05
4.800000000000000000e+03
9.380000000000000000e+04
0.000000000000000000e+00
6.610000000000000000e+04
0.000000000000000000e+00
4.900000000000000000e+03
0.000000000000000000e+00
4.060000000000000000e+04
0.000000000000000000e+00
1.800000000000000000e+03
0.000000000000000000e+00
1.000000000000000000e+03
0.000000000000000000e+00
0.000000000000000000e+00
0.000000000000000000e+00
2.180000000000000000e+05
1.900000000000000000e+03
4.750000000000000000e+04
0.000000000000000000e+00
3.230000000000000000e+04
0.000000000000000000e+00
1.100000000000000000e+03
0.000000000000000000e+00
1.830000000000000000e+04
0.000000000000000000e+00
5.000000000000000000e+02
0.000000000000000000e+00
3.000000000000000000e+02
0.000000000000000000e+00
0.000000000000000000e+00
0.000000000000000000e+00
1.000000000000000000e+04
0.000000000000000000e+00
1.000000000000000000e+02
0.000000000000000000e+00
3.000000000000000000e+02
0.000000000000000000e+00
0.000000000000000000e+00
0.000000000000000000e+00
0.000000000000000000e+00
0.000000000000000000e+00
0.000000000000000000e+00
0.000000000000000000e+00
0.000000000000000000e+00
0.000000000000000000e+00
0.000000000000000000e+00
0.000000000000000000e+00
4.844000000000000000e+05
1.004000000000000000e+05
3.391000000000000000e+05
7.800000000000000000e+03
3.059000000000000000e+05
5.400000000000000000e+03
9.910000000000000000e+04
1.000000000000000000e+02
2.502000000000000000e+05
3.100000000000000000e+03
6.480000000000000000e+04
0.000000000000000000e+00
4.360000000000000000e+04
0.000000000000000000e+00
3.300000000000000000e+03
0.000000000000000000e+00
1.875000000000000000e+05
1.000000000000000000e+03
3.530000000000000000e+04
0.000000000000000000e+00
2.310000000000000000e+04
0.000000000000000000e+00
6.000000000000000000e+02
0.000000000000000000e+00
1.490000000000000000e+04
0.000000000000000000e+00
3.000000000000000000e+02
0.000000000000000000e+00
1.000000000000000000e+02
0.000000000000000000e+00
0.000000000000000000e+00
0.000000000000000000e+00
1.247000000000000000e+05
4.000000000000000000e+02
1.740000000000000000e+04
0.000000000000000000e+00
1.060000000000000000e+04
0.000000000000000000e+00
0.000000000000000000e+00
0.000000000000000000e+00
6.200000000000000000e+03
0.000000000000000000e+00
0.000000000000000000e+00
0.000000000000000000e+00
0.000000000000000000e+00
0.000000000000000000e+00
0.000000000000000000e+00
0.000000000000000000e+00
3.900000000000000000e+03
0.000000000000000000e+00
0.000000000000000000e+00
0.000000000000000000e+00
1.000000000000000000e+02
0.000000000000000000e+00
0.000000000000000000e+00
0.000000000000000000e+00
0.000000000000000000e+00
0.000000000000000000e+00
0.000000000000000000e+00
0.000000000000000000e+00
0.000000000000000000e+00
0.000000000000000000e+00
0.000000000000000000e+00
0.000000000000000000e+00
7.680000000000000000e+04
2.000000000000000000e+02
6.300000000000000000e+03
0.000000000000000000e+00
2.700000000000000000e+03
0.000000000000000000e+00
2.000000000000000000e+02
0.000000000000000000e+00
1.900000000000000000e+03
0.000000000000000000e+00
0.000000000000000000e+00
0.000000000000000000e+00
0.000000000000000000e+00
0.000000000000000000e+00
0.000000000000000000e+00
0.000000000000000000e+00
4.000000000000000000e+02
0.000000000000000000e+00
0.000000000000000000e+00
0.000000000000000000e+00
0.000000000000000000e+00
0.000000000000000000e+00
0.000000000000000000e+00
0.000000000000000000e+00
0.000000000000000000e+00
0.000000000000000000e+00
0.000000000000000000e+00
0.000000000000000000e+00
0.000000000000000000e+00
0.000000000000000000e+00
0.000000000000000000e+00
0.000000000000000000e+00
6.000000000000000000e+02
0.000000000000000000e+00
1.000000000000000000e+02
0.000000000000000000e+00
0.000000000000000000e+00
0.000000000000000000e+00
0.000000000000000000e+00
0.000000000000000000e+00
0.000000000000000000e+00
0.000000000000000000e+00
0.000000000000000000e+00
0.000000000000000000e+00
0.000000000000000000e+00
0.000000000000000000e+00
0.000000000000000000e+00
0.000000000000000000e+00
0.000000000000000000e+00
0.000000000000000000e+00
0.000000000000000000e+00
0.000000000000000000e+00
0.000000000000000000e+00
0.000000000000000000e+00
0.000000000000000000e+00
0.000000000000000000e+00
0.000000000000000000e+00
0.000000000000000000e+00
0.000000000000000000e+00
0.000000000000000000e+00
0.000000000000000000e+00
0.000000000000000000e+00
0.000000000000000000e+00
0.000000000000000000e+00
