5.130000000000000000e+04
5.080000000000000000e+04
4.790000000000000000e+04
5.080000000000000000e+04
5.090000000000000000e+04
5.120000000000000000e+04
4.840000000000000000e+04
4.820000000000000000e+04
4.780000000000000000e+04
4.940000000000000000e+04
4.970000000000000000e+04
5.430000000000000000e+04
4.730000000000000000e+04
4.910000000000000000e+04
5.030000000000000000e+04
5.140000000000000000e+04
5.080000000000000000e+04
5.050000000000000000e+04
4.960000000000000000e+04
4.770000000000000000e+04
5.020000000000000000e+04
4.970000000000000000e+04
4.940000000000000000e+04
4.760000000000000000e+04
5.050000000000000000e+04
5.080000000000000000e+04
4.860000000000000000e+04
4.830000000000000000e+04
5.030000000000000000e+04
5.010000000000000000e+04
5.380000000000000000e+04
4.530000000000000000e+04
5.090000000000000000e+04
5.120000000000000000e+04
5.080000000000000000e+04
5.130000000000000000e+04
5.010000000000000000e+04
4.750000000000000000e+04
4.880000000000000000e+04
5.070000000000000000e+04
4.860000000000000000e+04
4.770000000000000000e+04
4.630000000000000000e+04
4.960000000000000000e+04
5.100000000000000000e+04
5.010000000000000000e+04
5.100000000000000000e+04
4.070000000000000000e+04
4.810000000000000000e+04
4.970000000000000000e+04
4.830000000000000000e+04
5.120000000000000000e+04
4.680000000000000000e+04
4.890000000000000000e+04
5.270000000000000000e+04
4.020000000000000000e+04
5.080000000000000000e+04
4.850000000000000000e+04
5.000000000000000000e+04
3.790000000000000000e+04
5.050000000000000000e+04
3.620000000000000000e+04
4.900000000000000000e+04
1.520000000000000000e+04
5.210000000000000000e+04
5.270000000000000000e+04
5.170000000000000000e+04
4.890000000000000000e+04
5.090000000000000000e+04
4.860000000000000000e+04
4.930000000000000000e+04
4.870000000000000000e+04
4.910000000000000000e+04
4.900000000000000000e+04
4.900000000000000000e+04
4.900000000000000000e+04
5.110000000000000000e+04
5.130000000000000000e+04
5.310000000000000000e+04
4.110000000000000000e+04
5.120000000000000000e+04
4.940000000000000000e+04
4.990000000000000000e+04
4.510000000000000000e+04
4.830000000000000000e+04
4.640000000000000000e+04
5.130000000000000000e+04
3.750000000000000000e+04
5.190000000000000000e+04
4.840000000000000000e+04
5.020000000000000000e+04
3.390000000000000000e+04
5.220000000000000000e+04
3.420000000000000000e+04
4.490000000000000000e+04
1.250000000000000000e+04
5.310000000000000000e+04
5.230000000000000000e+04
5.040000000000000000e+04
4.590000000000000000e+04
5.050000000000000000e+04
4.600000000000000000e+04
5.050000000000000000e+04
3.230000000000000000e+04
4.870000000000000000e+04
4.570000000000000000e+04
4.900000000000000000e+04
2.670000000000000000e+04
4.710000000000000000e+04
2.470000000000000000e+04
4.690000000000000000e+04
6.500000000000000000e+03
5.110000000000000000e+04
4.170000000000000000e+04
5.130000000000000000e+04
1.950000000000000000e+04
5.130000000000000000e+04
1.840000000000000000e+04
4.270000000000000000e+04
4.000000000000000000e+03
5.040000000000000000e+04
1.170000000000000000e+04
4.000000000000000000e+04
1.500000000000000000e+03
4.060000000000000000e+04
9.000000000000000000e+02
2.000000000000000000e+04
0.000000000000000000e+00
4.950000000000000000e+04
5.130000000000000000e+04
4.860000000000000000e+04
5.040000000000000000e+04
5.110000000000000000e+04
4.900000000000000000e+04
4.930000000000000000e+04
5.070000000000000000e+04
4.900000000000000000e+04
4.780000000000000000e+04
4.930000000000000000e+04
4.830000000000000000e+04
4.700000000000000000e+04
4.810000000000000000e+04
5.140000000000000000e+04
3.530000000000000000e+04
5.220000000000000000e+04
5.020000000000000000e+04
5.080000000000000000e+04
4.620000000000000000e+04
4.800000000000000000e+04
4.550000000000000000e+04
4.890000000000000000e+04
3.040000000000000000e+04
4.870000000000000000e+04
4.300000000000000000e+04
5.260000000000000000e+04
2.320000000000000000e+04
5.010000000000000000e+04
1.930000000000000000e+04
4.480000000000000000e+04
4.100000000000000000e+03
5.080000000000000000e+04
4.960000000000000000e+04
5.080000000000000000e+04
4.450000000000000000e+04
5.060000000000000000e+04
4.250000000000000000e+04
4.950000000000000000e+04
2.170000000000000000e+04
5.000000000000000000e+04
3.790000000000000000e+04
4.850000000000000000e+04
1.720000000000000000e+04
4.620000000000000000e+04
1.430000000000000000e+04
4.200000000000000000e+04
1.500000000000000000e+03
4.890000000000000000e+04
3.280000000000000000e+04
5.040000000000000000e+04
1.140000000000000000e+04
4.800000000000000000e+04
8.100000000000000000e+03
4.160000000000000000e+04
7.000000000000000000e+02
4.980000000000000000e+04
4.300000000000000000e+03
3.380000000000000000e+04
5.000000000000000000e+02
3.190000000000000000e+04
1.000000000000000000e+02
1.220000000000000000e+04
0.000000000000000000e+00
4.740000000000000000e+04
4.850000000000000000e+04
5.010000000000000000e+04
3.770000000000000000e+04
4.910000000000000000e+04
3.410000000000000000e+04
5.120000000000000000e+04
1.310000000000000000e+04
4.900000000000000000e+04
2.980000000000000000e+04
4.850000000000000000e+04
8.700000000000000000e+03
4.720000000000000000e+04
7.200000000000000000e+03
3.690000000000000000e+04
3.000000000000000000e+02
5.050000000000000000e+04
2.320000000000000000e+04
5.010000000000000000e+04
6.300000000000000000e+03
4.800000000000000000e+04
4.300000000000000000e+03
3.540000000000000000e+04
1.000000000000000000e+02
4.770000000000000000e+04
1.900000000000000000e+03
3.270000000000000000e+04
0.000000000000000000e+00
2.580000000000000000e+04
1.000000000000000000e+02
8.000000000000000000e+03
0.000000000000000000e+00
4.940000000000000000e+04
1.570000000000000000e+04
4.720000000000000000e+04
1.900000000000000000e+03
4.310000000000000000e+04
1.400000000000000000e+03
2.880000000000000000e+04
1.000000000000000000e+02
4.120000000000000000e+04
1.000000000000000000e+03
2.460000000000000000e+04
0.000000000000000000e+00
1.970000000000000000e+04
0.000000000000000000e+00
4.600000000000000000e+03
0.000000000000000000e+00
4.030000000000000000e+04
5.000000000000000000e+02
1.910000000000000000e+04
0.000000000000000000e+00
1.450000000000000000e+04
0.000000000000000000e+00
2.300000000000000000e+03
0.000000000000000000e+00
9.900000000000000000e+03
0.000000000000000000e+00
1.200000000000000000e+03
0.000000000000000000e+00
3.000000000000000000e+02
0.000000000000000000e+00
0.000000000000000000e+00
0.000000000000000000e+00
4.760000000000000000e+04
5.060000000000000000e+04
5.160000000000000000e+04
4.800000000000000000e+04
5.130000000000000000e+04
5.160000000000000000e+04
5.160000000000000000e+04
4.560000000000000000e+04
4.840000000000000000e+04
4.740000000000000000e+04
5.110000000000000000e+04
4.110000000000000000e+04
5.110000000000000000e+04
3.970000000000000000e+04
4.770000000000000000e+04
2.060000000000000000e+04
5.230000000000000000e+04
4.950000000000000000e+04
5.050000000000000000e+04
3.920000000000000000e+04
4.820000000000000000e+04
3.710000000000000000e+04
5.010000000000000000e+04
1.410000000000000000e+04
4.870000000000000000e+04
3.110000000000000000e+04
4.750000000000000000e+04
1.290000000000000000e+04
4.870000000000000000e+04
8.700000000000000000e+03
3.880000000000000000e+04
1.100000000000000000e+03
4.950000000000000000e+04
4.750000000000000000e+04
4.460000000000000000e+04
3.150000000000000000e+04
5.020000000000000000e+04
2.870000000000000000e+04
4.630000000000000000e+04
9.900000000000000000e+03
4.880000000000000000e+04
2.510000000000000000e+04
4.630000000000000000e+04
7.100000000000000000e+03
4.880000000000000000e+04
4.000000000000000000e+03
3.640000000000000000e+04
1.000000000000000000e+02
4.940000000000000000e+04
1.860000000000000000e+04
4.810000000000000000e+04
4.500000000000000000e+03
4.640000000000000000e+04
2.500000000000000000e+03
3.240000000000000000e+04
0.000000000000000000e+00
4.460000000000000000e+04
1.700000000000000000e+03
2.620000000000000000e+04
0.000000000000000000e+00
2.300000000000000000e+04
0.000000000000000000e+00
5.500000000000000000e+03
0.000000000000000000e+00
4.910000000000000000e+04
4.350000000000000000e+04
4.980000000000000000e+04
2.470000000000000000e+04
5.130000000000000000e+04
2.080000000000000000e+04
4.690000000000000000e+04
5.300000000000000000e+03
5.140000000000000000e+04
1.490000000000000000e+04
4.800000000000000000e+04
2.300000000000000000e+03
4.430000000000000000e+04
1.800000000000000000e+03
2.660000000000000000e+04
0.000000000000000000e+00
5.080000000000000000e+04
1.060000000000000000e+04
4.740000000000000000e+04
1.500000000000000000e+03
4.490000000000000000e+04
5.000000000000000000e+02
2.390000000000000000e+04
0.000000000000000000e+00
3.850000000000000000e+04
3.000000000000000000e+02
1.900000000000000000e+04
0.000000000000000000e+00
1.380000000000000000e+04
0.000000000000000000e+00
2.300000000000000000e+03
0.000000000000000000e+00
4.890000000000000000e+04
7.400000000000000000e+03
4.100000000000000000e+04
5.000000000000000000e+02
3.930000000000000000e+04
8.000000000000000000e+02
1.690000000000000000e+04
0.000000000000000000e+00
3.440000000000000000e+04
4.000000000000000000e+02
1.400000000000000000e+04
0.000000000000000000e+00
9.000000000000000000e+03
0.000000000000000000e+00
1.800000000000000000e+03
0.000000000000000000e+00
2.870000000000000000e+04
0.000000000000000000e+00
7.700000000000000000e+03
0.000000000000000000e+00
6.400000000000000000e+03
0.000000000000000000e+00
2.000000000000000000e+02
0.000000000000000000e+00
3.300000000000000000e+03
0.000000000000000000e+00
3.000000000000000000e+02
0.000000000000000000e+00
1.000000000000000000e+02
0.000000000000000000e+00
0.000000000000000000e+00
0.000000000000000000e+00
4.750000000000000000e+04
3.820000000000000000e+04
4.760000000000000000e+04
1.500000000000000000e+04
5.070000000000000000e+04
1.200000000000000000e+04
4.540000000000000000e+04
1.000000000000000000e+03
5.190000000000000000e+04
6.400000000000000000e+03
4.240000000000000000e+04
5.000000000000000000e+02
4.140000000000000000e+04
0.000000000000000000e+00
1.950000000000000000e+04
0.000000000000000000e+00
4.580000000000000000e+04
5.600000000000000000e+03
3.740000000000000000e+04
2.000000000000000000e+02
3.500000000000000000e+04
6.000000000000000000e+02
1.380000000000000000e+04
0.000000000000000000e+00
3.120000000000000000e+04
0.000000000000000000e+00
1.030000000000000000e+04
0.000000000000000000e+00
7.600000000000000000e+03
0.000000000000000000e+00
5.000000000000000000e+02
0.000000000000000000e+00
4.720000000000000000e+04
2.600000000000000000e+03
3.550000000000000000e+04
0.000000000000000000e+00
3.080000000000000000e+04
0.000000000000000000e+00
9.000000000000000000e+03
0.000000000000000000e+00
2.350000000000000000e+04
0.000000000000000000e+00
5.800000000000000000e+03
0.000000000000000000e+00
4.900000000000000000e+03
0.000000000000000000e+00
3.000000000000000000e+02
0.000000000000000000e+00
1.910000000000000000e+04
0.000000000000000000e+00
3.700000000000000000e+03
0.000000000000000000e+00
1.500000000000000000e+03
0.000000000000000000e+00
0.000000000000000000e+00
0.000000000000000000e+00
2.500000000000000000e+03
0.000000000000000000e+00
0.000000000000000000e+00
0.000000000000000000e+00
0.000000000000000000e+00
0.000000000000000000e+00
0.000000000000000000e+00
0.000000000000000000e+00
4.340000000000000000e+04
1.100000000000000000e+03
2.500000000000000000e+04
0.000000000000000000e+00
1.760000000000000000e+04
0.000000000000000000e+00
4.900000000000000000e+03
0.000000000000000000e+00
1.420000000000000000e+04
0.000000000000000000e+00
2.300000000000000000e+03
0.000000000000000000e+00
1.700000000000000000e+03
0.000000000000000000e+00
0.000000000000000000e+00
0.000000000000000000e+00
9.400000000000000000e+03
0.000000000000000000e+00
1.000000000000000000e+03
0.000000000000000000e+00
4.000000000000000000e+02
0.000000000000000000e+00
0.000000000000000000e+00
0.000000000000000000e+00
1.000000000000000000e+02
0.000000000000000000e+00
0.000000000000000000e+00
0.000000000000000000e+00
0.000000000000000000e+00
0.000000000000000000e+00
0.000000000000000000e+00
0.000000000000000000e+00
5.900000000000000000e+03
0.000000000000000000e+00
3.000000000000000000e+02
0.000000000000000000e+00
0.000000000000000000e+00
0.000000000000000000e+00
0.000000000000000000e+00
0.000000000000000000e+00
3.000000000000000000e+02
0.000000000000000000e+00
0.000000000000000000e+00
0.000000000000000000e+00
0.000000000000000000e+00
0.000000000000000000e+00
0.000000000000000000e+00
0.000000000000000000e+00
1.000000000000000000e+02
0.000000000000000000e+00
0.000000000000000000e+00
0.000000000000000000e+00
0.000000000000000000e+00
0.000000000000000000e+00
0.000000000000000000e+00
0.000000000000000000e+00
0.000000000000000000e+00
0.000000000000000000e+00
0.000000000000000000e+00
0.000000000000000000e+00
0.000000000000000000e+00
0.000000000000000000e+00
0.000000000000000000e+00
0.000000000000000000e+00
