5.014000000000000000e+05
5.056000000000000000e+05
4.975000000000000000e+05
5.060000000000000000e+05
5.080000000000000000e+05
4.997000000000000000e+05
5.076000000000000000e+05
4.997000000000000000e+05
4.980000000000000000e+05
4.939000000000000000e+05
4.936000000000000000e+05
5.038000000000000000e+05
5.010000000000000000e+05
5.039000000000000000e+05
5.000000000000000000e+05
4.915000000000000000e+05
5.004000000000000000e+05
4.962000000000000000e+05
4.934000000000000000e+05
4.958000000000000000e+05
4.970000000000000000e+05
5.088000000000000000e+05
4.990000000000000000e+05
4.979000000000000000e+05
4.945000000000000000e+05
5.051000000000000000e+05
5.020000000000000000e+05
4.819000000000000000e+05
4.987000000000000000e+05
4.778000000000000000e+05
4.919000000000000000e+05
3.748000000000000000e+05
4.993000000000000000e+05
5.005000000000000000e+05
5.002000000000000000e+05
5.014000000000000000e+05
4.924000000000000000e+05
5.038000000000000000e+05
4.966000000000000000e+05
4.887000000000000000e+05
4.973000000000000000e+05
4.993000000000000000e+05
5.047000000000000000e+05
4.802000000000000000e+05
4.939000000000000000e+05
4.754000000000000000e+05
4.990000000000000000e+05
3.340000000000000000e+05
5.014000000000000000e+05
4.931000000000000000e+05
4.952000000000000000e+05
4.725000000000000000e+05
4.985000000000000000e+05
4.625000000000000000e+05
4.946000000000000000e+05
2.860000000000000000e+05
4.998000000000000000e+05
4.269000000000000000e+05
4.953000000000000000e+05
2.317000000000000000e+05
4.902000000000000000e+05
1.974000000000000000e+05
3.922000000000000000e+05
4.020000000000000000e+04
5.020000000000000000e+05
4.971000000000000000e+05
4.897000000000000000e+05
5.035000000000000000e+05
5.050000000000000000e+05
5.073000000000000000e+05
4.960000000000000000e+05
4.704000000000000000e+05
5.111000000000000000e+05
5.012000000000000000e+05
4.947000000000000000e+05
4.595000000000000000e+05
4.965000000000000000e+05
4.503000000000000000e+05
4.955000000000000000e+05
2.621000000000000000e+05
4.964000000000000000e+05
4.929000000000000000e+05
4.945000000000000000e+05
4.286000000000000000e+05
4.981000000000000000e+05
4.076000000000000000e+05
4.885000000000000000e+05
2.059000000000000000e+05
5.052000000000000000e+05
3.759000000000000000e+05
4.902000000000000000e+05
1.522000000000000000e+05
4.786000000000000000e+05
1.164000000000000000e+05
3.625000000000000000e+05
1.220000000000000000e+04
5.046000000000000000e+05
4.939000000000000000e+05
4.959000000000000000e+05
3.808000000000000000e+05
5.047000000000000000e+05
3.378000000000000000e+05
4.868000000000000000e+05
1.347000000000000000e+05
5.014000000000000000e+05
2.911000000000000000e+05
4.801000000000000000e+05
9.290000000000000000e+04
4.631000000000000000e+05
6.040000000000000000e+04
3.134000000000000000e+05
4.100000000000000000e+03
4.977000000000000000e+05
2.237000000000000000e+05
4.631000000000000000e+05
5.660000000000000000e+04
4.421000000000000000e+05
3.450000000000000000e+04
2.626000000000000000e+05
1.500000000000000000e+03
4.209000000000000000e+05
1.970000000000000000e+04
2.138000000000000000e+05
5.000000000000000000e+02
1.755000000000000000e+05
1.000000000000000000e+02
3.260000000000000000e+04
0.000000000000000000e+00
5.043000000000000000e+05
4.996000000000000000e+05
4.932000000000000000e+05
4.970000000000000000e+05
4.910000000000000000e+05
4.991000000000000000e+05
5.098000000000000000e+05
4.229000000000000000e+05
4.936000000000000000e+05
5.057000000000000000e+05
5.018000000000000000e+05
3.937000000000000000e+05
4.988000000000000000e+05
3.672000000000000000e+05
4.896000000000000000e+05
1.477000000000000000e+05
5.053000000000000000e+05
4.881000000000000000e+05
5.045000000000000000e+05
3.412000000000000000e+05
5.028000000000000000e+05
3.083000000000000000e+05
4.810000000000000000e+05
9.700000000000000000e+04
4.941000000000000000e+05
2.552000000000000000e+05
4.750000000000000000e+05
7.050000000000000000e+04
4.592000000000000000e+05
4.360000000000000000e+04
2.907000000000000000e+05
1.400000000000000000e+03
5.043000000000000000e+05
4.500000000000000000e+05
4.998000000000000000e+05
2.643000000000000000e+05
4.968000000000000000e+05
2.192000000000000000e+05
4.561000000000000000e+05
5.120000000000000000e+04
4.998000000000000000e+05
1.642000000000000000e+05
4.372000000000000000e+05
2.830000000000000000e+04
4.223000000000000000e+05
1.690000000000000000e+04
2.215000000000000000e+05
5.000000000000000000e+02
4.910000000000000000e+05
1.124000000000000000e+05
4.034000000000000000e+05
1.530000000000000000e+04
3.825000000000000000e+05
5.700000000000000000e+03
1.665000000000000000e+05
1.000000000000000000e+02
3.427000000000000000e+05
4.000000000000000000e+03
1.280000000000000000e+05
0.000000000000000000e+00
1.014000000000000000e+05
0.000000000000000000e+00
9.000000000000000000e+03
0.000000000000000000e+00
4.971000000000000000e+05
3.934000000000000000e+05
4.946000000000000000e+05
1.759000000000000000e+05
4.975000000000000000e+05
1.338000000000000000e+05
4.162000000000000000e+05
1.720000000000000000e+04
4.895000000000000000e+05
9.110000000000000000e+04
3.913000000000000000e+05
7.200000000000000000e+03
3.570000000000000000e+05
4.100000000000000000e+03
1.486000000000000000e+05
0.000000000000000000e+00
4.879000000000000000e+05
5.580000000000000000e+04
3.422000000000000000e+05
4.000000000000000000e+03
3.022000000000000000e+05
2.000000000000000000e+03
1.006000000000000000e+05
0.000000000000000000e+00
2.579000000000000000e+05
1.100000000000000000e+03
6.800000000000000000e+04
0.000000000000000000e+00
4.660000000000000000e+04
0.000000000000000000e+00
1.900000000000000000e+03
0.000000000000000000e+00
4.525000000000000000e+05
3.490000000000000000e+04
2.656000000000000000e+05
7.000000000000000000e+02
2.214000000000000000e+05
4.000000000000000000e+02
5.420000000000000000e+04
0.000000000000000000e+00
1.726000000000000000e+05
3.000000000000000000e+02
3.060000000000000000e+04
0.000000000000000000e+00
1.980000000000000000e+04
0.000000000000000000e+00
4.000000000000000000e+02
0.000000000000000000e+00
1.220000000000000000e+05
0.000000000000000000e+00
1.460000000000000000e+04
0.000000000000000000e+00
1.080000000000000000e+04
0.000000000000000000e+00
2.000000000000000000e+02
0.000000000000000000e+00
5.200000000000000000e+03
0.000000000000000000e+00
0.000000000000000000e+00
0.000000000000000000e+00
1.000000000000000000e+02
0.000000000000000000e+00
0.000000000000000000e+00
0.000000000000000000e+00
5.020000000000000000e+05
4.921000000000000000e+05
4.890000000000000000e+05
4.786000000000000000e+05
5.020000000000000000e+05
4.667000000000000000e+05
5.028000000000000000e+05
3.210000000000000000e+05
4.949000000000000000e+05
4.629000000000000000e+05
5.009000000000000000e+05
2.641000000000000000e+05
4.934000000000000000e+05
2.294000000000000000e+05
4.604000000000000000e+05
5.340000000000000000e+04
4.881000000000000000e+05
4.095000000000000000e+05
5.048000000000000000e+05
2.102000000000000000e+05
5.032000000000000000e+05
1.584000000000000000e+05
4.352000000000000000e+05
2.970000000000000000e+04
4.968000000000000000e+05
1.185000000000000000e+05
3.973000000000000000e+05
1.390000000000000000e+04
3.944000000000000000e+05
8.400000000000000000e+03
1.797000000000000000e+05
0.000000000000000000e+00
4.977000000000000000e+05
3.537000000000000000e+05
4.979000000000000000e+05
1.303000000000000000e+05
4.956000000000000000e+05
1.027000000000000000e+05
3.925000000000000000e+05
1.070000000000000000e+04
4.841000000000000000e+05
6.410000000000000000e+04
3.569000000000000000e+05
4.400000000000000000e+03
3.321000000000000000e+05
2.000000000000000000e+03
1.174000000000000000e+05
0.000000000000000000e+00
4.784000000000000000e+05
4.060000000000000000e+04
3.018000000000000000e+05
1.800000000000000000e+03
2.712000000000000000e+05
5.000000000000000000e+02
7.510000000000000000e+04
0.000000000000000000e+00
2.146000000000000000e+05
3.000000000000000000e+02
4.660000000000000000e+04
0.000000000000000000e+00
3.320000000000000000e+04
0.000000000000000000e+00
1.100000000000000000e+03
0.000000000000000000e+00
5.025000000000000000e+05
2.566000000000000000e+05
4.762000000000000000e+05
7.020000000000000000e+04
4.706000000000000000e+05
4.890000000000000000e+04
3.242000000000000000e+05
1.800000000000000000e+03
4.551000000000000000e+05
2.910000000000000000e+04
2.792000000000000000e+05
1.200000000000000000e+03
2.462000000000000000e+05
6.000000000000000000e+02
5.530000000000000000e+04
0.000000000000000000e+00
4.323000000000000000e+05
1.740000000000000000e+04
2.170000000000000000e+05
2.000000000000000000e+02
1.829000000000000000e+05
1.000000000000000000e+02
3.290000000000000000e+04
0.000000000000000000e+00
1.317000000000000000e+05
0.000000000000000000e+00
1.870000000000000000e+04
0.000000000000000000e+00
1.200000000000000000e+04
0.000000000000000000e+00
0.000000000000000000e+00
0.000000000000000000e+00
3.632000000000000000e+05
1.000000000000000000e+04
1.477000000000000000e+05
0.000000000000000000e+00
1.101000000000000000e+05
1.000000000000000000e+02
1.210000000000000000e+04
0.000000000000000000e+00
7.590000000000000000e+04
0.000000000000000000e+00
5.600000000000000000e+03
0.000000000000000000e+00
4.200000000000000000e+03
0.000000000000000000e+00
0.000000000000000000e+00
0.000000000000000000e+00
4.710000000000000000e+04
0.000000000000000000e+00
3.200000000000000000e+03
0.000000000000000000e+00
2.400000000000000000e+03
0.000000000000000000e+00
0.000000000000000000e+00
0.000000000000000000e+00
1.000000000000000000e+03
0.000000000000000000e+00
0.000000000000000000e+00
0.000000000000000000e+00
0.000000000000000000e+00
0.000000000000000000e+00
0.000000000000000000e+00
0.000000000000000000e+00
4.983000000000000000e+05
1.778000000000000000e+05
4.550000000000000000e+05
3.050000000000000000e+04
4.208000000000000000e+05
2.030000000000000000e+04
2.278000000000000000e+05
6.000000000000000000e+02
3.934000000000000000e+05
1.050000000000000000e+04
1.779000000000000000e+05
2.000000000000000000e+02
1.382000000000000000e+05
0.000000000000000000e+00
2.090000000000000000e+04
0.000000000000000000e+00
3.402000000000000000e+05
7.000000000000000000e+03
1.225000000000000000e+05
0.000000000000000000e+00
8.750000000000000000e+04
1.000000000000000000e+02
9.100000000000000000e+03
0.000000000000000000e+00
5.930000000000000000e+04
0.000000000000000000e+00
4.000000000000000000e+03
0.000000000000000000e+00
2.600000000000000000e+03
0.000000000000000000e+00
0.000000000000000000e+00
0.000000000000000000e+00
2.566000000000000000e+05
2.400000000000000000e+03
7.160000000000000000e+04
0.000000000000000000e+00
4.920000000000000000e+04
0.000000000000000000e+00
2.600000000000000000e+03
0.000000000000000000e+00
3.170000000000000000e+04
0.000000000000000000e+00
1.500000000000000000e+03
0.000000000000000000e+00
9.000000000000000000e+02
0.000000000000000000e+00
0.000000000000000000e+00
0.000000000000000000e+00
1.960000000000000000e+04
0.000000000000000000e+00
2.000000000000000000e+02
0.000000000000000000e+00
1.000000000000000000e+02
0.000000000000000000e+00
0.000000000000000000e+00
0.000000000000000000e+00
0.000000000000000000e+00
0.000000000000000000e+00
0.000000000000000000e+00
0.000000000000000000e+00
0.000000000000000000e+00
0.000000000000000000e+00
0.000000000000000000e+00
0.000000000000000000e+00
1.777000000000000000e+05
1.100000000000000000e+03
3.660000000000000000e+04
0.000000000000000000e+00
2.290000000000000000e+04
0.000000000000000000e+00
8.000000000000000000e+02
0.000000000000000000e+00
1.210000000000000000e+04
0.000000000000000000e+00
1.000000000000000000e+02
0.000000000000000000e+00
1.000000000000000000e+02
0.000000000000000000e+00
0.000000000000000000e+00
0.000000000000000000e+00
6.900000000000000000e+03
0.000000000000000000e+00
0.000000000000000000e+00
0.000000000000000000e+00
1.000000000000000000e+02
0.000000000000000000e+00
0.000000000000000000e+00
0.000000000000000000e+00
0.000000000000000000e+00
0.000000000000000000e+00
0.000000000000000000e+00
0.000000000000000000e+00
0.000000000000000000e+00
0.000000000000000000e+00
0.000000000000000000e+00
0.000000000000000000e+00
2.800000000000000000e+03
0.000000000000000000e+00
0.000000000000000000e+00
0.000000000000000000e+00
0.000000000000000000e+00
0.000000000000000000e+00
0.000000000000000000e+00
0.000000000000000000e+00
0.000000000000000000e+00
0.000000000000000000e+00
0.000000000000000000e+00
0.000000000000000000e+00
0.000000000000000000e+00
0.000000000000000000e+00
0.000000000000000000e+00
0.000000000000000000e+00
0.000000000000000000e+00
0.000000000000000000e+00
0.000000000000000000e+00
0.000000000000000000e+00
0.000000000000000000e+00
0.000000000000000000e+00
0.000000000000000000e+00
0.000000000000000000e+00
0.000000000000000000e+00
0.000000000000000000e+00
0.000000000000000000e+00
0.000000000000000000e+00
0.000000000000000000e+00
0.000000000000000000e+00
0.000000000000000000e+00
0.000000000000000000e+00
