5.003000000000000000e+05
4.995000000000000000e+05
5.014000000000000000e+05
5.016000000000000000e+05
4.896000000000000000e+05
4.957000000000000000e+05
4.922000000000000000e+05
4.980000000000000000e+05
4.982000000000000000e+05
5.005000000000000000e+05
5.107000000000000000e+05
4.904000000000000000e+05
5.006000000000000000e+05
4.920000000000000000e+05
5.014000000000000000e+05
4.999000000000000000e+05
4.966000000000000000e+05
4.976000000000000000e+05
4.977000000000000000e+05
5.123000000000000000e+05
4.999000000000000000e+05
4.954000000000000000e+05
5.070000000000000000e+05
5.076000000000000000e+05
5.020000000000000000e+05
4.954000000000000000e+05
5.002000000000000000e+05
5.102000000000000000e+05
5.005000000000000000e+05
4.961000000000000000e+05
5.060000000000000000e+05
5.014000000000000000e+05
4.912000000000000000e+05
5.075000000000000000e+05
4.983000000000000000e+05
4.904000000000000000e+05
5.010000000000000000e+05
4.957000000000000000e+05
5.015000000000000000e+05
4.988000000000000000e+05
5.020000000000000000e+05
5.003000000000000000e+05
4.996000000000000000e+05
5.054000000000000000e+05
4.952000000000000000e+05
4.858000000000000000e+05
5.015000000000000000e+05
4.904000000000000000e+05
4.999000000000000000e+05
4.967000000000000000e+05
5.043000000000000000e+05
4.978000000000000000e+05
4.977000000000000000e+05
4.967000000000000000e+05
5.031000000000000000e+05
4.962000000000000000e+05
4.995000000000000000e+05
5.015000000000000000e+05
5.018000000000000000e+05
4.953000000000000000e+05
5.020000000000000000e+05
4.958000000000000000e+05
5.009000000000000000e+05
4.288000000000000000e+05
5.076000000000000000e+05
5.009000000000000000e+05
4.998000000000000000e+05
5.068000000000000000e+05
4.932000000000000000e+05
4.922000000000000000e+05
5.016000000000000000e+05
5.078000000000000000e+05
5.093000000000000000e+05
4.935000000000000000e+05
5.085000000000000000e+05
5.022000000000000000e+05
4.924000000000000000e+05
4.984000000000000000e+05
5.021000000000000000e+05
4.906000000000000000e+05
4.943000000000000000e+05
4.980000000000000000e+05
4.932000000000000000e+05
4.978000000000000000e+05
4.997000000000000000e+05
4.993000000000000000e+05
4.991000000000000000e+05
4.929000000000000000e+05
5.006000000000000000e+05
4.998000000000000000e+05
5.027000000000000000e+05
4.970000000000000000e+05
4.928000000000000000e+05
4.901000000000000000e+05
4.970000000000000000e+05
4.090000000000000000e+05
5.025000000000000000e+05
4.959000000000000000e+05
5.038000000000000000e+05
5.040000000000000000e+05
4.998000000000000000e+05
4.977000000000000000e+05
4.975000000000000000e+05
4.906000000000000000e+05
5.087000000000000000e+05
4.975000000000000000e+05
5.055000000000000000e+05
4.904000000000000000e+05
4.980000000000000000e+05
4.765000000000000000e+05
5.047000000000000000e+05
3.701000000000000000e+05
4.988000000000000000e+05
5.039000000000000000e+05
4.970000000000000000e+05
4.785000000000000000e+05
4.974000000000000000e+05
4.686000000000000000e+05
4.993000000000000000e+05
3.309000000000000000e+05
5.081000000000000000e+05
4.670000000000000000e+05
4.936000000000000000e+05
2.859000000000000000e+05
4.974000000000000000e+05
2.426000000000000000e+05
4.667000000000000000e+05
6.980000000000000000e+04
5.086000000000000000e+05
4.996000000000000000e+05
4.901000000000000000e+05
5.082000000000000000e+05
5.006000000000000000e+05
5.040000000000000000e+05
5.055000000000000000e+05
4.976000000000000000e+05
4.945000000000000000e+05
4.972000000000000000e+05
5.043000000000000000e+05
4.943000000000000000e+05
4.925000000000000000e+05
5.000000000000000000e+05
4.988000000000000000e+05
4.887000000000000000e+05
5.099000000000000000e+05
4.989000000000000000e+05
4.935000000000000000e+05
5.059000000000000000e+05
5.114000000000000000e+05
4.983000000000000000e+05
4.991000000000000000e+05
4.938000000000000000e+05
4.943000000000000000e+05
4.970000000000000000e+05
5.066000000000000000e+05
4.813000000000000000e+05
5.082000000000000000e+05
4.771000000000000000e+05
5.000000000000000000e+05
3.458000000000000000e+05
4.988000000000000000e+05
4.988000000000000000e+05
4.952000000000000000e+05
4.995000000000000000e+05
5.125000000000000000e+05
4.979000000000000000e+05
5.005000000000000000e+05
4.726000000000000000e+05
5.025000000000000000e+05
5.003000000000000000e+05
5.096000000000000000e+05
4.700000000000000000e+05
5.006000000000000000e+05
4.582000000000000000e+05
5.030000000000000000e+05
2.957000000000000000e+05
5.076000000000000000e+05
4.888000000000000000e+05
5.071000000000000000e+05
4.506000000000000000e+05
5.038000000000000000e+05
4.365000000000000000e+05
4.979000000000000000e+05
2.428000000000000000e+05
4.976000000000000000e+05
4.050000000000000000e+05
4.926000000000000000e+05
1.982000000000000000e+05
5.035000000000000000e+05
1.533000000000000000e+05
4.453000000000000000e+05
2.560000000000000000e+04
4.991000000000000000e+05
5.078000000000000000e+05
4.989000000000000000e+05
5.001000000000000000e+05
5.028000000000000000e+05
5.069000000000000000e+05
5.029000000000000000e+05
4.439000000000000000e+05
5.122000000000000000e+05
4.968000000000000000e+05
4.965000000000000000e+05
4.303000000000000000e+05
4.974000000000000000e+05
4.174000000000000000e+05
4.975000000000000000e+05
2.235000000000000000e+05
5.062000000000000000e+05
4.873000000000000000e+05
4.980000000000000000e+05
3.980000000000000000e+05
5.048000000000000000e+05
3.692000000000000000e+05
4.897000000000000000e+05
1.636000000000000000e+05
5.024000000000000000e+05
3.320000000000000000e+05
4.975000000000000000e+05
1.186000000000000000e+05
4.965000000000000000e+05
8.740000000000000000e+04
4.382000000000000000e+05
8.600000000000000000e+03
5.081000000000000000e+05
4.747000000000000000e+05
5.091000000000000000e+05
3.372000000000000000e+05
4.921000000000000000e+05
3.010000000000000000e+05
4.944000000000000000e+05
1.004000000000000000e+05
4.968000000000000000e+05
2.526000000000000000e+05
4.924000000000000000e+05
6.440000000000000000e+04
4.934000000000000000e+05
4.180000000000000000e+04
4.032000000000000000e+05
1.800000000000000000e+03
5.042000000000000000e+05
1.969000000000000000e+05
4.845000000000000000e+05
4.080000000000000000e+04
4.798000000000000000e+05
2.560000000000000000e+04
3.635000000000000000e+05
5.000000000000000000e+02
4.707000000000000000e+05
1.230000000000000000e+04
3.257000000000000000e+05
1.000000000000000000e+02
2.977000000000000000e+05
2.000000000000000000e+02
9.920000000000000000e+04
0.000000000000000000e+00
5.008000000000000000e+05
4.984000000000000000e+05
5.088000000000000000e+05
5.016000000000000000e+05
5.062000000000000000e+05
4.966000000000000000e+05
4.989000000000000000e+05
5.017000000000000000e+05
4.939000000000000000e+05
4.996000000000000000e+05
5.047000000000000000e+05
5.018000000000000000e+05
5.066000000000000000e+05
5.069000000000000000e+05
5.060000000000000000e+05
4.708000000000000000e+05
5.003000000000000000e+05
4.918000000000000000e+05
4.959000000000000000e+05
4.995000000000000000e+05
5.014000000000000000e+05
5.022000000000000000e+05
5.078000000000000000e+05
4.578000000000000000e+05
5.038000000000000000e+05
5.021000000000000000e+05
5.075000000000000000e+05
4.479000000000000000e+05
5.096000000000000000e+05
4.306000000000000000e+05
4.994000000000000000e+05
2.342000000000000000e+05
4.942000000000000000e+05
4.994000000000000000e+05
5.074000000000000000e+05
4.954000000000000000e+05
5.027000000000000000e+05
4.961000000000000000e+05
5.028000000000000000e+05
4.476000000000000000e+05
5.020000000000000000e+05
4.977000000000000000e+05
5.008000000000000000e+05
4.131000000000000000e+05
5.016000000000000000e+05
3.984000000000000000e+05
4.962000000000000000e+05
1.781000000000000000e+05
5.023000000000000000e+05
4.844000000000000000e+05
4.986000000000000000e+05
3.660000000000000000e+05
5.035000000000000000e+05
3.410000000000000000e+05
4.823000000000000000e+05
1.325000000000000000e+05
5.030000000000000000e+05
2.852000000000000000e+05
5.016000000000000000e+05
9.240000000000000000e+04
4.937000000000000000e+05
6.340000000000000000e+04
4.029000000000000000e+05
5.400000000000000000e+03
4.958000000000000000e+05
4.989000000000000000e+05
4.888000000000000000e+05
4.910000000000000000e+05
5.001000000000000000e+05
4.842000000000000000e+05
4.968000000000000000e+05
3.886000000000000000e+05
5.033000000000000000e+05
4.854000000000000000e+05
5.027000000000000000e+05
3.458000000000000000e+05
4.938000000000000000e+05
3.122000000000000000e+05
4.978000000000000000e+05
1.089000000000000000e+05
5.011000000000000000e+05
4.613000000000000000e+05
4.994000000000000000e+05
2.974000000000000000e+05
5.073000000000000000e+05
2.481000000000000000e+05
4.944000000000000000e+05
6.850000000000000000e+04
4.910000000000000000e+05
1.976000000000000000e+05
4.930000000000000000e+05
4.460000000000000000e+04
4.812000000000000000e+05
2.600000000000000000e+04
3.653000000000000000e+05
1.100000000000000000e+03
5.095000000000000000e+05
4.174000000000000000e+05
5.056000000000000000e+05
2.187000000000000000e+05
5.045000000000000000e+05
1.749000000000000000e+05
4.849000000000000000e+05
3.450000000000000000e+04
5.031000000000000000e+05
1.318000000000000000e+05
4.901000000000000000e+05
1.630000000000000000e+04
4.794000000000000000e+05
1.100000000000000000e+04
3.262000000000000000e+05
2.000000000000000000e+02
4.871000000000000000e+05
8.620000000000000000e+04
4.597000000000000000e+05
8.600000000000000000e+03
4.532000000000000000e+05
3.600000000000000000e+03
2.837000000000000000e+05
0.000000000000000000e+00
4.257000000000000000e+05
3.100000000000000000e+03
2.350000000000000000e+05
0.000000000000000000e+00
2.045000000000000000e+05
0.000000000000000000e+00
4.210000000000000000e+04
0.000000000000000000e+00
5.094000000000000000e+05
5.009000000000000000e+05
5.027000000000000000e+05
4.636000000000000000e+05
4.979000000000000000e+05
4.625000000000000000e+05
4.956000000000000000e+05
2.913000000000000000e+05
5.047000000000000000e+05
4.418000000000000000e+05
5.027000000000000000e+05
2.378000000000000000e+05
4.991000000000000000e+05
2.027000000000000000e+05
4.919000000000000000e+05
4.360000000000000000e+04
5.039000000000000000e+05
3.934000000000000000e+05
4.980000000000000000e+05
1.868000000000000000e+05
4.968000000000000000e+05
1.505000000000000000e+05
4.847000000000000000e+05
2.230000000000000000e+04
4.978000000000000000e+05
1.013000000000000000e+05
4.611000000000000000e+05
1.170000000000000000e+04
4.566000000000000000e+05
7.100000000000000000e+03
3.067000000000000000e+05
0.000000000000000000e+00
4.977000000000000000e+05
3.311000000000000000e+05
5.006000000000000000e+05
1.165000000000000000e+05
4.949000000000000000e+05
8.890000000000000000e+04
4.741000000000000000e+05
9.600000000000000000e+03
4.902000000000000000e+05
5.660000000000000000e+04
4.465000000000000000e+05
4.400000000000000000e+03
4.271000000000000000e+05
2.600000000000000000e+03
2.513000000000000000e+05
0.000000000000000000e+00
4.945000000000000000e+05
3.650000000000000000e+04
4.231000000000000000e+05
2.000000000000000000e+03
4.084000000000000000e+05
3.000000000000000000e+02
2.085000000000000000e+05
0.000000000000000000e+00
3.708000000000000000e+05
5.000000000000000000e+02
1.488000000000000000e+05
0.000000000000000000e+00
1.196000000000000000e+05
0.000000000000000000e+00
1.470000000000000000e+04
0.000000000000000000e+00
4.990000000000000000e+05
2.423000000000000000e+05
4.958000000000000000e+05
6.450000000000000000e+04
4.962000000000000000e+05
4.490000000000000000e+04
4.313000000000000000e+05
2.000000000000000000e+03
4.940000000000000000e+05
2.510000000000000000e+04
4.058000000000000000e+05
1.200000000000000000e+03
3.879000000000000000e+05
0.000000000000000000e+00
1.727000000000000000e+05
0.000000000000000000e+00
4.874000000000000000e+05
1.600000000000000000e+04
3.719000000000000000e+05
5.000000000000000000e+02
3.339000000000000000e+05
3.000000000000000000e+02
1.290000000000000000e+05
0.000000000000000000e+00
2.825000000000000000e+05
2.000000000000000000e+02
8.510000000000000000e+04
0.000000000000000000e+00
6.830000000000000000e+04
0.000000000000000000e+00
4.100000000000000000e+03
0.000000000000000000e+00
4.781000000000000000e+05
9.900000000000000000e+03
3.061000000000000000e+05
1.000000000000000000e+02
2.551000000000000000e+05
0.000000000000000000e+00
7.570000000000000000e+04
0.000000000000000000e+00
2.077000000000000000e+05
0.000000000000000000e+00
4.670000000000000000e+04
0.000000000000000000e+00
2.950000000000000000e+04
0.000000000000000000e+00
8.000000000000000000e+02
0.000000000000000000e+00
1.454000000000000000e+05
0.000000000000000000e+00
2.480000000000000000e+04
0.000000000000000000e+00
1.260000000000000000e+04
0.000000000000000000e+00
1.000000000000000000e+02
0.000000000000000000e+00
7.400000000000000000e+03
0.000000000000000000e+00
0.000000000000000000e+00
0.000000000000000000e+00
0.000000000000000000e+00
0.000000000000000000e+00
0.000000000000000000e+00
0.000000000000000000e+00
