4.976000000000000000e+05
4.912000000000000000e+05
4.941000000000000000e+05
5.044000000000000000e+05
4.983000000000000000e+05
4.949000000000000000e+05
5.070000000000000000e+05
4.932000000000000000e+05
4.992000000000000000e+05
5.026000000000000000e+05
4.901000000000000000e+05
4.992000000000000000e+05
5.011000000000000000e+05
4.940000000000000000e+05
4.991000000000000000e+05
5.043000000000000000e+05
5.003000000000000000e+05
5.019000000000000000e+05
4.919000000000000000e+05
4.871000000000000000e+05
4.995000000000000000e+05
4.964000000000000000e+05
4.973000000000000000e+05
4.976000000000000000e+05
5.007000000000000000e+05
5.035000000000000000e+05
5.029000000000000000e+05
5.054000000000000000e+05
4.961000000000000000e+05
4.913000000000000000e+05
5.026000000000000000e+05
5.020000000000000000e+05
4.986000000000000000e+05
4.919000000000000000e+05
5.058000000000000000e+05
4.984000000000000000e+05
4.978000000000000000e+05
5.009000000000000000e+05
4.950000000000000000e+05
4.946000000000000000e+05
4.974000000000000000e+05
5.077000000000000000e+05
5.050000000000000000e+05
5.047000000000000000e+05
4.986000000000000000e+05
4.997000000000000000e+05
4.973000000000000000e+05
4.831000000000000000e+05
5.096000000000000000e+05
5.113000000000000000e+05
5.043000000000000000e+05
5.009000000000000000e+05
4.916000000000000000e+05
4.988000000000000000e+05
5.029000000000000000e+05
4.851000000000000000e+05
4.966000000000000000e+05
5.031000000000000000e+05
4.968000000000000000e+05
4.736000000000000000e+05
4.917000000000000000e+05
4.745000000000000000e+05
4.908000000000000000e+05
3.165000000000000000e+05
5.044000000000000000e+05
4.949000000000000000e+05
4.986000000000000000e+05
4.987000000000000000e+05
5.078000000000000000e+05
5.004000000000000000e+05
4.947000000000000000e+05
5.019000000000000000e+05
4.978000000000000000e+05
5.036000000000000000e+05
4.926000000000000000e+05
5.021000000000000000e+05
4.985000000000000000e+05
5.012000000000000000e+05
4.998000000000000000e+05
4.721000000000000000e+05
5.000000000000000000e+05
4.970000000000000000e+05
4.873000000000000000e+05
4.923000000000000000e+05
4.936000000000000000e+05
5.048000000000000000e+05
4.983000000000000000e+05
4.623000000000000000e+05
5.012000000000000000e+05
5.028000000000000000e+05
5.014000000000000000e+05
4.570000000000000000e+05
5.019000000000000000e+05
4.414000000000000000e+05
4.946000000000000000e+05
2.658000000000000000e+05
4.922000000000000000e+05
5.055000000000000000e+05
4.969000000000000000e+05
4.996000000000000000e+05
5.012000000000000000e+05
4.876000000000000000e+05
5.027000000000000000e+05
4.455000000000000000e+05
5.012000000000000000e+05
4.996000000000000000e+05
5.077000000000000000e+05
4.370000000000000000e+05
4.929000000000000000e+05
4.042000000000000000e+05
5.061000000000000000e+05
2.098000000000000000e+05
4.946000000000000000e+05
4.894000000000000000e+05
5.032000000000000000e+05
3.912000000000000000e+05
4.989000000000000000e+05
3.610000000000000000e+05
4.906000000000000000e+05
1.584000000000000000e+05
5.059000000000000000e+05
3.159000000000000000e+05
4.911000000000000000e+05
1.106000000000000000e+05
4.762000000000000000e+05
8.010000000000000000e+04
3.802000000000000000e+05
8.100000000000000000e+03
5.069000000000000000e+05
5.000000000000000000e+05
5.077000000000000000e+05
4.917000000000000000e+05
4.999000000000000000e+05
5.045000000000000000e+05
4.977000000000000000e+05
4.962000000000000000e+05
4.960000000000000000e+05
5.004000000000000000e+05
4.963000000000000000e+05
5.054000000000000000e+05
4.978000000000000000e+05
4.985000000000000000e+05
5.036000000000000000e+05
4.534000000000000000e+05
4.975000000000000000e+05
5.011000000000000000e+05
5.010000000000000000e+05
4.919000000000000000e+05
4.964000000000000000e+05
4.982000000000000000e+05
4.968000000000000000e+05
4.300000000000000000e+05
4.979000000000000000e+05
4.922000000000000000e+05
5.081000000000000000e+05
4.054000000000000000e+05
4.960000000000000000e+05
3.859000000000000000e+05
4.932000000000000000e+05
1.825000000000000000e+05
5.065000000000000000e+05
4.984000000000000000e+05
5.038000000000000000e+05
4.904000000000000000e+05
5.023000000000000000e+05
4.934000000000000000e+05
4.975000000000000000e+05
3.897000000000000000e+05
4.988000000000000000e+05
4.891000000000000000e+05
5.061000000000000000e+05
3.608000000000000000e+05
5.021000000000000000e+05
3.203000000000000000e+05
4.898000000000000000e+05
1.218000000000000000e+05
5.088000000000000000e+05
4.490000000000000000e+05
4.923000000000000000e+05
3.109000000000000000e+05
4.956000000000000000e+05
2.625000000000000000e+05
4.834000000000000000e+05
7.440000000000000000e+04
5.081000000000000000e+05
2.085000000000000000e+05
4.737000000000000000e+05
4.600000000000000000e+04
4.719000000000000000e+05
2.880000000000000000e+04
3.326000000000000000e+05
9.000000000000000000e+02
4.996000000000000000e+05
4.959000000000000000e+05
5.013000000000000000e+05
4.824000000000000000e+05
4.998000000000000000e+05
4.741000000000000000e+05
5.061000000000000000e+05
3.222000000000000000e+05
4.985000000000000000e+05
4.440000000000000000e+05
4.959000000000000000e+05
2.751000000000000000e+05
5.026000000000000000e+05
2.368000000000000000e+05
4.865000000000000000e+05
5.950000000000000000e+04
5.032000000000000000e+05
4.218000000000000000e+05
5.063000000000000000e+05
2.176000000000000000e+05
5.033000000000000000e+05
1.695000000000000000e+05
4.714000000000000000e+05
3.250000000000000000e+04
4.904000000000000000e+05
1.218000000000000000e+05
4.692000000000000000e+05
1.690000000000000000e+04
4.476000000000000000e+05
8.000000000000000000e+03
2.830000000000000000e+05
1.000000000000000000e+02
4.978000000000000000e+05
3.459000000000000000e+05
4.945000000000000000e+05
1.384000000000000000e+05
4.938000000000000000e+05
1.023000000000000000e+05
4.566000000000000000e+05
1.320000000000000000e+04
4.971000000000000000e+05
7.010000000000000000e+04
4.419000000000000000e+05
5.200000000000000000e+03
4.211000000000000000e+05
3.400000000000000000e+03
2.252000000000000000e+05
0.000000000000000000e+00
4.884000000000000000e+05
4.680000000000000000e+04
3.961000000000000000e+05
2.200000000000000000e+03
3.767000000000000000e+05
7.000000000000000000e+02
1.732000000000000000e+05
0.000000000000000000e+00
3.353000000000000000e+05
3.000000000000000000e+02
1.256000000000000000e+05
0.000000000000000000e+00
9.220000000000000000e+04
0.000000000000000000e+00
9.100000000000000000e+03
0.000000000000000000e+00
5.112000000000000000e+05
5.036000000000000000e+05
4.958000000000000000e+05
5.009000000000000000e+05
5.055000000000000000e+05
4.982000000000000000e+05
4.994000000000000000e+05
4.945000000000000000e+05
5.017000000000000000e+05
4.962000000000000000e+05
4.915000000000000000e+05
4.845000000000000000e+05
5.108000000000000000e+05
4.889000000000000000e+05
5.006000000000000000e+05
3.779000000000000000e+05
4.985000000000000000e+05
5.033000000000000000e+05
5.014000000000000000e+05
4.908000000000000000e+05
5.030000000000000000e+05
4.783000000000000000e+05
5.044000000000000000e+05
3.449000000000000000e+05
4.989000000000000000e+05
4.639000000000000000e+05
5.018000000000000000e+05
2.988000000000000000e+05
5.024000000000000000e+05
2.680000000000000000e+05
4.842000000000000000e+05
7.330000000000000000e+04
5.001000000000000000e+05
5.064000000000000000e+05
4.942000000000000000e+05
4.697000000000000000e+05
4.904000000000000000e+05
4.514000000000000000e+05
5.181000000000000000e+05
2.913000000000000000e+05
4.957000000000000000e+05
4.315000000000000000e+05
5.048000000000000000e+05
2.379000000000000000e+05
4.974000000000000000e+05
1.930000000000000000e+05
4.683000000000000000e+05
3.610000000000000000e+04
4.987000000000000000e+05
3.822000000000000000e+05
5.056000000000000000e+05
1.745000000000000000e+05
5.085000000000000000e+05
1.316000000000000000e+05
4.602000000000000000e+05
2.140000000000000000e+04
4.938000000000000000e+05
9.480000000000000000e+04
4.417000000000000000e+05
1.080000000000000000e+04
4.329000000000000000e+05
5.100000000000000000e+03
2.511000000000000000e+05
0.000000000000000000e+00
5.053000000000000000e+05
4.995000000000000000e+05
5.093000000000000000e+05
4.234000000000000000e+05
5.061000000000000000e+05
4.000000000000000000e+05
5.009000000000000000e+05
1.969000000000000000e+05
5.084000000000000000e+05
3.596000000000000000e+05
4.927000000000000000e+05
1.436000000000000000e+05
5.033000000000000000e+05
1.122000000000000000e+05
4.544000000000000000e+05
1.360000000000000000e+04
5.019000000000000000e+05
2.981000000000000000e+05
5.000000000000000000e+05
9.870000000000000000e+04
5.047000000000000000e+05
6.980000000000000000e+04
4.319000000000000000e+05
5.200000000000000000e+03
4.896000000000000000e+05
4.600000000000000000e+04
4.194000000000000000e+05
1.500000000000000000e+03
3.909000000000000000e+05
1.300000000000000000e+03
1.839000000000000000e+05
0.000000000000000000e+00
5.018000000000000000e+05
2.291000000000000000e+05
5.002000000000000000e+05
5.210000000000000000e+04
4.911000000000000000e+05
3.600000000000000000e+04
3.917000000000000000e+05
1.400000000000000000e+03
4.866000000000000000e+05
1.880000000000000000e+04
3.771000000000000000e+05
1.000000000000000000e+03
3.431000000000000000e+05
3.000000000000000000e+02
1.225000000000000000e+05
0.000000000000000000e+00
4.687000000000000000e+05
1.090000000000000000e+04
3.099000000000000000e+05
0.000000000000000000e+00
2.876000000000000000e+05
0.000000000000000000e+00
8.710000000000000000e+04
0.000000000000000000e+00
2.243000000000000000e+05
0.000000000000000000e+00
5.490000000000000000e+04
0.000000000000000000e+00
4.050000000000000000e+04
0.000000000000000000e+00
1.700000000000000000e+03
0.000000000000000000e+00
5.042000000000000000e+05
4.757000000000000000e+05
4.937000000000000000e+05
3.429000000000000000e+05
5.031000000000000000e+05
3.127000000000000000e+05
5.044000000000000000e+05
1.035000000000000000e+05
4.984000000000000000e+05
2.593000000000000000e+05
5.021000000000000000e+05
6.370000000000000000e+04
4.975000000000000000e+05
4.880000000000000000e+04
4.158000000000000000e+05
2.900000000000000000e+03
4.997000000000000000e+05
1.938000000000000000e+05
4.860000000000000000e+05
3.900000000000000000e+04
4.934000000000000000e+05
2.530000000000000000e+04
3.790000000000000000e+05
1.200000000000000000e+03
4.760000000000000000e+05
1.620000000000000000e+04
3.327000000000000000e+05
3.000000000000000000e+02
3.107000000000000000e+05
2.000000000000000000e+02
1.098000000000000000e+05
0.000000000000000000e+00
4.962000000000000000e+05
1.281000000000000000e+05
4.903000000000000000e+05
1.870000000000000000e+04
4.735000000000000000e+05
1.110000000000000000e+04
3.187000000000000000e+05
2.000000000000000000e+02
4.582000000000000000e+05
6.700000000000000000e+03
2.729000000000000000e+05
0.000000000000000000e+00
2.346000000000000000e+05
1.000000000000000000e+02
6.280000000000000000e+04
0.000000000000000000e+00
4.301000000000000000e+05
3.000000000000000000e+03
2.158000000000000000e+05
1.000000000000000000e+02
1.768000000000000000e+05
1.000000000000000000e+02
3.370000000000000000e+04
0.000000000000000000e+00
1.341000000000000000e+05
0.000000000000000000e+00
1.630000000000000000e+04
0.000000000000000000e+00
1.060000000000000000e+04
0.000000000000000000e+00
2.000000000000000000e+02
0.000000000000000000e+00
4.871000000000000000e+05
8.140000000000000000e+04
4.549000000000000000e+05
7.700000000000000000e+03
4.322000000000000000e+05
4.600000000000000000e+03
2.344000000000000000e+05
0.000000000000000000e+00
4.018000000000000000e+05
2.000000000000000000e+03
1.953000000000000000e+05
0.000000000000000000e+00
1.509000000000000000e+05
0.000000000000000000e+00
2.180000000000000000e+04
0.000000000000000000e+00
3.472000000000000000e+05
1.700000000000000000e+03
1.341000000000000000e+05
1.000000000000000000e+02
9.540000000000000000e+04
0.000000000000000000e+00
1.200000000000000000e+04
0.000000000000000000e+00
6.930000000000000000e+04
0.000000000000000000e+00
4.900000000000000000e+03
0.000000000000000000e+00
4.200000000000000000e+03
0.000000000000000000e+00
0.000000000000000000e+00
0.000000000000000000e+00
2.764000000000000000e+05
9.000000000000000000e+02
8.120000000000000000e+04
0.000000000000000000e+00
5.260000000000000000e+04
0.000000000000000000e+00
3.300000000000000000e+03
0.000000000000000000e+00
3.780000000000000000e+04
0.000000000000000000e+00
1.100000000000000000e+03
0.000000000000000000e+00
6.000000000000000000e+02
0.000000000000000000e+00
0.000000000000000000e+00
0.000000000000000000e+00
1.960000000000000000e+04
0.000000000000000000e+00
5.000000000000000000e+02
0.000000000000000000e+00
1.000000000000000000e+02
0.000000000000000000e+00
0.000000000000000000e+00
0.000000000000000000e+00
1.000000000000000000e+02
0.000000000000000000e+00
0.000000000000000000e+00
0.000000000000000000e+00
0.000000000000000000e+00
0.000000000000000000e+00
0.000000000000000000e+00
0.000000000000000000e+00
