5.033000000000000000e+05
4.900000000000000000e+05
4.996000000000000000e+05
5.022000000000000000e+05
5.003000000000000000e+05
4.923000000000000000e+05
5.063000000000000000e+05
5.003000000000000000e+05
5.044000000000000000e+05
4.932000000000000000e+05
5.021000000000000000e+05
5.028000000000000000e+05
4.983000000000000000e+05
4.944000000000000000e+05
5.076000000000000000e+05
4.927000000000000000e+05
4.950000000000000000e+05
4.953000000000000000e+05
4.992000000000000000e+05
4.963000000000000000e+05
5.039000000000000000e+05
5.091000000000000000e+05
4.966000000000000000e+05
4.942000000000000000e+05
5.005000000000000000e+05
5.008000000000000000e+05
4.938000000000000000e+05
4.988000000000000000e+05
4.868000000000000000e+05
5.053000000000000000e+05
5.044000000000000000e+05
4.945000000000000000e+05
4.936000000000000000e+05
5.061000000000000000e+05
5.114000000000000000e+05
4.875000000000000000e+05
4.977000000000000000e+05
4.984000000000000000e+05
4.981000000000000000e+05
5.030000000000000000e+05
5.038000000000000000e+05
5.002000000000000000e+05
5.033000000000000000e+05
5.052000000000000000e+05
5.028000000000000000e+05
5.037000000000000000e+05
5.135000000000000000e+05
4.895000000000000000e+05
5.006000000000000000e+05
4.954000000000000000e+05
5.034000000000000000e+05
4.996000000000000000e+05
5.022000000000000000e+05
4.996000000000000000e+05
4.878000000000000000e+05
5.018000000000000000e+05
4.900000000000000000e+05
4.961000000000000000e+05
5.090000000000000000e+05
4.874000000000000000e+05
5.044000000000000000e+05
4.853000000000000000e+05
5.104000000000000000e+05
3.916000000000000000e+05
4.936000000000000000e+05
5.026000000000000000e+05
5.001000000000000000e+05
5.010000000000000000e+05
4.960000000000000000e+05
4.998000000000000000e+05
4.886000000000000000e+05
5.091000000000000000e+05
5.052000000000000000e+05
4.952000000000000000e+05
5.039000000000000000e+05
5.044000000000000000e+05
4.951000000000000000e+05
5.033000000000000000e+05
4.984000000000000000e+05
4.902000000000000000e+05
5.024000000000000000e+05
5.038000000000000000e+05
5.014000000000000000e+05
5.002000000000000000e+05
5.000000000000000000e+05
5.091000000000000000e+05
4.964000000000000000e+05
4.898000000000000000e+05
5.006000000000000000e+05
4.960000000000000000e+05
4.973000000000000000e+05
4.837000000000000000e+05
4.936000000000000000e+05
4.689000000000000000e+05
4.970000000000000000e+05
3.444000000000000000e+05
5.004000000000000000e+05
5.007000000000000000e+05
4.958000000000000000e+05
4.952000000000000000e+05
5.002000000000000000e+05
5.030000000000000000e+05
5.099000000000000000e+05
4.810000000000000000e+05
5.000000000000000000e+05
4.900000000000000000e+05
5.030000000000000000e+05
4.717000000000000000e+05
5.059000000000000000e+05
4.575000000000000000e+05
5.004000000000000000e+05
3.019000000000000000e+05
4.966000000000000000e+05
4.992000000000000000e+05
4.958000000000000000e+05
4.465000000000000000e+05
4.988000000000000000e+05
4.257000000000000000e+05
4.943000000000000000e+05
2.509000000000000000e+05
5.009000000000000000e+05
3.967000000000000000e+05
4.886000000000000000e+05
1.937000000000000000e+05
4.974000000000000000e+05
1.576000000000000000e+05
4.273000000000000000e+05
2.570000000000000000e+04
5.006000000000000000e+05
4.948000000000000000e+05
4.984000000000000000e+05
5.012000000000000000e+05
4.955000000000000000e+05
5.055000000000000000e+05
4.970000000000000000e+05
5.017000000000000000e+05
5.025000000000000000e+05
5.014000000000000000e+05
4.880000000000000000e+05
4.942000000000000000e+05
4.992000000000000000e+05
5.011000000000000000e+05
5.046000000000000000e+05
4.748000000000000000e+05
4.913000000000000000e+05
4.974000000000000000e+05
4.925000000000000000e+05
4.991000000000000000e+05
5.024000000000000000e+05
5.041000000000000000e+05
5.002000000000000000e+05
4.696000000000000000e+05
5.005000000000000000e+05
4.988000000000000000e+05
5.089000000000000000e+05
4.515000000000000000e+05
5.066000000000000000e+05
4.430000000000000000e+05
4.931000000000000000e+05
2.658000000000000000e+05
4.913000000000000000e+05
5.012000000000000000e+05
4.984000000000000000e+05
4.885000000000000000e+05
5.072000000000000000e+05
5.012000000000000000e+05
5.007000000000000000e+05
4.441000000000000000e+05
4.965000000000000000e+05
5.041000000000000000e+05
5.016000000000000000e+05
4.289000000000000000e+05
5.006000000000000000e+05
4.097000000000000000e+05
5.058000000000000000e+05
2.124000000000000000e+05
5.055000000000000000e+05
4.948000000000000000e+05
5.082000000000000000e+05
3.951000000000000000e+05
5.120000000000000000e+05
3.652000000000000000e+05
5.026000000000000000e+05
1.513000000000000000e+05
5.012000000000000000e+05
3.099000000000000000e+05
4.947000000000000000e+05
1.101000000000000000e+05
4.872000000000000000e+05
7.660000000000000000e+04
4.048000000000000000e+05
6.200000000000000000e+03
4.954000000000000000e+05
4.939000000000000000e+05
4.971000000000000000e+05
4.971000000000000000e+05
5.030000000000000000e+05
4.959000000000000000e+05
5.001000000000000000e+05
4.030000000000000000e+05
4.989000000000000000e+05
4.843000000000000000e+05
5.002000000000000000e+05
3.721000000000000000e+05
5.013000000000000000e+05
3.471000000000000000e+05
4.980000000000000000e+05
1.316000000000000000e+05
4.985000000000000000e+05
4.689000000000000000e+05
5.028000000000000000e+05
3.186000000000000000e+05
4.993000000000000000e+05
2.816000000000000000e+05
4.922000000000000000e+05
8.980000000000000000e+04
5.003000000000000000e+05
2.234000000000000000e+05
4.820000000000000000e+05
5.620000000000000000e+04
4.772000000000000000e+05
3.480000000000000000e+04
3.657000000000000000e+05
1.400000000000000000e+03
4.998000000000000000e+05
4.396000000000000000e+05
5.050000000000000000e+05
2.422000000000000000e+05
4.970000000000000000e+05
2.012000000000000000e+05
4.715000000000000000e+05
4.490000000000000000e+04
4.997000000000000000e+05
1.550000000000000000e+05
4.764000000000000000e+05
2.410000000000000000e+04
4.740000000000000000e+05
1.660000000000000000e+04
3.218000000000000000e+05
0.000000000000000000e+00
4.958000000000000000e+05
1.036000000000000000e+05
4.712000000000000000e+05
1.100000000000000000e+04
4.533000000000000000e+05
8.100000000000000000e+03
2.748000000000000000e+05
1.000000000000000000e+02
4.315000000000000000e+05
4.100000000000000000e+03
2.365000000000000000e+05
1.000000000000000000e+02
1.957000000000000000e+05
0.000000000000000000e+00
4.010000000000000000e+04
0.000000000000000000e+00
5.024000000000000000e+05
4.951000000000000000e+05
5.004000000000000000e+05
5.017000000000000000e+05
5.005000000000000000e+05
4.941000000000000000e+05
5.000000000000000000e+05
5.001000000000000000e+05
5.008000000000000000e+05
5.051000000000000000e+05
5.036000000000000000e+05
5.054000000000000000e+05
4.952000000000000000e+05
5.059000000000000000e+05
4.995000000000000000e+05
4.409000000000000000e+05
5.013000000000000000e+05
5.041000000000000000e+05
5.110000000000000000e+05
4.929000000000000000e+05
5.029000000000000000e+05
4.948000000000000000e+05
5.065000000000000000e+05
4.181000000000000000e+05
4.994000000000000000e+05
4.939000000000000000e+05
4.952000000000000000e+05
3.906000000000000000e+05
4.982000000000000000e+05
3.579000000000000000e+05
5.023000000000000000e+05
1.528000000000000000e+05
5.108000000000000000e+05
5.017000000000000000e+05
4.917000000000000000e+05
4.951000000000000000e+05
4.991000000000000000e+05
4.816000000000000000e+05
5.029000000000000000e+05
3.693000000000000000e+05
5.026000000000000000e+05
4.749000000000000000e+05
5.000000000000000000e+05
3.360000000000000000e+05
5.039000000000000000e+05
2.949000000000000000e+05
4.923000000000000000e+05
9.560000000000000000e+04
5.037000000000000000e+05
4.644000000000000000e+05
4.952000000000000000e+05
2.808000000000000000e+05
5.029000000000000000e+05
2.340000000000000000e+05
4.863000000000000000e+05
5.900000000000000000e+04
4.979000000000000000e+05
1.787000000000000000e+05
4.820000000000000000e+05
3.680000000000000000e+04
4.740000000000000000e+05
2.270000000000000000e+04
3.413000000000000000e+05
7.000000000000000000e+02
4.985000000000000000e+05
5.077000000000000000e+05
4.975000000000000000e+05
4.761000000000000000e+05
5.052000000000000000e+05
4.631000000000000000e+05
4.997000000000000000e+05
2.971000000000000000e+05
5.051000000000000000e+05
4.492000000000000000e+05
4.956000000000000000e+05
2.523000000000000000e+05
4.980000000000000000e+05
2.106000000000000000e+05
4.822000000000000000e+05
4.740000000000000000e+04
4.973000000000000000e+05
3.962000000000000000e+05
5.037000000000000000e+05
1.865000000000000000e+05
5.114000000000000000e+05
1.476000000000000000e+05
4.774000000000000000e+05
2.300000000000000000e+04
4.993000000000000000e+05
1.049000000000000000e+05
4.720000000000000000e+05
1.240000000000000000e+04
4.506000000000000000e+05
7.000000000000000000e+03
2.994000000000000000e+05
1.000000000000000000e+02
5.024000000000000000e+05
3.319000000000000000e+05
4.962000000000000000e+05
1.258000000000000000e+05
5.035000000000000000e+05
8.260000000000000000e+04
4.601000000000000000e+05
8.600000000000000000e+03
4.932000000000000000e+05
5.880000000000000000e+04
4.497000000000000000e+05
4.000000000000000000e+03
4.266000000000000000e+05
2.100000000000000000e+03
2.368000000000000000e+05
0.000000000000000000e+00
4.958000000000000000e+05
3.660000000000000000e+04
4.226000000000000000e+05
1.900000000000000000e+03
4.002000000000000000e+05
5.000000000000000000e+02
1.872000000000000000e+05
0.000000000000000000e+00
3.462000000000000000e+05
4.000000000000000000e+02
1.420000000000000000e+05
0.000000000000000000e+00
1.056000000000000000e+05
0.000000000000000000e+00
1.080000000000000000e+04
0.000000000000000000e+00
5.008000000000000000e+05
4.910000000000000000e+05
4.878000000000000000e+05
4.188000000000000000e+05
4.947000000000000000e+05
4.075000000000000000e+05
4.965000000000000000e+05
1.852000000000000000e+05
4.988000000000000000e+05
3.641000000000000000e+05
5.013000000000000000e+05
1.521000000000000000e+05
4.982000000000000000e+05
1.152000000000000000e+05
4.613000000000000000e+05
1.300000000000000000e+04
5.024000000000000000e+05
2.982000000000000000e+05
4.982000000000000000e+05
8.590000000000000000e+04
4.964000000000000000e+05
6.570000000000000000e+04
4.495000000000000000e+05
4.700000000000000000e+03
4.982000000000000000e+05
4.350000000000000000e+04
4.285000000000000000e+05
1.600000000000000000e+03
4.131000000000000000e+05
8.000000000000000000e+02
2.080000000000000000e+05
0.000000000000000000e+00
5.062000000000000000e+05
2.244000000000000000e+05
5.008000000000000000e+05
5.470000000000000000e+04
4.995000000000000000e+05
3.620000000000000000e+04
4.132000000000000000e+05
1.900000000000000000e+03
4.823000000000000000e+05
2.250000000000000000e+04
3.896000000000000000e+05
6.000000000000000000e+02
3.606000000000000000e+05
5.000000000000000000e+02
1.472000000000000000e+05
0.000000000000000000e+00
4.799000000000000000e+05
1.240000000000000000e+04
3.363000000000000000e+05
2.000000000000000000e+02
3.029000000000000000e+05
0.000000000000000000e+00
1.000000000000000000e+05
0.000000000000000000e+00
2.534000000000000000e+05
0.000000000000000000e+00
7.260000000000000000e+04
0.000000000000000000e+00
4.550000000000000000e+04
0.000000000000000000e+00
2.500000000000000000e+03
0.000000000000000000e+00
5.046000000000000000e+05
1.524000000000000000e+05
4.826000000000000000e+05
2.240000000000000000e+04
4.864000000000000000e+05
1.360000000000000000e+04
3.542000000000000000e+05
2.000000000000000000e+02
4.808000000000000000e+05
8.100000000000000000e+03
3.167000000000000000e+05
3.000000000000000000e+02
2.755000000000000000e+05
0.000000000000000000e+00
8.130000000000000000e+04
0.000000000000000000e+00
4.414000000000000000e+05
4.500000000000000000e+03
2.594000000000000000e+05
0.000000000000000000e+00
2.153000000000000000e+05
0.000000000000000000e+00
5.010000000000000000e+04
0.000000000000000000e+00
1.648000000000000000e+05
0.000000000000000000e+00
2.740000000000000000e+04
0.000000000000000000e+00
1.800000000000000000e+04
0.000000000000000000e+00
4.000000000000000000e+02
0.000000000000000000e+00
3.863000000000000000e+05
2.200000000000000000e+03
1.800000000000000000e+05
0.000000000000000000e+00
1.402000000000000000e+05
0.000000000000000000e+00
2.310000000000000000e+04
0.000000000000000000e+00
9.770000000000000000e+04
0.000000000000000000e+00
1.170000000000000000e+04
0.000000000000000000e+00
6.200000000000000000e+03
0.000000000000000000e+00
0.000000000000000000e+00
0.000000000000000000e+00
6.340000000000000000e+04
0.000000000000000000e+00
4.800000000000000000e+03
0.000000000000000000e+00
3.600000000000000000e+03
0.000000000000000000e+00
1.000000000000000000e+02
0.000000000000000000e+00
1.600000000000000000e+03
0.000000000000000000e+00
0.000000000000000000e+00
0.000000000000000000e+00
1.000000000000000000e+02
0.000000000000000000e+00
0.000000000000000000e+00
0.000000000000000000e+00
