4.969000000000000000e+05
4.963000000000000000e+05
5.027000000000000000e+05
5.110000000000000000e+05
5.000000000000000000e+05
4.920000000000000000e+05
4.997000000000000000e+05
5.064000000000000000e+05
5.019000000000000000e+05
5.091000000000000000e+05
4.973000000000000000e+05
4.978000000000000000e+05
4.924000000000000000e+05
4.993000000000000000e+05
5.043000000000000000e+05
4.708000000000000000e+05
4.932000000000000000e+05
5.003000000000000000e+05
5.081000000000000000e+05
5.038000000000000000e+05
5.068000000000000000e+05
4.971000000000000000e+05
4.959000000000000000e+05
4.582000000000000000e+05
5.060000000000000000e+05
5.023000000000000000e+05
4.936000000000000000e+05
4.374000000000000000e+05
5.024000000000000000e+05
4.209000000000000000e+05
4.752000000000000000e+05
2.143000000000000000e+05
5.058000000000000000e+05
5.060000000000000000e+05
4.940000000000000000e+05
5.007000000000000000e+05
5.045000000000000000e+05
4.925000000000000000e+05
5.025000000000000000e+05
4.211000000000000000e+05
4.993000000000000000e+05
4.869000000000000000e+05
5.026000000000000000e+05
3.939000000000000000e+05
5.085000000000000000e+05
3.693000000000000000e+05
4.694000000000000000e+05
1.587000000000000000e+05
4.977000000000000000e+05
4.868000000000000000e+05
5.074000000000000000e+05
3.472000000000000000e+05
4.941000000000000000e+05
3.040000000000000000e+05
4.400000000000000000e+05
1.022000000000000000e+05
4.952000000000000000e+05
2.573000000000000000e+05
4.341000000000000000e+05
6.450000000000000000e+04
4.000000000000000000e+05
4.500000000000000000e+04
1.933000000000000000e+05
2.000000000000000000e+03
4.957000000000000000e+05
5.020000000000000000e+05
5.050000000000000000e+05
4.904000000000000000e+05
4.996000000000000000e+05
4.878000000000000000e+05
4.991000000000000000e+05
3.506000000000000000e+05
5.025000000000000000e+05
4.759000000000000000e+05
4.952000000000000000e+05
3.100000000000000000e+05
5.002000000000000000e+05
2.818000000000000000e+05
4.353000000000000000e+05
7.950000000000000000e+04
4.990000000000000000e+05
4.495000000000000000e+05
4.946000000000000000e+05
2.537000000000000000e+05
5.000000000000000000e+05
2.099000000000000000e+05
4.101000000000000000e+05
4.560000000000000000e+04
4.927000000000000000e+05
1.623000000000000000e+05
3.765000000000000000e+05
2.210000000000000000e+04
3.374000000000000000e+05
1.670000000000000000e+04
1.273000000000000000e+05
5.000000000000000000e+02
4.958000000000000000e+05
3.962000000000000000e+05
4.843000000000000000e+05
1.779000000000000000e+05
4.883000000000000000e+05
1.354000000000000000e+05
3.494000000000000000e+05
1.540000000000000000e+04
4.745000000000000000e+05
9.360000000000000000e+04
3.117000000000000000e+05
7.300000000000000000e+03
2.762000000000000000e+05
3.400000000000000000e+03
7.540000000000000000e+04
0.000000000000000000e+00
4.421000000000000000e+05
5.800000000000000000e+04
2.483000000000000000e+05
4.500000000000000000e+03
2.069000000000000000e+05
1.400000000000000000e+03
4.400000000000000000e+04
0.000000000000000000e+00
1.546000000000000000e+05
4.000000000000000000e+02
2.580000000000000000e+04
0.000000000000000000e+00
1.570000000000000000e+04
0.000000000000000000e+00
3.000000000000000000e+02
0.000000000000000000e+00
4.987000000000000000e+05
4.977000000000000000e+05
4.997000000000000000e+05
4.536000000000000000e+05
5.060000000000000000e+05
4.408000000000000000e+05
4.946000000000000000e+05
2.491000000000000000e+05
5.042000000000000000e+05
4.127000000000000000e+05
4.924000000000000000e+05
1.979000000000000000e+05
4.861000000000000000e+05
1.588000000000000000e+05
3.699000000000000000e+05
2.540000000000000000e+04
5.028000000000000000e+05
3.578000000000000000e+05
4.796000000000000000e+05
1.420000000000000000e+05
4.788000000000000000e+05
1.042000000000000000e+05
3.159000000000000000e+05
9.700000000000000000e+03
4.585000000000000000e+05
7.070000000000000000e+04
2.754000000000000000e+05
4.500000000000000000e+03
2.390000000000000000e+05
1.500000000000000000e+03
5.770000000000000000e+04
0.000000000000000000e+00
5.065000000000000000e+05
2.730000000000000000e+05
4.577000000000000000e+05
7.940000000000000000e+04
4.442000000000000000e+05
5.280000000000000000e+04
2.517000000000000000e+05
2.300000000000000000e+03
4.210000000000000000e+05
3.580000000000000000e+04
1.964000000000000000e+05
1.100000000000000000e+03
1.649000000000000000e+05
4.000000000000000000e+02
2.660000000000000000e+04
0.000000000000000000e+00
3.675000000000000000e+05
1.770000000000000000e+04
1.469000000000000000e+05
4.000000000000000000e+02
1.048000000000000000e+05
3.000000000000000000e+02
1.280000000000000000e+04
0.000000000000000000e+00
7.110000000000000000e+04
0.000000000000000000e+00
5.900000000000000000e+03
0.000000000000000000e+00
4.000000000000000000e+03
0.000000000000000000e+00
0.000000000000000000e+00
0.000000000000000000e+00
4.986000000000000000e+05
1.929000000000000000e+05
4.117000000000000000e+05
3.710000000000000000e+04
3.820000000000000000e+05
2.220000000000000000e+04
1.573000000000000000e+05
3.000000000000000000e+02
3.320000000000000000e+05
1.070000000000000000e+04
1.199000000000000000e+05
0.000000000000000000e+00
8.650000000000000000e+04
1.000000000000000000e+02
8.500000000000000000e+03
0.000000000000000000e+00
2.723000000000000000e+05
6.500000000000000000e+03
7.230000000000000000e+04
0.000000000000000000e+00
4.730000000000000000e+04
0.000000000000000000e+00
2.100000000000000000e+03
0.000000000000000000e+00
3.180000000000000000e+04
0.000000000000000000e+00
1.400000000000000000e+03
0.000000000000000000e+00
9.000000000000000000e+02
0.000000000000000000e+00
0.000000000000000000e+00
0.000000000000000000e+00
1.972000000000000000e+05
2.800000000000000000e+03
3.940000000000000000e+04
0.000000000000000000e+00
2.700000000000000000e+04
0.000000000000000000e+00
4.000000000000000000e+02
0.000000000000000000e+00
1.540000000000000000e+04
0.000000000000000000e+00
2.000000000000000000e+02
0.000000000000000000e+00
0.000000000000000000e+00
0.000000000000000000e+00
0.000000000000000000e+00
0.000000000000000000e+00
8.300000000000000000e+03
0.000000000000000000e+00
0.000000000000000000e+00
0.000000000000000000e+00
0.000000000000000000e+00
0.000000000000000000e+00
0.000000000000000000e+00
0.000000000000000000e+00
0.000000000000000000e+00
0.000000000000000000e+00
0.000000000000000000e+00
0.000000000000000000e+00
0.000000000000000000e+00
0.000000000000000000e+00
0.000000000000000000e+00
0.000000000000000000e+00
5.003000000000000000e+05
4.837000000000000000e+05
5.056000000000000000e+05
3.742000000000000000e+05
4.990000000000000000e+05
3.329000000000000000e+05
4.709000000000000000e+05
1.279000000000000000e+05
4.928000000000000000e+05
2.849000000000000000e+05
4.623000000000000000e+05
8.550000000000000000e+04
4.492000000000000000e+05
5.590000000000000000e+04
2.548000000000000000e+05
3.800000000000000000e+03
4.914000000000000000e+05
2.218000000000000000e+05
4.386000000000000000e+05
4.580000000000000000e+04
4.054000000000000000e+05
3.210000000000000000e+04
2.047000000000000000e+05
8.000000000000000000e+02
3.701000000000000000e+05
1.480000000000000000e+04
1.549000000000000000e+05
0.000000000000000000e+00
1.197000000000000000e+05
1.000000000000000000e+02
1.430000000000000000e+04
0.000000000000000000e+00
4.929000000000000000e+05
1.462000000000000000e+05
3.861000000000000000e+05
2.240000000000000000e+04
3.416000000000000000e+05
1.280000000000000000e+04
1.237000000000000000e+05
1.000000000000000000e+02
2.973000000000000000e+05
6.600000000000000000e+03
9.110000000000000000e+04
0.000000000000000000e+00
6.420000000000000000e+04
0.000000000000000000e+00
4.400000000000000000e+03
0.000000000000000000e+00
2.274000000000000000e+05
3.100000000000000000e+03
5.110000000000000000e+04
0.000000000000000000e+00
3.660000000000000000e+04
0.000000000000000000e+00
1.400000000000000000e+03
0.000000000000000000e+00
2.210000000000000000e+04
0.000000000000000000e+00
8.000000000000000000e+02
0.000000000000000000e+00
4.000000000000000000e+02
0.000000000000000000e+00
0.000000000000000000e+00
0.000000000000000000e+00
4.706000000000000000e+05
8.690000000000000000e+04
2.996000000000000000e+05
6.500000000000000000e+03
2.573000000000000000e+05
3.900000000000000000e+03
7.140000000000000000e+04
0.000000000000000000e+00
2.029000000000000000e+05
3.000000000000000000e+03
4.100000000000000000e+04
0.000000000000000000e+00
2.630000000000000000e+04
0.000000000000000000e+00
5.000000000000000000e+02
0.000000000000000000e+00
1.451000000000000000e+05
8.000000000000000000e+02
2.200000000000000000e+04
0.000000000000000000e+00
1.500000000000000000e+04
0.000000000000000000e+00
1.000000000000000000e+02
0.000000000000000000e+00
7.900000000000000000e+03
0.000000000000000000e+00
1.000000000000000000e+02
0.000000000000000000e+00
1.000000000000000000e+02
0.000000000000000000e+00
0.000000000000000000e+00
0.000000000000000000e+00
9.250000000000000000e+04
2.000000000000000000e+02
8.900000000000000000e+03
0.000000000000000000e+00
4.900000000000000000e+03
0.000000000000000000e+00
1.000000000000000000e+02
0.000000000000000000e+00
2.000000000000000000e+03
0.000000000000000000e+00
0.000000000000000000e+00
0.000000000000000000e+00
0.000000000000000000e+00
0.000000000000000000e+00
0.000000000000000000e+00
0.000000000000000000e+00
7.000000000000000000e+02
0.000000000000000000e+00
0.000000000000000000e+00
0.000000000000000000e+00
0.000000000000000000e+00
0.000000000000000000e+00
0.000000000000000000e+00
0.000000000000000000e+00
0.000000000000000000e+00
0.000000000000000000e+00
0.000000000000000000e+00
0.000000000000000000e+00
0.000000000000000000e+00
0.000000000000000000e+00
0.000000000000000000e+00
0.000000000000000000e+00
4.166000000000000000e+05
5.070000000000000000e+04
1.878000000000000000e+05
1.500000000000000000e+03
1.528000000000000000e+05
1.200000000000000000e+03
2.670000000000000000e+04
0.000000000000000000e+00
1.118000000000000000e+05
7.000000000000000000e+02
1.460000000000000000e+04
0.000000000000000000e+00
8.500000000000000000e+03
0.000000000000000000e+00
2.000000000000000000e+02
0.000000000000000000e+00
7.470000000000000000e+04
1.000000000000000000e+02
5.900000000000000000e+03
0.000000000000000000e+00
2.800000000000000000e+03
0.000000000000000000e+00
0.000000000000000000e+00
0.000000000000000000e+00
2.600000000000000000e+03
0.000000000000000000e+00
0.000000000000000000e+00
0.000000000000000000e+00
0.000000000000000000e+00
0.000000000000000000e+00
0.000000000000000000e+00
0.000000000000000000e+00
4.360000000000000000e+04
0.000000000000000000e+00
2.200000000000000000e+03
0.000000000000000000e+00
1.100000000000000000e+03
0.000000000000000000e+00
0.000000000000000000e+00
0.000000000000000000e+00
9.000000000000000000e+02
0.000000000000000000e+00
0.000000000000000000e+00
0.000000000000000000e+00
0.000000000000000000e+00
0.000000000000000000e+00
0.000000000000000000e+00
0.000000000000000000e+00
3.000000000000000000e+02
0.000000000000000000e+00
0.000000000000000000e+00
0.000000000000000000e+00
0.000000000000000000e+00
0.000000000000000000e+00
0.000000000000000000e+00
0.000000000000000000e+00
0.000000000000000000e+00
0.000000000000000000e+00
0.000000000000000000e+00
0.000000000000000000e+00
0.000000000000000000e+00
0.000000000000000000e+00
0.000000000000000000e+00
0.000000000000000000e+00
2.430000000000000000e+04
0.000000000000000000e+00
9.000000000000000000e+02
0.000000000000000000e+00
3.000000000000000000e+02
0.000000000000000000e+00
0.000000000000000000e+00
0.000000000000000000e+00
4.000000000000000000e+02
0.000000000000000000e+00
0.000000000000000000e+00
0.000000000000000000e+00
0.000000000000000000e+00
0.000000000000000000e+00
0.000000000000000000e+00
0.000000000000000000e+00
1.000000000000000000e+02
0.000000000000000000e+00
0.000000000000000000e+00
0.000000000000000000e+00
0.000000000000000000e+00
0.000000000000000000e+00
0.000000000000000000e+00
0.000000000000000000e+00
0.000000000000000000e+00
0.000000000000000000e+00
0.000000000000000000e+00
0.000000000000000000e+00
0.000000000000000000e+00
0.000000000000000000e+00
0.000000000000000000e+00
0.000000000000000000e+00
1.000000000000000000e+02
0.000000000000000000e+00
0.000000000000000000e+00
0.000000000000000000e+00
0.000000000000000000e+00
0.000000000000000000e+00
0.000000000000000000e+00
0.000000000000000000e+00
0.000000000000000000e+00
0.000000000000000000e+00
0.000000000000000000e+00
0.000000000000000000e+00
0.000000000000000000e+00
0.000000000000000000e+00
0.000000000000000000e+00
0.000000000000000000e+00
0.000000000000000000e+00
0.000000000000000000e+00
0.000000000000000000e+00
0.000000000000000000e+00
0.000000000000000000e+00
0.000000000000000000e+00
0.000000000000000000e+00
0.000000000000000000e+00
0.000000000000000000e+00
0.000000000000000000e+00
0.000000000000000000e+00
0.000000000000000000e+00
0.000000000000000000e+00
0.000000000000000000e+00
0.000000000000000000e+00
0.000000000000000000e+00
