5.780000000000000000e+04
4.980000000000000000e+04
4.990000000000000000e+04
5.020000000000000000e+04
4.860000000000000000e+04
5.270000000000000000e+04
4.920000000000000000e+04
5.240000000000000000e+04
5.130000000000000000e+04
5.040000000000000000e+04
5.250000000000000000e+04
5.080000000000000000e+04
4.980000000000000000e+04
5.110000000000000000e+04
4.830000000000000000e+04
4.890000000000000000e+04
5.020000000000000000e+04
4.840000000000000000e+04
4.790000000000000000e+04
5.150000000000000000e+04
4.810000000000000000e+04
4.840000000000000000e+04
4.850000000000000000e+04
5.080000000000000000e+04
5.120000000000000000e+04
4.860000000000000000e+04
5.070000000000000000e+04
5.000000000000000000e+04
5.060000000000000000e+04
5.010000000000000000e+04
5.020000000000000000e+04
4.970000000000000000e+04
4.650000000000000000e+04
5.170000000000000000e+04
5.130000000000000000e+04
5.080000000000000000e+04
5.010000000000000000e+04
5.140000000000000000e+04
4.840000000000000000e+04
4.820000000000000000e+04
5.190000000000000000e+04
5.120000000000000000e+04
5.190000000000000000e+04
4.830000000000000000e+04
5.070000000000000000e+04
4.930000000000000000e+04
4.820000000000000000e+04
4.630000000000000000e+04
5.250000000000000000e+04
5.040000000000000000e+04
5.090000000000000000e+04
4.910000000000000000e+04
5.000000000000000000e+04
4.880000000000000000e+04
4.970000000000000000e+04
5.350000000000000000e+04
5.170000000000000000e+04
4.900000000000000000e+04
5.070000000000000000e+04
5.290000000000000000e+04
4.680000000000000000e+04
4.780000000000000000e+04
4.790000000000000000e+04
4.610000000000000000e+04
5.020000000000000000e+04
4.820000000000000000e+04
4.920000000000000000e+04
4.930000000000000000e+04
5.150000000000000000e+04
4.960000000000000000e+04
5.230000000000000000e+04
5.110000000000000000e+04
5.020000000000000000e+04
5.070000000000000000e+04
5.270000000000000000e+04
4.980000000000000000e+04
4.960000000000000000e+04
4.910000000000000000e+04
5.110000000000000000e+04
5.070000000000000000e+04
4.860000000000000000e+04
4.880000000000000000e+04
4.950000000000000000e+04
5.120000000000000000e+04
5.060000000000000000e+04
5.030000000000000000e+04
4.730000000000000000e+04
4.790000000000000000e+04
4.890000000000000000e+04
5.300000000000000000e+04
5.150000000000000000e+04
4.950000000000000000e+04
4.940000000000000000e+04
5.050000000000000000e+04
4.830000000000000000e+04
4.290000000000000000e+04
4.900000000000000000e+04
5.050000000000000000e+04
5.050000000000000000e+04
5.010000000000000000e+04
5.070000000000000000e+04
5.350000000000000000e+04
5.130000000000000000e+04
4.900000000000000000e+04
5.110000000000000000e+04
4.990000000000000000e+04
4.850000000000000000e+04
5.030000000000000000e+04
5.010000000000000000e+04
4.930000000000000000e+04
5.170000000000000000e+04
4.010000000000000000e+04
5.000000000000000000e+04
4.820000000000000000e+04
5.070000000000000000e+04
4.830000000000000000e+04
5.050000000000000000e+04
4.750000000000000000e+04
4.790000000000000000e+04
3.810000000000000000e+04
5.230000000000000000e+04
4.410000000000000000e+04
4.740000000000000000e+04
3.210000000000000000e+04
4.940000000000000000e+04
2.580000000000000000e+04
4.670000000000000000e+04
8.400000000000000000e+03
5.060000000000000000e+04
4.860000000000000000e+04
5.250000000000000000e+04
4.930000000000000000e+04
4.870000000000000000e+04
5.010000000000000000e+04
4.910000000000000000e+04
4.950000000000000000e+04
4.940000000000000000e+04
4.900000000000000000e+04
5.150000000000000000e+04
5.120000000000000000e+04
4.930000000000000000e+04
5.320000000000000000e+04
5.140000000000000000e+04
4.830000000000000000e+04
5.110000000000000000e+04
4.760000000000000000e+04
4.830000000000000000e+04
5.210000000000000000e+04
4.990000000000000000e+04
5.190000000000000000e+04
5.270000000000000000e+04
4.800000000000000000e+04
4.860000000000000000e+04
5.000000000000000000e+04
5.140000000000000000e+04
4.960000000000000000e+04
4.940000000000000000e+04
4.660000000000000000e+04
4.780000000000000000e+04
3.830000000000000000e+04
5.030000000000000000e+04
5.080000000000000000e+04
5.110000000000000000e+04
4.900000000000000000e+04
4.960000000000000000e+04
4.840000000000000000e+04
5.040000000000000000e+04
4.850000000000000000e+04
5.210000000000000000e+04
4.850000000000000000e+04
4.810000000000000000e+04
4.700000000000000000e+04
4.860000000000000000e+04
4.440000000000000000e+04
5.200000000000000000e+04
3.190000000000000000e+04
4.840000000000000000e+04
4.760000000000000000e+04
4.820000000000000000e+04
4.500000000000000000e+04
5.050000000000000000e+04
4.540000000000000000e+04
5.140000000000000000e+04
2.810000000000000000e+04
4.840000000000000000e+04
4.050000000000000000e+04
5.130000000000000000e+04
2.310000000000000000e+04
4.940000000000000000e+04
1.770000000000000000e+04
4.530000000000000000e+04
4.100000000000000000e+03
5.040000000000000000e+04
4.850000000000000000e+04
5.200000000000000000e+04
4.950000000000000000e+04
5.080000000000000000e+04
4.950000000000000000e+04
5.030000000000000000e+04
4.800000000000000000e+04
4.940000000000000000e+04
4.800000000000000000e+04
4.840000000000000000e+04
4.460000000000000000e+04
5.020000000000000000e+04
4.140000000000000000e+04
4.810000000000000000e+04
2.370000000000000000e+04
5.180000000000000000e+04
4.990000000000000000e+04
4.930000000000000000e+04
4.330000000000000000e+04
4.870000000000000000e+04
4.250000000000000000e+04
4.960000000000000000e+04
1.790000000000000000e+04
5.070000000000000000e+04
3.450000000000000000e+04
5.040000000000000000e+04
1.260000000000000000e+04
5.140000000000000000e+04
9.300000000000000000e+03
4.700000000000000000e+04
1.800000000000000000e+03
5.040000000000000000e+04
5.120000000000000000e+04
5.300000000000000000e+04
3.860000000000000000e+04
5.060000000000000000e+04
3.310000000000000000e+04
5.390000000000000000e+04
1.270000000000000000e+04
4.840000000000000000e+04
2.760000000000000000e+04
5.220000000000000000e+04
8.300000000000000000e+03
5.100000000000000000e+04
7.300000000000000000e+03
4.220000000000000000e+04
5.000000000000000000e+02
5.160000000000000000e+04
2.160000000000000000e+04
4.740000000000000000e+04
5.700000000000000000e+03
4.690000000000000000e+04
2.600000000000000000e+03
3.830000000000000000e+04
1.000000000000000000e+02
4.870000000000000000e+04
1.700000000000000000e+03
3.560000000000000000e+04
1.000000000000000000e+02
3.180000000000000000e+04
0.000000000000000000e+00
1.030000000000000000e+04
0.000000000000000000e+00
5.080000000000000000e+04
5.040000000000000000e+04
5.100000000000000000e+04
5.020000000000000000e+04
5.110000000000000000e+04
5.140000000000000000e+04
5.170000000000000000e+04
5.070000000000000000e+04
5.210000000000000000e+04
5.010000000000000000e+04
5.040000000000000000e+04
5.150000000000000000e+04
5.010000000000000000e+04
5.290000000000000000e+04
5.370000000000000000e+04
4.910000000000000000e+04
5.040000000000000000e+04
5.220000000000000000e+04
4.810000000000000000e+04
5.020000000000000000e+04
4.950000000000000000e+04
5.040000000000000000e+04
5.220000000000000000e+04
4.760000000000000000e+04
4.750000000000000000e+04
5.210000000000000000e+04
5.010000000000000000e+04
4.870000000000000000e+04
5.080000000000000000e+04
4.330000000000000000e+04
5.110000000000000000e+04
2.680000000000000000e+04
4.960000000000000000e+04
4.850000000000000000e+04
5.050000000000000000e+04
5.000000000000000000e+04
5.110000000000000000e+04
4.720000000000000000e+04
5.130000000000000000e+04
4.300000000000000000e+04
4.940000000000000000e+04
5.120000000000000000e+04
4.970000000000000000e+04
4.560000000000000000e+04
5.000000000000000000e+04
4.110000000000000000e+04
5.040000000000000000e+04
2.050000000000000000e+04
4.910000000000000000e+04
5.170000000000000000e+04
5.190000000000000000e+04
4.050000000000000000e+04
5.130000000000000000e+04
3.660000000000000000e+04
5.000000000000000000e+04
1.660000000000000000e+04
5.030000000000000000e+04
3.060000000000000000e+04
4.960000000000000000e+04
1.130000000000000000e+04
5.030000000000000000e+04
8.100000000000000000e+03
4.570000000000000000e+04
7.000000000000000000e+02
5.270000000000000000e+04
4.950000000000000000e+04
4.970000000000000000e+04
4.740000000000000000e+04
5.160000000000000000e+04
4.940000000000000000e+04
4.880000000000000000e+04
4.010000000000000000e+04
4.930000000000000000e+04
4.990000000000000000e+04
5.170000000000000000e+04
3.800000000000000000e+04
5.030000000000000000e+04
3.410000000000000000e+04
4.770000000000000000e+04
1.490000000000000000e+04
5.030000000000000000e+04
4.700000000000000000e+04
4.990000000000000000e+04
3.320000000000000000e+04
5.150000000000000000e+04
2.690000000000000000e+04
5.020000000000000000e+04
8.000000000000000000e+03
5.000000000000000000e+04
2.290000000000000000e+04
4.960000000000000000e+04
6.300000000000000000e+03
5.130000000000000000e+04
2.500000000000000000e+03
3.880000000000000000e+04
2.000000000000000000e+02
4.920000000000000000e+04
4.640000000000000000e+04
4.860000000000000000e+04
2.320000000000000000e+04
5.100000000000000000e+04
2.110000000000000000e+04
4.870000000000000000e+04
3.900000000000000000e+03
5.120000000000000000e+04
1.530000000000000000e+04
4.690000000000000000e+04
1.200000000000000000e+03
5.020000000000000000e+04
1.300000000000000000e+03
3.670000000000000000e+04
0.000000000000000000e+00
4.790000000000000000e+04
1.100000000000000000e+04
4.960000000000000000e+04
1.600000000000000000e+03
4.440000000000000000e+04
6.000000000000000000e+02
3.140000000000000000e+04
0.000000000000000000e+00
4.800000000000000000e+04
2.000000000000000000e+02
2.740000000000000000e+04
0.000000000000000000e+00
2.370000000000000000e+04
0.000000000000000000e+00
4.400000000000000000e+03
0.000000000000000000e+00
4.920000000000000000e+04
4.940000000000000000e+04
4.990000000000000000e+04
4.960000000000000000e+04
5.150000000000000000e+04
4.380000000000000000e+04
4.970000000000000000e+04
3.170000000000000000e+04
5.140000000000000000e+04
4.560000000000000000e+04
5.070000000000000000e+04
2.530000000000000000e+04
4.940000000000000000e+04
2.330000000000000000e+04
5.170000000000000000e+04
5.400000000000000000e+03
4.660000000000000000e+04
4.250000000000000000e+04
4.770000000000000000e+04
2.130000000000000000e+04
5.160000000000000000e+04
1.680000000000000000e+04
4.710000000000000000e+04
2.400000000000000000e+03
5.110000000000000000e+04
1.060000000000000000e+04
4.900000000000000000e+04
1.000000000000000000e+03
4.730000000000000000e+04
7.000000000000000000e+02
3.160000000000000000e+04
0.000000000000000000e+00
4.780000000000000000e+04
3.320000000000000000e+04
4.950000000000000000e+04
1.330000000000000000e+04
4.880000000000000000e+04
1.020000000000000000e+04
4.770000000000000000e+04
8.000000000000000000e+02
5.040000000000000000e+04
4.600000000000000000e+03
4.640000000000000000e+04
1.000000000000000000e+02
4.450000000000000000e+04
4.000000000000000000e+02
2.920000000000000000e+04
0.000000000000000000e+00
4.790000000000000000e+04
3.700000000000000000e+03
4.330000000000000000e+04
1.000000000000000000e+02
3.990000000000000000e+04
2.000000000000000000e+02
2.140000000000000000e+04
0.000000000000000000e+00
3.730000000000000000e+04
1.000000000000000000e+02
1.940000000000000000e+04
0.000000000000000000e+00
1.380000000000000000e+04
0.000000000000000000e+00
2.600000000000000000e+03
0.000000000000000000e+00
4.700000000000000000e+04
2.540000000000000000e+04
5.100000000000000000e+04
6.000000000000000000e+03
4.880000000000000000e+04
5.400000000000000000e+03
4.530000000000000000e+04
4.000000000000000000e+02
4.980000000000000000e+04
2.700000000000000000e+03
4.430000000000000000e+04
1.000000000000000000e+02
4.020000000000000000e+04
1.000000000000000000e+02
1.870000000000000000e+04
0.000000000000000000e+00
5.010000000000000000e+04
1.200000000000000000e+03
3.920000000000000000e+04
0.000000000000000000e+00
3.580000000000000000e+04
0.000000000000000000e+00
1.480000000000000000e+04
0.000000000000000000e+00
3.180000000000000000e+04
0.000000000000000000e+00
9.300000000000000000e+03
0.000000000000000000e+00
7.300000000000000000e+03
0.000000000000000000e+00
7.000000000000000000e+02
0.000000000000000000e+00
4.920000000000000000e+04
1.300000000000000000e+03
3.260000000000000000e+04
0.000000000000000000e+00
2.840000000000000000e+04
1.000000000000000000e+02
1.010000000000000000e+04
0.000000000000000000e+00
2.420000000000000000e+04
0.000000000000000000e+00
6.500000000000000000e+03
0.000000000000000000e+00
4.700000000000000000e+03
0.000000000000000000e+00
3.000000000000000000e+02
0.000000000000000000e+00
1.740000000000000000e+04
0.000000000000000000e+00
3.200000000000000000e+03
0.000000000000000000e+00
2.000000000000000000e+03
0.000000000000000000e+00
0.000000000000000000e+00
0.000000000000000000e+00
1.500000000000000000e+03
0.000000000000000000e+00
0.000000000000000000e+00
0.000000000000000000e+00
0.000000000000000000e+00
0.000000000000000000e+00
0.000000000000000000e+00
0.000000000000000000e+00
4.810000000000000000e+04
5.030000000000000000e+04
4.980000000000000000e+04
5.020000000000000000e+04
5.020000000000000000e+04
5.150000000000000000e+04
5.150000000000000000e+04
4.770000000000000000e+04
4.900000000000000000e+04
5.070000000000000000e+04
5.180000000000000000e+04
4.960000000000000000e+04
5.020000000000000000e+04
4.880000000000000000e+04
5.030000000000000000e+04
4.320000000000000000e+04
4.910000000000000000e+04
4.890000000000000000e+04
5.110000000000000000e+04
4.620000000000000000e+04
4.940000000000000000e+04
5.220000000000000000e+04
5.030000000000000000e+04
4.030000000000000000e+04
4.910000000000000000e+04
4.520000000000000000e+04
5.240000000000000000e+04
3.550000000000000000e+04
4.840000000000000000e+04
3.020000000000000000e+04
4.910000000000000000e+04
1.120000000000000000e+04
5.200000000000000000e+04
4.740000000000000000e+04
5.140000000000000000e+04
4.870000000000000000e+04
5.160000000000000000e+04
4.850000000000000000e+04
4.860000000000000000e+04
3.440000000000000000e+04
4.760000000000000000e+04
4.510000000000000000e+04
5.220000000000000000e+04
2.980000000000000000e+04
4.990000000000000000e+04
2.550000000000000000e+04
4.700000000000000000e+04
7.300000000000000000e+03
4.980000000000000000e+04
4.270000000000000000e+04
5.150000000000000000e+04
2.550000000000000000e+04
4.860000000000000000e+04
1.950000000000000000e+04
5.160000000000000000e+04
3.800000000000000000e+03
4.710000000000000000e+04
1.340000000000000000e+04
4.930000000000000000e+04
2.300000000000000000e+03
4.770000000000000000e+04
1.600000000000000000e+03
3.320000000000000000e+04
2.000000000000000000e+02
4.770000000000000000e+04
4.850000000000000000e+04
4.920000000000000000e+04
4.450000000000000000e+04
5.000000000000000000e+04
4.200000000000000000e+04
5.200000000000000000e+04
2.440000000000000000e+04
4.990000000000000000e+04
4.070000000000000000e+04
4.940000000000000000e+04
2.160000000000000000e+04
4.930000000000000000e+04
1.650000000000000000e+04
4.930000000000000000e+04
2.800000000000000000e+03
5.220000000000000000e+04
3.640000000000000000e+04
4.890000000000000000e+04
1.610000000000000000e+04
4.760000000000000000e+04
1.060000000000000000e+04
4.620000000000000000e+04
1.500000000000000000e+03
4.960000000000000000e+04
8.200000000000000000e+03
4.710000000000000000e+04
1.000000000000000000e+03
4.440000000000000000e+04
4.000000000000000000e+02
2.770000000000000000e+04
0.000000000000000000e+00
4.940000000000000000e+04
2.940000000000000000e+04
4.910000000000000000e+04
7.600000000000000000e+03
5.040000000000000000e+04
6.400000000000000000e+03
4.340000000000000000e+04
4.000000000000000000e+02
4.930000000000000000e+04
4.100000000000000000e+03
4.670000000000000000e+04
1.000000000000000000e+02
4.820000000000000000e+04
0.000000000000000000e+00
2.270000000000000000e+04
0.000000000000000000e+00
5.200000000000000000e+04
1.600000000000000000e+03
4.120000000000000000e+04
1.000000000000000000e+02
4.250000000000000000e+04
0.000000000000000000e+00
1.960000000000000000e+04
0.000000000000000000e+00
3.540000000000000000e+04
0.000000000000000000e+00
1.480000000000000000e+04
0.000000000000000000e+00
9.700000000000000000e+03
0.000000000000000000e+00
1.700000000000000000e+03
0.000000000000000000e+00
4.960000000000000000e+04
4.870000000000000000e+04
5.040000000000000000e+04
4.000000000000000000e+04
5.030000000000000000e+04
3.720000000000000000e+04
4.970000000000000000e+04
1.520000000000000000e+04
4.830000000000000000e+04
2.880000000000000000e+04
4.950000000000000000e+04
1.000000000000000000e+04
4.880000000000000000e+04
7.200000000000000000e+03
4.740000000000000000e+04
1.000000000000000000e+03
4.930000000000000000e+04
2.390000000000000000e+04
5.310000000000000000e+04
8.300000000000000000e+03
5.020000000000000000e+04
3.500000000000000000e+03
4.580000000000000000e+04
3.000000000000000000e+02
4.880000000000000000e+04
2.300000000000000000e+03
4.510000000000000000e+04
0.000000000000000000e+00
4.200000000000000000e+04
0.000000000000000000e+00
2.090000000000000000e+04
0.000000000000000000e+00
4.970000000000000000e+04
1.680000000000000000e+04
4.950000000000000000e+04
3.800000000000000000e+03
4.710000000000000000e+04
2.300000000000000000e+03
4.250000000000000000e+04
0.000000000000000000e+00
4.560000000000000000e+04
1.600000000000000000e+03
4.030000000000000000e+04
1.000000000000000000e+02
3.800000000000000000e+04
0.000000000000000000e+00
1.620000000000000000e+04
0.000000000000000000e+00
4.640000000000000000e+04
5.000000000000000000e+02
3.130000000000000000e+04
0.000000000000000000e+00
3.190000000000000000e+04
0.000000000000000000e+00
1.200000000000000000e+04
0.000000000000000000e+00
2.430000000000000000e+04
0.000000000000000000e+00
6.700000000000000000e+03
0.000000000000000000e+00
4.900000000000000000e+03
0.000000000000000000e+00
4.000000000000000000e+02
0.000000000000000000e+00
5.140000000000000000e+04
1.060000000000000000e+04
4.970000000000000000e+04
1.200000000000000000e+03
5.110000000000000000e+04
9.000000000000000000e+02
3.610000000000000000e+04
0.000000000000000000e+00
4.710000000000000000e+04
5.000000000000000000e+02
3.280000000000000000e+04
0.000000000000000000e+00
2.770000000000000000e+04
0.000000000000000000e+00
1.020000000000000000e+04
0.000000000000000000e+00
4.190000000000000000e+04
0.000000000000000000e+00
2.310000000000000000e+04
0.000000000000000000e+00
2.100000000000000000e+04
0.000000000000000000e+00
4.900000000000000000e+03
0.000000000000000000e+00
1.680000000000000000e+04
0.000000000000000000e+00
3.100000000000000000e+03
0.000000000000000000e+00
2.200000000000000000e+03
0.000000000000000000e+00
0.000000000000000000e+00
0.000000000000000000e+00
3.860000000000000000e+04
3.000000000000000000e+02
1.870000000000000000e+04
0.000000000000000000e+00
1.490000000000000000e+04
0.000000000000000000e+00
2.800000000000000000e+03
0.000000000000000000e+00
9.700000000000000000e+03
0.000000000000000000e+00
1.100000000000000000e+03
0.000000000000000000e+00
5.000000000000000000e+02
0.000000000000000000e+00
0.000000000000000000e+00
0.000000000000000000e+00
6.000000000000000000e+03
0.000000000000000000e+00
4.000000000000000000e+02
0.000000000000000000e+00
3.000000000000000000e+02
0.000000000000000000e+00
0.000000000000000000e+00
0.000000000000000000e+00
0.000000000000000000e+00
0.000000000000000000e+00
0.000000000000000000e+00
0.000000000000000000e+00
0.000000000000000000e+00
0.000000000000000000e+00
0.000000000000000000e+00
0.000000000000000000e+00
4.820000000000000000e+04
4.420000000000000000e+04
5.190000000000000000e+04
2.900000000000000000e+04
5.070000000000000000e+04
2.730000000000000000e+04
4.980000000000000000e+04
6.900000000000000000e+03
4.870000000000000000e+04
1.910000000000000000e+04
5.140000000000000000e+04
4.100000000000000000e+03
5.080000000000000000e+04
2.700000000000000000e+03
4.060000000000000000e+04
1.000000000000000000e+02
4.940000000000000000e+04
1.380000000000000000e+04
4.670000000000000000e+04
2.000000000000000000e+03
5.260000000000000000e+04
1.200000000000000000e+03
3.710000000000000000e+04
1.000000000000000000e+02
4.920000000000000000e+04
3.000000000000000000e+02
3.820000000000000000e+04
0.000000000000000000e+00
3.180000000000000000e+04
0.000000000000000000e+00
1.090000000000000000e+04
0.000000000000000000e+00
5.000000000000000000e+04
8.200000000000000000e+03
4.850000000000000000e+04
1.100000000000000000e+03
4.770000000000000000e+04
5.000000000000000000e+02
3.510000000000000000e+04
1.000000000000000000e+02
4.610000000000000000e+04
4.000000000000000000e+02
2.850000000000000000e+04
0.000000000000000000e+00
2.180000000000000000e+04
0.000000000000000000e+00
6.100000000000000000e+03
0.000000000000000000e+00
4.500000000000000000e+04
3.000000000000000000e+02
2.350000000000000000e+04
0.000000000000000000e+00
1.930000000000000000e+04
0.000000000000000000e+00
3.900000000000000000e+03
0.000000000000000000e+00
1.440000000000000000e+04
0.000000000000000000e+00
2.900000000000000000e+03
0.000000000000000000e+00
1.800000000000000000e+03
0.000000000000000000e+00
0.000000000000000000e+00
0.000000000000000000e+00
4.940000000000000000e+04
5.100000000000000000e+03
4.500000000000000000e+04
6.000000000000000000e+02
4.400000000000000000e+04
1.000000000000000000e+02
2.490000000000000000e+04
0.000000000000000000e+00
3.980000000000000000e+04
2.000000000000000000e+02
2.030000000000000000e+04
0.000000000000000000e+00
1.630000000000000000e+04
0.000000000000000000e+00
3.300000000000000000e+03
0.000000000000000000e+00
3.300000000000000000e+04
1.000000000000000000e+02
1.400000000000000000e+04
0.000000000000000000e+00
1.060000000000000000e+04
0.000000000000000000e+00
1.300000000000000000e+03
0.000000000000000000e+00
8.100000000000000000e+03
0.000000000000000000e+00
5.000000000000000000e+02
0.000000000000000000e+00
6.000000000000000000e+02
0.000000000000000000e+00
0.000000000000000000e+00
0.000000000000000000e+00
2.870000000000000000e+04
1.000000000000000000e+02
9.500000000000000000e+03
0.000000000000000000e+00
7.800000000000000000e+03
0.000000000000000000e+00
7.000000000000000000e+02
0.000000000000000000e+00
4.500000000000000000e+03
0.000000000000000000e+00
3.000000000000000000e+02
0.000000000000000000e+00
1.000000000000000000e+02
0.000000000000000000e+00
0.000000000000000000e+00
0.000000000000000000e+00
1.500000000000000000e+03
0.000000000000000000e+00
0.000000000000000000e+00
0.000000000000000000e+00
1.000000000000000000e+02
0.000000000000000000e+00
0.000000000000000000e+00
0.000000000000000000e+00
0.000000000000000000e+00
0.000000000000000000e+00
0.000000000000000000e+00
0.000000000000000000e+00
0.000000000000000000e+00
0.000000000000000000e+00
0.000000000000000000e+00
0.000000000000000000e+00
4.730000000000000000e+04
2.500000000000000000e+03
3.620000000000000000e+04
1.000000000000000000e+02
3.340000000000000000e+04
0.000000000000000000e+00
1.790000000000000000e+04
0.000000000000000000e+00
3.280000000000000000e+04
0.000000000000000000e+00
1.220000000000000000e+04
0.000000000000000000e+00
8.600000000000000000e+03
0.000000000000000000e+00
9.000000000000000000e+02
0.000000000000000000e+00
2.530000000000000000e+04
0.000000000000000000e+00
7.800000000000000000e+03
0.000000000000000000e+00
4.300000000000000000e+03
0.000000000000000000e+00
3.000000000000000000e+02
0.000000000000000000e+00
3.100000000000000000e+03
0.000000000000000000e+00
1.000000000000000000e+02
0.000000000000000000e+00
0.000000000000000000e+00
0.000000000000000000e+00
0.000000000000000000e+00
0.000000000000000000e+00
1.860000000000000000e+04
0.000000000000000000e+00
4.100000000000000000e+03
0.000000000000000000e+00
1.700000000000000000e+03
0.000000000000000000e+00
1.000000000000000000e+02
0.000000000000000000e+00
8.000000000000000000e+02
0.000000000000000000e+00
0.000000000000000000e+00
0.000000000000000000e+00
0.000000000000000000e+00
0.000000000000000000e+00
0.000000000000000000e+00
0.000000000000000000e+00
2.000000000000000000e+02
0.000000000000000000e+00
0.000000000000000000e+00
0.000000000000000000e+00
0.000000000000000000e+00
0.000000000000000000e+00
0.000000000000000000e+00
0.000000000000000000e+00
0.000000000000000000e+00
0.000000000000000000e+00
0.000000000000000000e+00
0.000000000000000000e+00
0.000000000000000000e+00
0.000000000000000000e+00
0.000000000000000000e+00
0.000000000000000000e+00
1.270000000000000000e+04
0.000000000000000000e+00
2.000000000000000000e+03
0.000000000000000000e+00
1.100000000000000000e+03
0.000000000000000000e+00
1.000000000000000000e+02
0.000000000000000000e+00
6.000000000000000000e+02
0.000000000000000000e+00
0.000000000000000000e+00
0.000000000000000000e+00
0.000000000000000000e+00
0.000000000000000000e+00
0.000000000000000000e+00
0.000000000000000000e+00
2.000000000000000000e+02
0.000000000000000000e+00
0.000000000000000000e+00
0.000000000000000000e+00
0.000000000000000000e+00
0.000000000000000000e+00
0.000000000000000000e+00
0.000000000000000000e+00
0.000000000000000000e+00
0.000000000000000000e+00
0.000000000000000000e+00
0.000000000000000000e+00
0.000000000000000000e+00
0.000000000000000000e+00
0.000000000000000000e+00
0.000000000000000000e+00
0.000000000000000000e+00
0.000000000000000000e+00
0.000000000000000000e+00
0.000000000000000000e+00
0.000000000000000000e+00
0.000000000000000000e+00
0.000000000000000000e+00
0.000000000000000000e+00
0.000000000000000000e+00
0.000000000000000000e+00
0.000000000000000000e+00
0.000000000000000000e+00
0.000000000000000000e+00
0.000000000000000000e+00
0.000000000000000000e+00
0.000000000000000000e+00
0.000000000000000000e+00
0.000000000000000000e+00
0.000000000000000000e+00
0.000000000000000000e+00
0.000000000000000000e+00
0.000000000000000000e+00
0.000000000000000000e+00
0.000000000000000000e+00
0.000000000000000000e+00
0.000000000000000000e+00
0.000000000000000000e+00
0.000000000000000000e+00
0.000000000000000000e+00
0.000000000000000000e+00
0.000000000000000000e+00
0.000000000000000000e+00
