4.961000000000000000e+05
5.049000000000000000e+05
5.088000000000000000e+05
4.990000000000000000e+05
4.964000000000000000e+05
4.988000000000000000e+05
5.111000000000000000e+05
4.996000000000000000e+05
5.119000000000000000e+05
4.974000000000000000e+05
5.027000000000000000e+05
4.897000000000000000e+05
5.025000000000000000e+05
4.995000000000000000e+05
4.961000000000000000e+05
4.353000000000000000e+05
5.073000000000000000e+05
5.057000000000000000e+05
5.107000000000000000e+05
5.024000000000000000e+05
5.008000000000000000e+05
4.947000000000000000e+05
5.088000000000000000e+05
4.154000000000000000e+05
4.962000000000000000e+05
4.888000000000000000e+05
4.977000000000000000e+05
3.813000000000000000e+05
5.030000000000000000e+05
3.562000000000000000e+05
4.364000000000000000e+05
1.429000000000000000e+05
4.906000000000000000e+05
4.988000000000000000e+05
4.962000000000000000e+05
4.986000000000000000e+05
4.951000000000000000e+05
4.936000000000000000e+05
4.921000000000000000e+05
3.615000000000000000e+05
4.968000000000000000e+05
4.881000000000000000e+05
4.935000000000000000e+05
3.252000000000000000e+05
4.959000000000000000e+05
3.005000000000000000e+05
4.047000000000000000e+05
8.550000000000000000e+04
5.018000000000000000e+05
4.582000000000000000e+05
4.954000000000000000e+05
2.727000000000000000e+05
4.895000000000000000e+05
2.284000000000000000e+05
3.752000000000000000e+05
5.320000000000000000e+04
4.842000000000000000e+05
1.745000000000000000e+05
3.239000000000000000e+05
3.000000000000000000e+04
2.849000000000000000e+05
1.490000000000000000e+04
8.200000000000000000e+04
0.000000000000000000e+00
4.998000000000000000e+05
4.910000000000000000e+05
5.012000000000000000e+05
4.754000000000000000e+05
4.970000000000000000e+05
4.538000000000000000e+05
4.923000000000000000e+05
2.863000000000000000e+05
5.033000000000000000e+05
4.355000000000000000e+05
4.966000000000000000e+05
2.383000000000000000e+05
4.878000000000000000e+05
1.966000000000000000e+05
3.446000000000000000e+05
3.510000000000000000e+04
4.994000000000000000e+05
3.906000000000000000e+05
4.768000000000000000e+05
1.732000000000000000e+05
4.599000000000000000e+05
1.348000000000000000e+05
2.940000000000000000e+05
1.710000000000000000e+04
4.448000000000000000e+05
9.510000000000000000e+04
2.359000000000000000e+05
7.100000000000000000e+03
2.021000000000000000e+05
2.900000000000000000e+03
3.860000000000000000e+04
0.000000000000000000e+00
4.994000000000000000e+05
3.178000000000000000e+05
4.526000000000000000e+05
1.005000000000000000e+05
4.215000000000000000e+05
7.560000000000000000e+04
2.123000000000000000e+05
4.200000000000000000e+03
3.869000000000000000e+05
4.540000000000000000e+04
1.690000000000000000e+05
2.600000000000000000e+03
1.267000000000000000e+05
9.000000000000000000e+02
1.950000000000000000e+04
0.000000000000000000e+00
3.240000000000000000e+05
2.580000000000000000e+04
1.126000000000000000e+05
4.000000000000000000e+02
8.300000000000000000e+04
1.000000000000000000e+02
6.900000000000000000e+03
0.000000000000000000e+00
5.130000000000000000e+04
1.000000000000000000e+02
3.800000000000000000e+03
0.000000000000000000e+00
1.500000000000000000e+03
0.000000000000000000e+00
0.000000000000000000e+00
0.000000000000000000e+00
4.884000000000000000e+05
4.963000000000000000e+05
5.006000000000000000e+05
4.106000000000000000e+05
4.984000000000000000e+05
3.911000000000000000e+05
4.761000000000000000e+05
1.728000000000000000e+05
4.998000000000000000e+05
3.364000000000000000e+05
4.532000000000000000e+05
1.219000000000000000e+05
4.460000000000000000e+05
9.200000000000000000e+04
2.394000000000000000e+05
7.700000000000000000e+03
5.003000000000000000e+05
2.860000000000000000e+05
4.327000000000000000e+05
7.990000000000000000e+04
4.034000000000000000e+05
5.470000000000000000e+04
1.773000000000000000e+05
2.200000000000000000e+03
3.552000000000000000e+05
3.250000000000000000e+04
1.353000000000000000e+05
5.000000000000000000e+02
1.018000000000000000e+05
4.000000000000000000e+02
9.100000000000000000e+03
0.000000000000000000e+00
4.888000000000000000e+05
2.046000000000000000e+05
3.677000000000000000e+05
3.690000000000000000e+04
3.316000000000000000e+05
2.420000000000000000e+04
1.143000000000000000e+05
5.000000000000000000e+02
2.807000000000000000e+05
1.360000000000000000e+04
7.390000000000000000e+04
1.000000000000000000e+02
5.300000000000000000e+04
0.000000000000000000e+00
2.700000000000000000e+03
0.000000000000000000e+00
2.159000000000000000e+05
4.700000000000000000e+03
4.670000000000000000e+04
0.000000000000000000e+00
2.910000000000000000e+04
0.000000000000000000e+00
1.200000000000000000e+03
0.000000000000000000e+00
1.580000000000000000e+04
0.000000000000000000e+00
5.000000000000000000e+02
0.000000000000000000e+00
2.000000000000000000e+02
0.000000000000000000e+00
0.000000000000000000e+00
0.000000000000000000e+00
4.641000000000000000e+05
1.292000000000000000e+05
2.744000000000000000e+05
1.500000000000000000e+04
2.381000000000000000e+05
9.300000000000000000e+03
5.720000000000000000e+04
0.000000000000000000e+00
1.873000000000000000e+05
3.900000000000000000e+03
3.500000000000000000e+04
0.000000000000000000e+00
1.890000000000000000e+04
0.000000000000000000e+00
7.000000000000000000e+02
0.000000000000000000e+00
1.182000000000000000e+05
1.200000000000000000e+03
1.560000000000000000e+04
0.000000000000000000e+00
8.400000000000000000e+03
0.000000000000000000e+00
0.000000000000000000e+00
0.000000000000000000e+00
5.200000000000000000e+03
0.000000000000000000e+00
0.000000000000000000e+00
0.000000000000000000e+00
1.000000000000000000e+02
0.000000000000000000e+00
0.000000000000000000e+00
0.000000000000000000e+00
8.240000000000000000e+04
4.000000000000000000e+02
7.800000000000000000e+03
0.000000000000000000e+00
3.200000000000000000e+03
0.000000000000000000e+00
0.000000000000000000e+00
0.000000000000000000e+00
2.200000000000000000e+03
0.000000000000000000e+00
0.000000000000000000e+00
0.000000000000000000e+00
0.000000000000000000e+00
0.000000000000000000e+00
0.000000000000000000e+00
0.000000000000000000e+00
1.500000000000000000e+03
0.000000000000000000e+00
0.000000000000000000e+00
0.000000000000000000e+00
0.000000000000000000e+00
0.000000000000000000e+00
0.000000000000000000e+00
0.000000000000000000e+00
0.000000000000000000e+00
0.000000000000000000e+00
0.000000000000000000e+00
0.000000000000000000e+00
0.000000000000000000e+00
0.000000000000000000e+00
0.000000000000000000e+00
0.000000000000000000e+00
4.941000000000000000e+05
4.735000000000000000e+05
5.024000000000000000e+05
3.075000000000000000e+05
4.997000000000000000e+05
2.731000000000000000e+05
4.156000000000000000e+05
7.080000000000000000e+04
4.950000000000000000e+05
2.178000000000000000e+05
3.763000000000000000e+05
4.630000000000000000e+04
3.351000000000000000e+05
2.760000000000000000e+04
1.228000000000000000e+05
5.000000000000000000e+02
4.808000000000000000e+05
1.558000000000000000e+05
3.229000000000000000e+05
2.240000000000000000e+04
2.742000000000000000e+05
1.260000000000000000e+04
7.710000000000000000e+04
2.000000000000000000e+02
2.189000000000000000e+05
5.800000000000000000e+03
4.690000000000000000e+04
0.000000000000000000e+00
3.320000000000000000e+04
0.000000000000000000e+00
1.100000000000000000e+03
0.000000000000000000e+00
4.390000000000000000e+05
9.380000000000000000e+04
2.426000000000000000e+05
8.800000000000000000e+03
1.976000000000000000e+05
5.200000000000000000e+03
3.790000000000000000e+04
0.000000000000000000e+00
1.492000000000000000e+05
2.000000000000000000e+03
2.320000000000000000e+04
0.000000000000000000e+00
1.300000000000000000e+04
0.000000000000000000e+00
0.000000000000000000e+00
0.000000000000000000e+00
9.700000000000000000e+04
2.000000000000000000e+02
1.000000000000000000e+04
0.000000000000000000e+00
5.500000000000000000e+03
0.000000000000000000e+00
0.000000000000000000e+00
0.000000000000000000e+00
2.600000000000000000e+03
0.000000000000000000e+00
0.000000000000000000e+00
0.000000000000000000e+00
1.000000000000000000e+02
0.000000000000000000e+00
0.000000000000000000e+00
0.000000000000000000e+00
3.809000000000000000e+05
5.550000000000000000e+04
1.490000000000000000e+05
3.100000000000000000e+03
1.149000000000000000e+05
1.500000000000000000e+03
1.300000000000000000e+04
0.000000000000000000e+00
7.470000000000000000e+04
5.000000000000000000e+02
6.200000000000000000e+03
0.000000000000000000e+00
3.000000000000000000e+03
0.000000000000000000e+00
0.000000000000000000e+00
0.000000000000000000e+00
4.960000000000000000e+04
2.000000000000000000e+02
2.800000000000000000e+03
0.000000000000000000e+00
2.100000000000000000e+03
0.000000000000000000e+00
0.000000000000000000e+00
0.000000000000000000e+00
6.000000000000000000e+02
0.000000000000000000e+00
0.000000000000000000e+00
0.000000000000000000e+00
0.000000000000000000e+00
0.000000000000000000e+00
0.000000000000000000e+00
0.000000000000000000e+00
2.910000000000000000e+04
1.000000000000000000e+02
1.300000000000000000e+03
0.000000000000000000e+00
5.000000000000000000e+02
0.000000000000000000e+00
0.000000000000000000e+00
0.000000000000000000e+00
4.000000000000000000e+02
0.000000000000000000e+00
0.000000000000000000e+00
0.000000000000000000e+00
0.000000000000000000e+00
0.000000000000000000e+00
0.000000000000000000e+00
0.000000000000000000e+00
0.000000000000000000e+00
0.000000000000000000e+00
0.000000000000000000e+00
0.000000000000000000e+00
0.000000000000000000e+00
0.000000000000000000e+00
0.000000000000000000e+00
0.000000000000000000e+00
0.000000000000000000e+00
0.000000000000000000e+00
0.000000000000000000e+00
0.000000000000000000e+00
0.000000000000000000e+00
0.000000000000000000e+00
0.000000000000000000e+00
0.000000000000000000e+00
2.879000000000000000e+05
2.690000000000000000e+04
8.030000000000000000e+04
3.000000000000000000e+02
5.610000000000000000e+04
4.000000000000000000e+02
3.700000000000000000e+03
0.000000000000000000e+00
3.740000000000000000e+04
0.000000000000000000e+00
1.600000000000000000e+03
0.000000000000000000e+00
6.000000000000000000e+02
0.000000000000000000e+00
0.000000000000000000e+00
0.000000000000000000e+00
2.120000000000000000e+04
2.000000000000000000e+02
7.000000000000000000e+02
0.000000000000000000e+00
0.000000000000000000e+00
0.000000000000000000e+00
0.000000000000000000e+00
0.000000000000000000e+00
1.000000000000000000e+02
0.000000000000000000e+00
0.000000000000000000e+00
0.000000000000000000e+00
0.000000000000000000e+00
0.000000000000000000e+00
0.000000000000000000e+00
0.000000000000000000e+00
1.160000000000000000e+04
0.000000000000000000e+00
3.000000000000000000e+02
0.000000000000000000e+00
4.000000000000000000e+02
0.000000000000000000e+00
0.000000000000000000e+00
0.000000000000000000e+00
2.000000000000000000e+02
0.000000000000000000e+00
0.000000000000000000e+00
0.000000000000000000e+00
0.000000000000000000e+00
0.000000000000000000e+00
0.000000000000000000e+00
0.000000000000000000e+00
0.000000000000000000e+00
0.000000000000000000e+00
0.000000000000000000e+00
0.000000000000000000e+00
0.000000000000000000e+00
0.000000000000000000e+00
0.000000000000000000e+00
0.000000000000000000e+00
0.000000000000000000e+00
0.000000000000000000e+00
0.000000000000000000e+00
0.000000000000000000e+00
0.000000000000000000e+00
0.000000000000000000e+00
0.000000000000000000e+00
0.000000000000000000e+00
5.000000000000000000e+03
0.000000000000000000e+00
0.000000000000000000e+00
0.000000000000000000e+00
0.000000000000000000e+00
0.000000000000000000e+00
0.000000000000000000e+00
0.000000000000000000e+00
0.000000000000000000e+00
0.000000000000000000e+00
0.000000000000000000e+00
0.000000000000000000e+00
0.000000000000000000e+00
0.000000000000000000e+00
0.000000000000000000e+00
0.000000000000000000e+00
0.000000000000000000e+00
0.000000000000000000e+00
0.000000000000000000e+00
0.000000000000000000e+00
0.000000000000000000e+00
0.000000000000000000e+00
0.000000000000000000e+00
0.000000000000000000e+00
0.000000000000000000e+00
0.000000000000000000e+00
0.000000000000000000e+00
0.000000000000000000e+00
0.000000000000000000e+00
0.000000000000000000e+00
0.000000000000000000e+00
0.000000000000000000e+00
0.000000000000000000e+00
0.000000000000000000e+00
0.000000000000000000e+00
0.000000000000000000e+00
0.000000000000000000e+00
0.000000000000000000e+00
0.000000000000000000e+00
0.000000000000000000e+00
0.000000000000000000e+00
0.000000000000000000e+00
0.000000000000000000e+00
0.000000000000000000e+00
0.000000000000000000e+00
0.000000000000000000e+00
0.000000000000000000e+00
0.000000000000000000e+00
0.000000000000000000e+00
0.000000000000000000e+00
0.000000000000000000e+00
0.000000000000000000e+00
0.000000000000000000e+00
0.000000000000000000e+00
0.000000000000000000e+00
0.000000000000000000e+00
0.000000000000000000e+00
0.000000000000000000e+00
0.000000000000000000e+00
0.000000000000000000e+00
0.000000000000000000e+00
0.000000000000000000e+00
0.000000000000000000e+00
0.000000000000000000e+00
5.021000000000000000e+05
3.965000000000000000e+05
4.862000000000000000e+05
1.823000000000000000e+05
4.622000000000000000e+05
1.439000000000000000e+05
2.830000000000000000e+05
2.000000000000000000e+04
4.471000000000000000e+05
9.860000000000000000e+04
2.350000000000000000e+05
7.400000000000000000e+03
1.906000000000000000e+05
4.500000000000000000e+03
3.680000000000000000e+04
0.000000000000000000e+00
4.012000000000000000e+05
5.760000000000000000e+04
1.777000000000000000e+05
2.800000000000000000e+03
1.281000000000000000e+05
1.700000000000000000e+03
1.900000000000000000e+04
0.000000000000000000e+00
9.140000000000000000e+04
6.000000000000000000e+02
8.900000000000000000e+03
0.000000000000000000e+00
6.300000000000000000e+03
0.000000000000000000e+00
0.000000000000000000e+00
0.000000000000000000e+00
3.283000000000000000e+05
3.320000000000000000e+04
1.049000000000000000e+05
7.000000000000000000e+02
7.430000000000000000e+04
3.000000000000000000e+02
5.600000000000000000e+03
0.000000000000000000e+00
4.760000000000000000e+04
0.000000000000000000e+00
3.100000000000000000e+03
0.000000000000000000e+00
1.500000000000000000e+03
0.000000000000000000e+00
0.000000000000000000e+00
0.000000000000000000e+00
3.140000000000000000e+04
0.000000000000000000e+00
1.700000000000000000e+03
0.000000000000000000e+00
1.000000000000000000e+03
0.000000000000000000e+00
0.000000000000000000e+00
0.000000000000000000e+00
5.000000000000000000e+02
0.000000000000000000e+00
0.000000000000000000e+00
0.000000000000000000e+00
0.000000000000000000e+00
0.000000000000000000e+00
0.000000000000000000e+00
0.000000000000000000e+00
2.352000000000000000e+05
1.230000000000000000e+04
5.540000000000000000e+04
2.000000000000000000e+02
3.700000000000000000e+04
1.000000000000000000e+02
2.000000000000000000e+03
0.000000000000000000e+00
1.980000000000000000e+04
0.000000000000000000e+00
7.000000000000000000e+02
0.000000000000000000e+00
2.000000000000000000e+02
0.000000000000000000e+00
0.000000000000000000e+00
0.000000000000000000e+00
1.230000000000000000e+04
1.000000000000000000e+02
4.000000000000000000e+02
0.000000000000000000e+00
0.000000000000000000e+00
0.000000000000000000e+00
0.000000000000000000e+00
0.000000000000000000e+00
0.000000000000000000e+00
0.000000000000000000e+00
0.000000000000000000e+00
0.000000000000000000e+00
0.000000000000000000e+00
0.000000000000000000e+00
0.000000000000000000e+00
0.000000000000000000e+00
7.600000000000000000e+03
0.000000000000000000e+00
0.000000000000000000e+00
0.000000000000000000e+00
0.000000000000000000e+00
0.000000000000000000e+00
0.000000000000000000e+00
0.000000000000000000e+00
0.000000000000000000e+00
0.000000000000000000e+00
0.000000000000000000e+00
0.000000000000000000e+00
0.000000000000000000e+00
0.000000000000000000e+00
0.000000000000000000e+00
0.000000000000000000e+00
1.000000000000000000e+02
0.000000000000000000e+00
0.000000000000000000e+00
0.000000000000000000e+00
0.000000000000000000e+00
0.000000000000000000e+00
0.000000000000000000e+00
0.000000000000000000e+00
0.000000000000000000e+00
0.000000000000000000e+00
0.000000000000000000e+00
0.000000000000000000e+00
0.000000000000000000e+00
0.000000000000000000e+00
0.000000000000000000e+00
0.000000000000000000e+00
1.495000000000000000e+05
5.800000000000000000e+03
2.440000000000000000e+04
0.000000000000000000e+00
1.600000000000000000e+04
0.000000000000000000e+00
7.000000000000000000e+02
0.000000000000000000e+00
1.020000000000000000e+04
0.000000000000000000e+00
0.000000000000000000e+00
0.000000000000000000e+00
0.000000000000000000e+00
0.000000000000000000e+00
0.000000000000000000e+00
0.000000000000000000e+00
5.300000000000000000e+03
0.000000000000000000e+00
0.000000000000000000e+00
0.000000000000000000e+00
0.000000000000000000e+00
0.000000000000000000e+00
0.000000000000000000e+00
0.000000000000000000e+00
0.000000000000000000e+00
0.000000000000000000e+00
0.000000000000000000e+00
0.000000000000000000e+00
0.000000000000000000e+00
0.000000000000000000e+00
0.000000000000000000e+00
0.000000000000000000e+00
2.200000000000000000e+03
0.000000000000000000e+00
0.000000000000000000e+00
0.000000000000000000e+00
0.000000000000000000e+00
0.000000000000000000e+00
0.000000000000000000e+00
0.000000000000000000e+00
0.000000000000000000e+00
0.000000000000000000e+00
0.000000000000000000e+00
0.000000000000000000e+00
0.000000000000000000e+00
0.000000000000000000e+00
0.000000000000000000e+00
0.000000000000000000e+00
0.000000000000000000e+00
0.000000000000000000e+00
0.000000000000000000e+00
0.000000000000000000e+00
0.000000000000000000e+00
0.000000000000000000e+00
0.000000000000000000e+00
0.000000000000000000e+00
0.000000000000000000e+00
0.000000000000000000e+00
0.000000000000000000e+00
0.000000000000000000e+00
0.000000000000000000e+00
0.000000000000000000e+00
0.000000000000000000e+00
0.000000000000000000e+00
1.500000000000000000e+03
0.000000000000000000e+00
0.000000000000000000e+00
0.000000000000000000e+00
0.000000000000000000e+00
0.000000000000000000e+00
0.000000000000000000e+00
0.000000000000000000e+00
0.000000000000000000e+00
0.000000000000000000e+00
0.000000000000000000e+00
0.000000000000000000e+00
0.000000000000000000e+00
0.000000000000000000e+00
0.000000000000000000e+00
0.000000000000000000e+00
0.000000000000000000e+00
0.000000000000000000e+00
0.000000000000000000e+00
0.000000000000000000e+00
0.000000000000000000e+00
0.000000000000000000e+00
0.000000000000000000e+00
0.000000000000000000e+00
0.000000000000000000e+00
0.000000000000000000e+00
0.000000000000000000e+00
0.000000000000000000e+00
0.000000000000000000e+00
0.000000000000000000e+00
0.000000000000000000e+00
0.000000000000000000e+00
0.000000000000000000e+00
0.000000000000000000e+00
0.000000000000000000e+00
0.000000000000000000e+00
0.000000000000000000e+00
0.000000000000000000e+00
0.000000000000000000e+00
0.000000000000000000e+00
0.000000000000000000e+00
0.000000000000000000e+00
0.000000000000000000e+00
0.000000000000000000e+00
0.000000000000000000e+00
0.000000000000000000e+00
0.000000000000000000e+00
0.000000000000000000e+00
0.000000000000000000e+00
0.000000000000000000e+00
0.000000000000000000e+00
0.000000000000000000e+00
0.000000000000000000e+00
0.000000000000000000e+00
0.000000000000000000e+00
0.000000000000000000e+00
0.000000000000000000e+00
0.000000000000000000e+00
0.000000000000000000e+00
0.000000000000000000e+00
0.000000000000000000e+00
0.000000000000000000e+00
0.000000000000000000e+00
0.000000000000000000e+00
9.240000000000000000e+04
2.000000000000000000e+03
9.900000000000000000e+03
0.000000000000000000e+00
5.900000000000000000e+03
0.000000000000000000e+00
0.000000000000000000e+00
0.000000000000000000e+00
3.600000000000000000e+03
0.000000000000000000e+00
0.000000000000000000e+00
0.000000000000000000e+00
0.000000000000000000e+00
0.000000000000000000e+00
0.000000000000000000e+00
0.000000000000000000e+00
1.700000000000000000e+03
0.000000000000000000e+00
0.000000000000000000e+00
0.000000000000000000e+00
0.000000000000000000e+00
0.000000000000000000e+00
0.000000000000000000e+00
0.000000000000000000e+00
0.000000000000000000e+00
0.000000000000000000e+00
0.000000000000000000e+00
0.000000000000000000e+00
0.000000000000000000e+00
0.000000000000000000e+00
0.000000000000000000e+00
0.000000000000000000e+00
1.200000000000000000e+03
0.000000000000000000e+00
0.000000000000000000e+00
0.000000000000000000e+00
0.000000000000000000e+00
0.000000000000000000e+00
0.000000000000000000e+00
0.000000000000000000e+00
0.000000000000000000e+00
0.000000000000000000e+00
0.000000000000000000e+00
0.000000000000000000e+00
0.000000000000000000e+00
0.000000000000000000e+00
0.000000000000000000e+00
0.000000000000000000e+00
0.000000000000000000e+00
0.000000000000000000e+00
0.000000000000000000e+00
0.000000000000000000e+00
0.000000000000000000e+00
0.000000000000000000e+00
0.000000000000000000e+00
0.000000000000000000e+00
0.000000000000000000e+00
0.000000000000000000e+00
0.000000000000000000e+00
0.000000000000000000e+00
0.000000000000000000e+00
0.000000000000000000e+00
0.000000000000000000e+00
0.000000000000000000e+00
4.000000000000000000e+02
0.000000000000000000e+00
0.000000000000000000e+00
0.000000000000000000e+00
0.000000000000000000e+00
0.000000000000000000e+00
0.000000000000000000e+00
0.000000000000000000e+00
0.000000000000000000e+00
0.000000000000000000e+00
0.000000000000000000e+00
0.000000000000000000e+00
0.000000000000000000e+00
0.000000000000000000e+00
0.000000000000000000e+00
0.000000000000000000e+00
0.000000000000000000e+00
0.000000000000000000e+00
0.000000000000000000e+00
0.000000000000000000e+00
0.000000000000000000e+00
0.000000000000000000e+00
0.000000000000000000e+00
0.000000000000000000e+00
0.000000000000000000e+00
0.000000000000000000e+00
0.000000000000000000e+00
0.000000000000000000e+00
0.000000000000000000e+00
0.000000000000000000e+00
0.000000000000000000e+00
0.000000000000000000e+00
0.000000000000000000e+00
0.000000000000000000e+00
0.000000000000000000e+00
0.000000000000000000e+00
0.000000000000000000e+00
0.000000000000000000e+00
0.000000000000000000e+00
0.000000000000000000e+00
0.000000000000000000e+00
0.000000000000000000e+00
0.000000000000000000e+00
0.000000000000000000e+00
0.000000000000000000e+00
0.000000000000000000e+00
0.000000000000000000e+00
0.000000000000000000e+00
0.000000000000000000e+00
0.000000000000000000e+00
0.000000000000000000e+00
0.000000000000000000e+00
0.000000000000000000e+00
0.000000000000000000e+00
0.000000000000000000e+00
0.000000000000000000e+00
0.000000000000000000e+00
0.000000000000000000e+00
0.000000000000000000e+00
0.000000000000000000e+00
0.000000000000000000e+00
0.000000000000000000e+00
0.000000000000000000e+00
0.000000000000000000e+00
5.000000000000000000e+02
0.000000000000000000e+00
0.000000000000000000e+00
0.000000000000000000e+00
0.000000000000000000e+00
0.000000000000000000e+00
0.000000000000000000e+00
0.000000000000000000e+00
0.000000000000000000e+00
0.000000000000000000e+00
0.000000000000000000e+00
0.000000000000000000e+00
0.000000000000000000e+00
0.000000000000000000e+00
0.000000000000000000e+00
0.000000000000000000e+00
0.000000000000000000e+00
0.000000000000000000e+00
0.000000000000000000e+00
0.000000000000000000e+00
0.000000000000000000e+00
0.000000000000000000e+00
0.000000000000000000e+00
0.000000000000000000e+00
0.000000000000000000e+00
0.000000000000000000e+00
0.000000000000000000e+00
0.000000000000000000e+00
0.000000000000000000e+00
0.000000000000000000e+00
0.000000000000000000e+00
0.000000000000000000e+00
0.000000000000000000e+00
0.000000000000000000e+00
0.000000000000000000e+00
0.000000000000000000e+00
0.000000000000000000e+00
0.000000000000000000e+00
0.000000000000000000e+00
0.000000000000000000e+00
0.000000000000000000e+00
0.000000000000000000e+00
0.000000000000000000e+00
0.000000000000000000e+00
0.000000000000000000e+00
0.000000000000000000e+00
0.000000000000000000e+00
0.000000000000000000e+00
0.000000000000000000e+00
0.000000000000000000e+00
0.000000000000000000e+00
0.000000000000000000e+00
0.000000000000000000e+00
0.000000000000000000e+00
0.000000000000000000e+00
0.000000000000000000e+00
0.000000000000000000e+00
0.000000000000000000e+00
0.000000000000000000e+00
0.000000000000000000e+00
0.000000000000000000e+00
0.000000000000000000e+00
0.000000000000000000e+00
0.000000000000000000e+00
0.000000000000000000e+00
0.000000000000000000e+00
0.000000000000000000e+00
0.000000000000000000e+00
0.000000000000000000e+00
0.000000000000000000e+00
0.000000000000000000e+00
0.000000000000000000e+00
0.000000000000000000e+00
0.000000000000000000e+00
0.000000000000000000e+00
0.000000000000000000e+00
0.000000000000000000e+00
0.000000000000000000e+00
0.000000000000000000e+00
0.000000000000000000e+00
0.000000000000000000e+00
0.000000000000000000e+00
0.000000000000000000e+00
0.000000000000000000e+00
0.000000000000000000e+00
0.000000000000000000e+00
0.000000000000000000e+00
0.000000000000000000e+00
0.000000000000000000e+00
0.000000000000000000e+00
0.000000000000000000e+00
0.000000000000000000e+00
0.000000000000000000e+00
0.000000000000000000e+00
0.000000000000000000e+00
0.000000000000000000e+00
0.000000000000000000e+00
0.000000000000000000e+00
0.000000000000000000e+00
0.000000000000000000e+00
0.000000000000000000e+00
0.000000000000000000e+00
0.000000000000000000e+00
0.000000000000000000e+00
0.000000000000000000e+00
0.000000000000000000e+00
0.000000000000000000e+00
0.000000000000000000e+00
0.000000000000000000e+00
0.000000000000000000e+00
0.000000000000000000e+00
0.000000000000000000e+00
0.000000000000000000e+00
0.000000000000000000e+00
0.000000000000000000e+00
0.000000000000000000e+00
0.000000000000000000e+00
0.000000000000000000e+00
0.000000000000000000e+00
0.000000000000000000e+00
0.000000000000000000e+00
0.000000000000000000e+00
0.000000000000000000e+00
0.000000000000000000e+00
0.000000000000000000e+00
0.000000000000000000e+00
0.000000000000000000e+00
0.000000000000000000e+00
