4.996000000000000000e+05
4.947000000000000000e+05
5.027000000000000000e+05
5.046000000000000000e+05
5.015000000000000000e+05
5.045000000000000000e+05
4.976000000000000000e+05
4.895000000000000000e+05
4.994000000000000000e+05
4.954000000000000000e+05
4.940000000000000000e+05
4.912000000000000000e+05
5.053000000000000000e+05
4.781000000000000000e+05
4.918000000000000000e+05
3.415000000000000000e+05
5.032000000000000000e+05
5.024000000000000000e+05
5.007000000000000000e+05
4.703000000000000000e+05
4.967000000000000000e+05
4.633000000000000000e+05
4.937000000000000000e+05
3.028000000000000000e+05
5.011000000000000000e+05
4.450000000000000000e+05
4.807000000000000000e+05
2.508000000000000000e+05
4.803000000000000000e+05
2.126000000000000000e+05
3.291000000000000000e+05
4.350000000000000000e+04
4.968000000000000000e+05
4.941000000000000000e+05
4.908000000000000000e+05
4.464000000000000000e+05
5.034000000000000000e+05
4.292000000000000000e+05
4.956000000000000000e+05
2.242000000000000000e+05
5.046000000000000000e+05
3.926000000000000000e+05
4.819000000000000000e+05
1.761000000000000000e+05
4.558000000000000000e+05
1.315000000000000000e+05
2.636000000000000000e+05
1.320000000000000000e+04
4.939000000000000000e+05
3.336000000000000000e+05
4.458000000000000000e+05
1.170000000000000000e+05
4.222000000000000000e+05
8.310000000000000000e+04
2.034000000000000000e+05
5.800000000000000000e+03
3.893000000000000000e+05
5.340000000000000000e+04
1.568000000000000000e+05
1.700000000000000000e+03
1.234000000000000000e+05
1.600000000000000000e+03
1.540000000000000000e+04
0.000000000000000000e+00
5.079000000000000000e+05
4.857000000000000000e+05
4.997000000000000000e+05
3.862000000000000000e+05
4.990000000000000000e+05
3.580000000000000000e+05
4.510000000000000000e+05
1.385000000000000000e+05
4.961000000000000000e+05
3.077000000000000000e+05
4.283000000000000000e+05
9.230000000000000000e+04
3.975000000000000000e+05
6.270000000000000000e+04
1.782000000000000000e+05
3.000000000000000000e+03
4.864000000000000000e+05
2.341000000000000000e+05
3.844000000000000000e+05
5.640000000000000000e+04
3.515000000000000000e+05
3.370000000000000000e+04
1.370000000000000000e+05
1.000000000000000000e+03
2.981000000000000000e+05
1.780000000000000000e+04
9.190000000000000000e+04
2.000000000000000000e+02
6.540000000000000000e+04
2.000000000000000000e+02
4.300000000000000000e+03
0.000000000000000000e+00
4.811000000000000000e+05
1.606000000000000000e+05
3.120000000000000000e+05
2.430000000000000000e+04
2.657000000000000000e+05
1.230000000000000000e+04
6.610000000000000000e+04
1.000000000000000000e+02
2.119000000000000000e+05
6.400000000000000000e+03
4.330000000000000000e+04
0.000000000000000000e+00
2.800000000000000000e+04
0.000000000000000000e+00
9.000000000000000000e+02
0.000000000000000000e+00
1.537000000000000000e+05
3.100000000000000000e+03
2.330000000000000000e+04
0.000000000000000000e+00
1.450000000000000000e+04
0.000000000000000000e+00
3.000000000000000000e+02
0.000000000000000000e+00
9.000000000000000000e+03
0.000000000000000000e+00
2.000000000000000000e+02
0.000000000000000000e+00
1.000000000000000000e+02
0.000000000000000000e+00
0.000000000000000000e+00
0.000000000000000000e+00
4.939000000000000000e+05
4.583000000000000000e+05
4.924000000000000000e+05
2.787000000000000000e+05
4.965000000000000000e+05
2.389000000000000000e+05
3.804000000000000000e+05
5.650000000000000000e+04
4.807000000000000000e+05
1.839000000000000000e+05
3.341000000000000000e+05
3.110000000000000000e+04
3.001000000000000000e+05
1.730000000000000000e+04
8.740000000000000000e+04
2.000000000000000000e+02
4.576000000000000000e+05
1.265000000000000000e+05
2.801000000000000000e+05
1.440000000000000000e+04
2.268000000000000000e+05
7.700000000000000000e+03
5.210000000000000000e+04
0.000000000000000000e+00
1.859000000000000000e+05
3.100000000000000000e+03
3.150000000000000000e+04
0.000000000000000000e+00
1.860000000000000000e+04
0.000000000000000000e+00
7.000000000000000000e+02
0.000000000000000000e+00
4.220000000000000000e+05
7.590000000000000000e+04
1.914000000000000000e+05
5.200000000000000000e+03
1.533000000000000000e+05
2.200000000000000000e+03
2.270000000000000000e+04
0.000000000000000000e+00
1.067000000000000000e+05
1.200000000000000000e+03
1.390000000000000000e+04
0.000000000000000000e+00
7.400000000000000000e+03
0.000000000000000000e+00
2.000000000000000000e+02
0.000000000000000000e+00
7.130000000000000000e+04
3.000000000000000000e+02
5.800000000000000000e+03
0.000000000000000000e+00
3.600000000000000000e+03
0.000000000000000000e+00
0.000000000000000000e+00
0.000000000000000000e+00
1.500000000000000000e+03
0.000000000000000000e+00
0.000000000000000000e+00
0.000000000000000000e+00
0.000000000000000000e+00
0.000000000000000000e+00
0.000000000000000000e+00
0.000000000000000000e+00
3.386000000000000000e+05
3.840000000000000000e+04
1.100000000000000000e+05
5.000000000000000000e+02
8.600000000000000000e+04
0.000000000000000000e+00
9.700000000000000000e+03
0.000000000000000000e+00
5.360000000000000000e+04
2.000000000000000000e+02
1.800000000000000000e+03
0.000000000000000000e+00
1.900000000000000000e+03
0.000000000000000000e+00
0.000000000000000000e+00
0.000000000000000000e+00
3.320000000000000000e+04
1.000000000000000000e+02
9.000000000000000000e+02
0.000000000000000000e+00
7.000000000000000000e+02
0.000000000000000000e+00
0.000000000000000000e+00
0.000000000000000000e+00
5.000000000000000000e+02
0.000000000000000000e+00
0.000000000000000000e+00
0.000000000000000000e+00
0.000000000000000000e+00
0.000000000000000000e+00
0.000000000000000000e+00
0.000000000000000000e+00
2.040000000000000000e+04
0.000000000000000000e+00
6.000000000000000000e+02
0.000000000000000000e+00
0.000000000000000000e+00
0.000000000000000000e+00
0.000000000000000000e+00
0.000000000000000000e+00
0.000000000000000000e+00
0.000000000000000000e+00
0.000000000000000000e+00
0.000000000000000000e+00
0.000000000000000000e+00
0.000000000000000000e+00
0.000000000000000000e+00
0.000000000000000000e+00
1.000000000000000000e+02
0.000000000000000000e+00
0.000000000000000000e+00
0.000000000000000000e+00
0.000000000000000000e+00
0.000000000000000000e+00
0.000000000000000000e+00
0.000000000000000000e+00
0.000000000000000000e+00
0.000000000000000000e+00
0.000000000000000000e+00
0.000000000000000000e+00
0.000000000000000000e+00
0.000000000000000000e+00
0.000000000000000000e+00
0.000000000000000000e+00
4.935000000000000000e+05
3.913000000000000000e+05
4.720000000000000000e+05
1.642000000000000000e+05
4.595000000000000000e+05
1.241000000000000000e+05
2.657000000000000000e+05
1.380000000000000000e+04
4.302000000000000000e+05
8.740000000000000000e+04
2.118000000000000000e+05
7.300000000000000000e+03
1.712000000000000000e+05
3.300000000000000000e+03
2.730000000000000000e+04
0.000000000000000000e+00
3.739000000000000000e+05
5.300000000000000000e+04
1.447000000000000000e+05
2.300000000000000000e+03
1.141000000000000000e+05
9.000000000000000000e+02
1.240000000000000000e+04
0.000000000000000000e+00
7.310000000000000000e+04
7.000000000000000000e+02
5.500000000000000000e+03
0.000000000000000000e+00
4.300000000000000000e+03
0.000000000000000000e+00
0.000000000000000000e+00
0.000000000000000000e+00
3.004000000000000000e+05
2.430000000000000000e+04
8.670000000000000000e+04
9.000000000000000000e+02
6.300000000000000000e+04
1.000000000000000000e+02
4.300000000000000000e+03
0.000000000000000000e+00
3.810000000000000000e+04
1.000000000000000000e+02
2.400000000000000000e+03
0.000000000000000000e+00
1.300000000000000000e+03
0.000000000000000000e+00
0.000000000000000000e+00
0.000000000000000000e+00
2.140000000000000000e+04
0.000000000000000000e+00
1.100000000000000000e+03
0.000000000000000000e+00
6.000000000000000000e+02
0.000000000000000000e+00
0.000000000000000000e+00
0.000000000000000000e+00
2.000000000000000000e+02
0.000000000000000000e+00
0.000000000000000000e+00
0.000000000000000000e+00
0.000000000000000000e+00
0.000000000000000000e+00
0.000000000000000000e+00
0.000000000000000000e+00
2.127000000000000000e+05
1.340000000000000000e+04
4.580000000000000000e+04
0.000000000000000000e+00
2.920000000000000000e+04
0.000000000000000000e+00
9.000000000000000000e+02
0.000000000000000000e+00
1.760000000000000000e+04
0.000000000000000000e+00
7.000000000000000000e+02
0.000000000000000000e+00
4.000000000000000000e+02
0.000000000000000000e+00
0.000000000000000000e+00
0.000000000000000000e+00
9.400000000000000000e+03
0.000000000000000000e+00
1.000000000000000000e+02
0.000000000000000000e+00
1.000000000000000000e+02
0.000000000000000000e+00
0.000000000000000000e+00
0.000000000000000000e+00
1.000000000000000000e+02
0.000000000000000000e+00
0.000000000000000000e+00
0.000000000000000000e+00
0.000000000000000000e+00
0.000000000000000000e+00
0.000000000000000000e+00
0.000000000000000000e+00
5.200000000000000000e+03
0.000000000000000000e+00
0.000000000000000000e+00
0.000000000000000000e+00
0.000000000000000000e+00
0.000000000000000000e+00
0.000000000000000000e+00
0.000000000000000000e+00
0.000000000000000000e+00
0.000000000000000000e+00
0.000000000000000000e+00
0.000000000000000000e+00
0.000000000000000000e+00
0.000000000000000000e+00
0.000000000000000000e+00
0.000000000000000000e+00
0.000000000000000000e+00
0.000000000000000000e+00
0.000000000000000000e+00
0.000000000000000000e+00
0.000000000000000000e+00
0.000000000000000000e+00
0.000000000000000000e+00
0.000000000000000000e+00
0.000000000000000000e+00
0.000000000000000000e+00
0.000000000000000000e+00
0.000000000000000000e+00
0.000000000000000000e+00
0.000000000000000000e+00
0.000000000000000000e+00
0.000000000000000000e+00
1.346000000000000000e+05
4.400000000000000000e+03
1.900000000000000000e+04
0.000000000000000000e+00
1.230000000000000000e+04
0.000000000000000000e+00
1.000000000000000000e+02
0.000000000000000000e+00
7.600000000000000000e+03
0.000000000000000000e+00
1.000000000000000000e+02
0.000000000000000000e+00
1.000000000000000000e+02
0.000000000000000000e+00
0.000000000000000000e+00
0.000000000000000000e+00
2.800000000000000000e+03
0.000000000000000000e+00
0.000000000000000000e+00
0.000000000000000000e+00
1.000000000000000000e+02
0.000000000000000000e+00
0.000000000000000000e+00
0.000000000000000000e+00
0.000000000000000000e+00
0.000000000000000000e+00
0.000000000000000000e+00
0.000000000000000000e+00
0.000000000000000000e+00
0.000000000000000000e+00
0.000000000000000000e+00
0.000000000000000000e+00
1.900000000000000000e+03
0.000000000000000000e+00
0.000000000000000000e+00
0.000000000000000000e+00
0.000000000000000000e+00
0.000000000000000000e+00
0.000000000000000000e+00
0.000000000000000000e+00
0.000000000000000000e+00
0.000000000000000000e+00
0.000000000000000000e+00
0.000000000000000000e+00
0.000000000000000000e+00
0.000000000000000000e+00
0.000000000000000000e+00
0.000000000000000000e+00
0.000000000000000000e+00
0.000000000000000000e+00
0.000000000000000000e+00
0.000000000000000000e+00
0.000000000000000000e+00
0.000000000000000000e+00
0.000000000000000000e+00
0.000000000000000000e+00
0.000000000000000000e+00
0.000000000000000000e+00
0.000000000000000000e+00
0.000000000000000000e+00
0.000000000000000000e+00
0.000000000000000000e+00
0.000000000000000000e+00
0.000000000000000000e+00
1.500000000000000000e+03
0.000000000000000000e+00
0.000000000000000000e+00
0.000000000000000000e+00
0.000000000000000000e+00
0.000000000000000000e+00
0.000000000000000000e+00
0.000000000000000000e+00
0.000000000000000000e+00
0.000000000000000000e+00
0.000000000000000000e+00
0.000000000000000000e+00
0.000000000000000000e+00
0.000000000000000000e+00
0.000000000000000000e+00
0.000000000000000000e+00
0.000000000000000000e+00
0.000000000000000000e+00
0.000000000000000000e+00
0.000000000000000000e+00
0.000000000000000000e+00
0.000000000000000000e+00
0.000000000000000000e+00
0.000000000000000000e+00
0.000000000000000000e+00
0.000000000000000000e+00
0.000000000000000000e+00
0.000000000000000000e+00
0.000000000000000000e+00
0.000000000000000000e+00
0.000000000000000000e+00
0.000000000000000000e+00
0.000000000000000000e+00
0.000000000000000000e+00
0.000000000000000000e+00
0.000000000000000000e+00
0.000000000000000000e+00
0.000000000000000000e+00
0.000000000000000000e+00
0.000000000000000000e+00
0.000000000000000000e+00
0.000000000000000000e+00
0.000000000000000000e+00
0.000000000000000000e+00
0.000000000000000000e+00
0.000000000000000000e+00
0.000000000000000000e+00
0.000000000000000000e+00
0.000000000000000000e+00
0.000000000000000000e+00
0.000000000000000000e+00
0.000000000000000000e+00
0.000000000000000000e+00
0.000000000000000000e+00
0.000000000000000000e+00
0.000000000000000000e+00
0.000000000000000000e+00
0.000000000000000000e+00
0.000000000000000000e+00
0.000000000000000000e+00
0.000000000000000000e+00
0.000000000000000000e+00
0.000000000000000000e+00
0.000000000000000000e+00
