4.990000000000000000e+05
4.965000000000000000e+05
4.991000000000000000e+05
5.056000000000000000e+05
5.071000000000000000e+05
4.877000000000000000e+05
5.004000000000000000e+05
5.016000000000000000e+05
5.008000000000000000e+05
4.924000000000000000e+05
5.007000000000000000e+05
4.991000000000000000e+05
5.029000000000000000e+05
4.964000000000000000e+05
5.053000000000000000e+05
4.958000000000000000e+05
5.018000000000000000e+05
4.962000000000000000e+05
5.017000000000000000e+05
5.055000000000000000e+05
5.050000000000000000e+05
4.999000000000000000e+05
5.016000000000000000e+05
4.917000000000000000e+05
5.063000000000000000e+05
4.864000000000000000e+05
4.956000000000000000e+05
4.878000000000000000e+05
5.014000000000000000e+05
4.959000000000000000e+05
4.927000000000000000e+05
3.752000000000000000e+05
5.002000000000000000e+05
5.020000000000000000e+05
5.051000000000000000e+05
4.898000000000000000e+05
5.019000000000000000e+05
4.984000000000000000e+05
5.013000000000000000e+05
4.870000000000000000e+05
4.946000000000000000e+05
4.970000000000000000e+05
4.929000000000000000e+05
4.796000000000000000e+05
4.957000000000000000e+05
4.685000000000000000e+05
4.990000000000000000e+05
3.365000000000000000e+05
5.031000000000000000e+05
5.016000000000000000e+05
5.013000000000000000e+05
4.747000000000000000e+05
5.038000000000000000e+05
4.526000000000000000e+05
4.958000000000000000e+05
2.917000000000000000e+05
5.016000000000000000e+05
4.354000000000000000e+05
4.979000000000000000e+05
2.322000000000000000e+05
4.883000000000000000e+05
1.991000000000000000e+05
3.943000000000000000e+05
3.950000000000000000e+04
5.029000000000000000e+05
5.096000000000000000e+05
5.044000000000000000e+05
5.072000000000000000e+05
5.041000000000000000e+05
5.028000000000000000e+05
4.887000000000000000e+05
4.689000000000000000e+05
4.963000000000000000e+05
5.069000000000000000e+05
4.944000000000000000e+05
4.489000000000000000e+05
4.930000000000000000e+05
4.378000000000000000e+05
4.987000000000000000e+05
2.574000000000000000e+05
4.998000000000000000e+05
4.985000000000000000e+05
4.974000000000000000e+05
4.333000000000000000e+05
5.045000000000000000e+05
4.008000000000000000e+05
4.943000000000000000e+05
2.088000000000000000e+05
4.977000000000000000e+05
3.693000000000000000e+05
4.925000000000000000e+05
1.524000000000000000e+05
4.776000000000000000e+05
1.207000000000000000e+05
3.553000000000000000e+05
1.320000000000000000e+04
5.048000000000000000e+05
4.838000000000000000e+05
4.978000000000000000e+05
3.822000000000000000e+05
5.032000000000000000e+05
3.500000000000000000e+05
4.807000000000000000e+05
1.327000000000000000e+05
4.937000000000000000e+05
2.936000000000000000e+05
4.814000000000000000e+05
9.370000000000000000e+04
4.738000000000000000e+05
6.180000000000000000e+04
3.099000000000000000e+05
3.300000000000000000e+03
4.866000000000000000e+05
2.235000000000000000e+05
4.585000000000000000e+05
5.100000000000000000e+04
4.425000000000000000e+05
3.490000000000000000e+04
2.581000000000000000e+05
1.400000000000000000e+03
4.144000000000000000e+05
1.830000000000000000e+04
2.167000000000000000e+05
2.000000000000000000e+02
1.806000000000000000e+05
1.000000000000000000e+02
3.290000000000000000e+04
0.000000000000000000e+00
5.059000000000000000e+05
5.034000000000000000e+05
4.990000000000000000e+05
5.033000000000000000e+05
5.017000000000000000e+05
4.966000000000000000e+05
4.986000000000000000e+05
4.233000000000000000e+05
4.981000000000000000e+05
4.946000000000000000e+05
4.967000000000000000e+05
3.928000000000000000e+05
4.864000000000000000e+05
3.648000000000000000e+05
4.839000000000000000e+05
1.512000000000000000e+05
4.978000000000000000e+05
4.777000000000000000e+05
4.965000000000000000e+05
3.548000000000000000e+05
4.959000000000000000e+05
3.109000000000000000e+05
4.819000000000000000e+05
1.054000000000000000e+05
4.968000000000000000e+05
2.516000000000000000e+05
4.712000000000000000e+05
6.850000000000000000e+04
4.664000000000000000e+05
4.370000000000000000e+04
2.869000000000000000e+05
1.500000000000000000e+03
5.015000000000000000e+05
4.399000000000000000e+05
4.961000000000000000e+05
2.631000000000000000e+05
5.033000000000000000e+05
2.203000000000000000e+05
4.585000000000000000e+05
5.250000000000000000e+04
5.041000000000000000e+05
1.658000000000000000e+05
4.391000000000000000e+05
2.760000000000000000e+04
4.250000000000000000e+05
1.830000000000000000e+04
2.240000000000000000e+05
4.000000000000000000e+02
5.001000000000000000e+05
1.204000000000000000e+05
4.173000000000000000e+05
1.490000000000000000e+04
3.863000000000000000e+05
8.100000000000000000e+03
1.784000000000000000e+05
0.000000000000000000e+00
3.479000000000000000e+05
4.500000000000000000e+03
1.264000000000000000e+05
0.000000000000000000e+00
9.420000000000000000e+04
0.000000000000000000e+00
1.240000000000000000e+04
0.000000000000000000e+00
4.995000000000000000e+05
3.996000000000000000e+05
4.931000000000000000e+05
1.735000000000000000e+05
4.971000000000000000e+05
1.400000000000000000e+05
4.077000000000000000e+05
1.870000000000000000e+04
4.961000000000000000e+05
9.320000000000000000e+04
3.918000000000000000e+05
9.600000000000000000e+03
3.552000000000000000e+05
5.900000000000000000e+03
1.504000000000000000e+05
0.000000000000000000e+00
4.887000000000000000e+05
5.920000000000000000e+04
3.328000000000000000e+05
3.000000000000000000e+03
3.031000000000000000e+05
1.800000000000000000e+03
9.830000000000000000e+04
0.000000000000000000e+00
2.502000000000000000e+05
1.300000000000000000e+03
6.710000000000000000e+04
0.000000000000000000e+00
4.430000000000000000e+04
0.000000000000000000e+00
1.500000000000000000e+03
0.000000000000000000e+00
4.473000000000000000e+05
3.550000000000000000e+04
2.628000000000000000e+05
1.400000000000000000e+03
2.200000000000000000e+05
3.000000000000000000e+02
5.040000000000000000e+04
0.000000000000000000e+00
1.783000000000000000e+05
0.000000000000000000e+00
3.000000000000000000e+04
0.000000000000000000e+00
2.040000000000000000e+04
0.000000000000000000e+00
2.000000000000000000e+02
0.000000000000000000e+00
1.224000000000000000e+05
2.000000000000000000e+02
1.380000000000000000e+04
0.000000000000000000e+00
9.300000000000000000e+03
0.000000000000000000e+00
1.000000000000000000e+02
0.000000000000000000e+00
5.000000000000000000e+03
0.000000000000000000e+00
1.000000000000000000e+02
0.000000000000000000e+00
0.000000000000000000e+00
0.000000000000000000e+00
0.000000000000000000e+00
0.000000000000000000e+00
5.010000000000000000e+05
4.984000000000000000e+05
5.186000000000000000e+05
4.813000000000000000e+05
4.961000000000000000e+05
4.704000000000000000e+05
4.926000000000000000e+05
3.144000000000000000e+05
4.941000000000000000e+05
4.549000000000000000e+05
4.876000000000000000e+05
2.706000000000000000e+05
4.954000000000000000e+05
2.312000000000000000e+05
4.480000000000000000e+05
5.440000000000000000e+04
5.023000000000000000e+05
4.127000000000000000e+05
5.009000000000000000e+05
2.003000000000000000e+05
5.020000000000000000e+05
1.662000000000000000e+05
4.356000000000000000e+05
2.890000000000000000e+04
4.954000000000000000e+05
1.139000000000000000e+05
4.092000000000000000e+05
1.410000000000000000e+04
3.839000000000000000e+05
7.800000000000000000e+03
1.806000000000000000e+05
0.000000000000000000e+00
4.925000000000000000e+05
3.524000000000000000e+05
4.919000000000000000e+05
1.338000000000000000e+05
4.875000000000000000e+05
9.730000000000000000e+04
3.908000000000000000e+05
8.900000000000000000e+03
4.885000000000000000e+05
6.030000000000000000e+04
3.621000000000000000e+05
3.400000000000000000e+03
3.291000000000000000e+05
2.300000000000000000e+03
1.200000000000000000e+05
0.000000000000000000e+00
4.742000000000000000e+05
4.150000000000000000e+04
3.134000000000000000e+05
1.600000000000000000e+03
2.728000000000000000e+05
1.100000000000000000e+03
7.510000000000000000e+04
0.000000000000000000e+00
2.134000000000000000e+05
1.000000000000000000e+02
4.750000000000000000e+04
0.000000000000000000e+00
3.260000000000000000e+04
0.000000000000000000e+00
9.000000000000000000e+02
0.000000000000000000e+00
5.027000000000000000e+05
2.612000000000000000e+05
4.861000000000000000e+05
7.200000000000000000e+04
4.700000000000000000e+05
4.640000000000000000e+04
3.289000000000000000e+05
2.400000000000000000e+03
4.558000000000000000e+05
3.100000000000000000e+04
2.862000000000000000e+05
7.000000000000000000e+02
2.330000000000000000e+05
6.000000000000000000e+02
6.260000000000000000e+04
0.000000000000000000e+00
4.250000000000000000e+05
1.570000000000000000e+04
2.270000000000000000e+05
1.000000000000000000e+02
1.834000000000000000e+05
0.000000000000000000e+00
3.170000000000000000e+04
0.000000000000000000e+00
1.329000000000000000e+05
1.000000000000000000e+02
1.720000000000000000e+04
0.000000000000000000e+00
9.100000000000000000e+03
0.000000000000000000e+00
1.000000000000000000e+02
0.000000000000000000e+00
3.682000000000000000e+05
8.900000000000000000e+03
1.443000000000000000e+05
0.000000000000000000e+00
1.192000000000000000e+05
0.000000000000000000e+00
1.530000000000000000e+04
0.000000000000000000e+00
7.510000000000000000e+04
0.000000000000000000e+00
5.800000000000000000e+03
0.000000000000000000e+00
4.400000000000000000e+03
0.000000000000000000e+00
0.000000000000000000e+00
0.000000000000000000e+00
4.420000000000000000e+04
0.000000000000000000e+00
2.800000000000000000e+03
0.000000000000000000e+00
1.700000000000000000e+03
0.000000000000000000e+00
0.000000000000000000e+00
0.000000000000000000e+00
6.000000000000000000e+02
0.000000000000000000e+00
0.000000000000000000e+00
0.000000000000000000e+00
0.000000000000000000e+00
0.000000000000000000e+00
0.000000000000000000e+00
0.000000000000000000e+00
5.003000000000000000e+05
1.703000000000000000e+05
4.477000000000000000e+05
2.750000000000000000e+04
4.308000000000000000e+05
1.810000000000000000e+04
2.261000000000000000e+05
5.000000000000000000e+02
3.905000000000000000e+05
1.080000000000000000e+04
1.743000000000000000e+05
0.000000000000000000e+00
1.356000000000000000e+05
0.000000000000000000e+00
2.230000000000000000e+04
0.000000000000000000e+00
3.388000000000000000e+05
5.500000000000000000e+03
1.156000000000000000e+05
0.000000000000000000e+00
9.220000000000000000e+04
1.000000000000000000e+02
8.300000000000000000e+03
0.000000000000000000e+00
6.250000000000000000e+04
0.000000000000000000e+00
3.700000000000000000e+03
0.000000000000000000e+00
2.300000000000000000e+03
0.000000000000000000e+00
0.000000000000000000e+00
0.000000000000000000e+00
2.661000000000000000e+05
2.400000000000000000e+03
6.860000000000000000e+04
0.000000000000000000e+00
5.280000000000000000e+04
0.000000000000000000e+00
3.500000000000000000e+03
0.000000000000000000e+00
3.060000000000000000e+04
0.000000000000000000e+00
1.100000000000000000e+03
0.000000000000000000e+00
9.000000000000000000e+02
0.000000000000000000e+00
0.000000000000000000e+00
0.000000000000000000e+00
1.890000000000000000e+04
0.000000000000000000e+00
5.000000000000000000e+02
0.000000000000000000e+00
1.000000000000000000e+02
0.000000000000000000e+00
0.000000000000000000e+00
0.000000000000000000e+00
1.000000000000000000e+02
0.000000000000000000e+00
0.000000000000000000e+00
0.000000000000000000e+00
0.000000000000000000e+00
0.000000000000000000e+00
0.000000000000000000e+00
0.000000000000000000e+00
1.786000000000000000e+05
1.000000000000000000e+03
3.320000000000000000e+04
0.000000000000000000e+00
2.360000000000000000e+04
0.000000000000000000e+00
1.000000000000000000e+03
0.000000000000000000e+00
1.140000000000000000e+04
0.000000000000000000e+00
6.000000000000000000e+02
0.000000000000000000e+00
1.000000000000000000e+02
0.000000000000000000e+00
0.000000000000000000e+00
0.000000000000000000e+00
6.000000000000000000e+03
0.000000000000000000e+00
0.000000000000000000e+00
0.000000000000000000e+00
0.000000000000000000e+00
0.000000000000000000e+00
0.000000000000000000e+00
0.000000000000000000e+00
0.000000000000000000e+00
0.000000000000000000e+00
0.000000000000000000e+00
0.000000000000000000e+00
0.000000000000000000e+00
0.000000000000000000e+00
0.000000000000000000e+00
0.000000000000000000e+00
3.500000000000000000e+03
0.000000000000000000e+00
1.000000000000000000e+02
0.000000000000000000e+00
0.000000000000000000e+00
0.000000000000000000e+00
0.000000000000000000e+00
0.000000000000000000e+00
0.000000000000000000e+00
0.000000000000000000e+00
0.000000000000000000e+00
0.000000000000000000e+00
0.000000000000000000e+00
0.000000000000000000e+00
0.000000000000000000e+00
0.000000000000000000e+00
0.000000000000000000e+00
0.000000000000000000e+00
0.000000000000000000e+00
0.000000000000000000e+00
0.000000000000000000e+00
0.000000000000000000e+00
0.000000000000000000e+00
0.000000000000000000e+00
0.000000000000000000e+00
0.000000000000000000e+00
0.000000000000000000e+00
0.000000000000000000e+00
0.000000000000000000e+00
0.000000000000000000e+00
0.000000000000000000e+00
0.000000000000000000e+00
