4.952000000000000000e+05
4.993000000000000000e+05
5.008000000000000000e+05
4.951000000000000000e+05
5.033000000000000000e+05
4.995000000000000000e+05
4.923000000000000000e+05
5.034000000000000000e+05
4.972000000000000000e+05
4.932000000000000000e+05
4.959000000000000000e+05
5.026000000000000000e+05
4.963000000000000000e+05
4.997000000000000000e+05
5.085000000000000000e+05
4.791000000000000000e+05
4.886000000000000000e+05
4.986000000000000000e+05
5.067000000000000000e+05
5.016000000000000000e+05
4.995000000000000000e+05
5.075000000000000000e+05
4.991000000000000000e+05
4.846000000000000000e+05
5.001000000000000000e+05
4.936000000000000000e+05
5.023000000000000000e+05
4.649000000000000000e+05
4.963000000000000000e+05
4.514000000000000000e+05
4.821000000000000000e+05
2.817000000000000000e+05
4.984000000000000000e+05
4.964000000000000000e+05
4.963000000000000000e+05
4.964000000000000000e+05
4.987000000000000000e+05
5.085000000000000000e+05
5.019000000000000000e+05
4.495000000000000000e+05
5.084000000000000000e+05
5.044000000000000000e+05
5.049000000000000000e+05
4.400000000000000000e+05
5.006000000000000000e+05
4.271000000000000000e+05
4.746000000000000000e+05
2.229000000000000000e+05
4.986000000000000000e+05
4.841000000000000000e+05
5.081000000000000000e+05
4.101000000000000000e+05
5.065000000000000000e+05
3.830000000000000000e+05
4.717000000000000000e+05
1.707000000000000000e+05
5.021000000000000000e+05
3.397000000000000000e+05
4.575000000000000000e+05
1.269000000000000000e+05
4.484000000000000000e+05
9.060000000000000000e+04
2.441000000000000000e+05
7.900000000000000000e+03
4.974000000000000000e+05
4.936000000000000000e+05
5.059000000000000000e+05
5.013000000000000000e+05
4.974000000000000000e+05
4.978000000000000000e+05
4.987000000000000000e+05
4.175000000000000000e+05
4.952000000000000000e+05
4.894000000000000000e+05
5.077000000000000000e+05
3.939000000000000000e+05
4.976000000000000000e+05
3.645000000000000000e+05
4.618000000000000000e+05
1.416000000000000000e+05
4.999000000000000000e+05
4.770000000000000000e+05
4.947000000000000000e+05
3.346000000000000000e+05
4.919000000000000000e+05
2.995000000000000000e+05
4.458000000000000000e+05
9.300000000000000000e+04
4.957000000000000000e+05
2.429000000000000000e+05
4.145000000000000000e+05
6.010000000000000000e+04
3.929000000000000000e+05
3.410000000000000000e+04
1.742000000000000000e+05
1.000000000000000000e+03
4.973000000000000000e+05
4.441000000000000000e+05
5.020000000000000000e+05
2.540000000000000000e+05
4.949000000000000000e+05
2.124000000000000000e+05
3.994000000000000000e+05
4.480000000000000000e+04
4.908000000000000000e+05
1.690000000000000000e+05
3.650000000000000000e+05
2.540000000000000000e+04
3.266000000000000000e+05
1.550000000000000000e+04
1.215000000000000000e+05
2.000000000000000000e+02
4.651000000000000000e+05
1.130000000000000000e+05
3.132000000000000000e+05
1.220000000000000000e+04
2.718000000000000000e+05
5.100000000000000000e+03
7.530000000000000000e+04
0.000000000000000000e+00
2.157000000000000000e+05
3.900000000000000000e+03
4.620000000000000000e+04
0.000000000000000000e+00
2.940000000000000000e+04
0.000000000000000000e+00
1.300000000000000000e+03
0.000000000000000000e+00
4.889000000000000000e+05
4.933000000000000000e+05
4.933000000000000000e+05
4.756000000000000000e+05
4.993000000000000000e+05
4.723000000000000000e+05
5.137000000000000000e+05
3.215000000000000000e+05
4.902000000000000000e+05
4.519000000000000000e+05
4.923000000000000000e+05
2.770000000000000000e+05
4.962000000000000000e+05
2.416000000000000000e+05
4.070000000000000000e+05
5.980000000000000000e+04
5.084000000000000000e+05
4.213000000000000000e+05
4.996000000000000000e+05
2.181000000000000000e+05
4.929000000000000000e+05
1.740000000000000000e+05
3.804000000000000000e+05
3.110000000000000000e+04
4.767000000000000000e+05
1.288000000000000000e+05
3.372000000000000000e+05
1.510000000000000000e+04
2.936000000000000000e+05
7.700000000000000000e+03
9.330000000000000000e+04
0.000000000000000000e+00
5.012000000000000000e+05
3.574000000000000000e+05
4.871000000000000000e+05
1.380000000000000000e+05
4.672000000000000000e+05
1.073000000000000000e+05
3.053000000000000000e+05
9.900000000000000000e+03
4.518000000000000000e+05
7.220000000000000000e+04
2.608000000000000000e+05
5.200000000000000000e+03
2.215000000000000000e+05
2.800000000000000000e+03
4.830000000000000000e+04
0.000000000000000000e+00
4.215000000000000000e+05
4.380000000000000000e+04
2.025000000000000000e+05
1.000000000000000000e+03
1.580000000000000000e+05
1.100000000000000000e+03
2.830000000000000000e+04
0.000000000000000000e+00
1.169000000000000000e+05
5.000000000000000000e+02
1.390000000000000000e+04
0.000000000000000000e+00
8.100000000000000000e+03
0.000000000000000000e+00
1.000000000000000000e+02
0.000000000000000000e+00
4.978000000000000000e+05
2.859000000000000000e+05
4.402000000000000000e+05
7.680000000000000000e+04
4.266000000000000000e+05
5.420000000000000000e+04
2.159000000000000000e+05
1.800000000000000000e+03
3.887000000000000000e+05
2.990000000000000000e+04
1.710000000000000000e+05
8.000000000000000000e+02
1.404000000000000000e+05
6.000000000000000000e+02
1.760000000000000000e+04
0.000000000000000000e+00
3.336000000000000000e+05
1.770000000000000000e+04
1.178000000000000000e+05
4.000000000000000000e+02
8.110000000000000000e+04
0.000000000000000000e+00
6.100000000000000000e+03
0.000000000000000000e+00
5.650000000000000000e+04
0.000000000000000000e+00
3.100000000000000000e+03
0.000000000000000000e+00
1.800000000000000000e+03
0.000000000000000000e+00
0.000000000000000000e+00
0.000000000000000000e+00
2.547000000000000000e+05
6.900000000000000000e+03
6.990000000000000000e+04
0.000000000000000000e+00
4.050000000000000000e+04
0.000000000000000000e+00
1.700000000000000000e+03
0.000000000000000000e+00
2.760000000000000000e+04
0.000000000000000000e+00
1.400000000000000000e+03
0.000000000000000000e+00
6.000000000000000000e+02
0.000000000000000000e+00
0.000000000000000000e+00
0.000000000000000000e+00
1.620000000000000000e+04
0.000000000000000000e+00
0.000000000000000000e+00
0.000000000000000000e+00
2.000000000000000000e+02
0.000000000000000000e+00
0.000000000000000000e+00
0.000000000000000000e+00
2.000000000000000000e+02
0.000000000000000000e+00
0.000000000000000000e+00
0.000000000000000000e+00
0.000000000000000000e+00
0.000000000000000000e+00
0.000000000000000000e+00
0.000000000000000000e+00
4.943000000000000000e+05
4.956000000000000000e+05
4.983000000000000000e+05
4.215000000000000000e+05
5.054000000000000000e+05
4.072000000000000000e+05
4.893000000000000000e+05
1.989000000000000000e+05
5.099000000000000000e+05
3.643000000000000000e+05
4.869000000000000000e+05
1.493000000000000000e+05
4.688000000000000000e+05
1.153000000000000000e+05
3.052000000000000000e+05
1.190000000000000000e+04
5.057000000000000000e+05
3.067000000000000000e+05
4.667000000000000000e+05
9.640000000000000000e+04
4.489000000000000000e+05
6.810000000000000000e+04
2.615000000000000000e+05
3.100000000000000000e+03
4.244000000000000000e+05
4.710000000000000000e+04
2.068000000000000000e+05
2.100000000000000000e+03
1.646000000000000000e+05
5.000000000000000000e+02
2.820000000000000000e+04
0.000000000000000000e+00
5.025000000000000000e+05
2.249000000000000000e+05
4.305000000000000000e+05
5.070000000000000000e+04
4.012000000000000000e+05
3.570000000000000000e+04
1.838000000000000000e+05
1.300000000000000000e+03
3.500000000000000000e+05
1.700000000000000000e+04
1.432000000000000000e+05
4.000000000000000000e+02
1.079000000000000000e+05
2.000000000000000000e+02
1.150000000000000000e+04
0.000000000000000000e+00
2.895000000000000000e+05
9.000000000000000000e+03
8.830000000000000000e+04
0.000000000000000000e+00
6.200000000000000000e+04
0.000000000000000000e+00
3.900000000000000000e+03
0.000000000000000000e+00
3.640000000000000000e+04
1.000000000000000000e+02
1.200000000000000000e+03
0.000000000000000000e+00
1.100000000000000000e+03
0.000000000000000000e+00
0.000000000000000000e+00
0.000000000000000000e+00
4.846000000000000000e+05
1.524000000000000000e+05
3.563000000000000000e+05
2.170000000000000000e+04
3.155000000000000000e+05
1.400000000000000000e+04
1.045000000000000000e+05
2.000000000000000000e+02
2.584000000000000000e+05
6.200000000000000000e+03
6.670000000000000000e+04
0.000000000000000000e+00
4.660000000000000000e+04
0.000000000000000000e+00
2.000000000000000000e+03
0.000000000000000000e+00
1.965000000000000000e+05
3.300000000000000000e+03
3.860000000000000000e+04
0.000000000000000000e+00
2.580000000000000000e+04
0.000000000000000000e+00
9.000000000000000000e+02
0.000000000000000000e+00
1.300000000000000000e+04
0.000000000000000000e+00
2.000000000000000000e+02
0.000000000000000000e+00
3.000000000000000000e+02
0.000000000000000000e+00
0.000000000000000000e+00
0.000000000000000000e+00
1.316000000000000000e+05
1.500000000000000000e+03
1.860000000000000000e+04
0.000000000000000000e+00
8.800000000000000000e+03
0.000000000000000000e+00
0.000000000000000000e+00
0.000000000000000000e+00
6.800000000000000000e+03
0.000000000000000000e+00
1.000000000000000000e+02
0.000000000000000000e+00
0.000000000000000000e+00
0.000000000000000000e+00
0.000000000000000000e+00
0.000000000000000000e+00
2.700000000000000000e+03
0.000000000000000000e+00
0.000000000000000000e+00
0.000000000000000000e+00
0.000000000000000000e+00
0.000000000000000000e+00
0.000000000000000000e+00
0.000000000000000000e+00
0.000000000000000000e+00
0.000000000000000000e+00
0.000000000000000000e+00
0.000000000000000000e+00
0.000000000000000000e+00
0.000000000000000000e+00
0.000000000000000000e+00
0.000000000000000000e+00
4.479000000000000000e+05
8.830000000000000000e+04
2.477000000000000000e+05
8.100000000000000000e+03
2.065000000000000000e+05
3.600000000000000000e+03
4.640000000000000000e+04
0.000000000000000000e+00
1.602000000000000000e+05
1.700000000000000000e+03
2.550000000000000000e+04
0.000000000000000000e+00
1.710000000000000000e+04
0.000000000000000000e+00
1.000000000000000000e+02
0.000000000000000000e+00
1.086000000000000000e+05
9.000000000000000000e+02
1.180000000000000000e+04
0.000000000000000000e+00
8.600000000000000000e+03
0.000000000000000000e+00
3.000000000000000000e+02
0.000000000000000000e+00
4.200000000000000000e+03
0.000000000000000000e+00
0.000000000000000000e+00
0.000000000000000000e+00
0.000000000000000000e+00
0.000000000000000000e+00
0.000000000000000000e+00
0.000000000000000000e+00
6.630000000000000000e+04
4.000000000000000000e+02
5.900000000000000000e+03
0.000000000000000000e+00
3.200000000000000000e+03
0.000000000000000000e+00
0.000000000000000000e+00
0.000000000000000000e+00
2.000000000000000000e+03
0.000000000000000000e+00
0.000000000000000000e+00
0.000000000000000000e+00
0.000000000000000000e+00
0.000000000000000000e+00
0.000000000000000000e+00
0.000000000000000000e+00
4.000000000000000000e+02
0.000000000000000000e+00
0.000000000000000000e+00
0.000000000000000000e+00
0.000000000000000000e+00
0.000000000000000000e+00
0.000000000000000000e+00
0.000000000000000000e+00
0.000000000000000000e+00
0.000000000000000000e+00
0.000000000000000000e+00
0.000000000000000000e+00
0.000000000000000000e+00
0.000000000000000000e+00
0.000000000000000000e+00
0.000000000000000000e+00
3.530000000000000000e+04
1.000000000000000000e+02
1.100000000000000000e+03
0.000000000000000000e+00
8.000000000000000000e+02
0.000000000000000000e+00
0.000000000000000000e+00
0.000000000000000000e+00
5.000000000000000000e+02
0.000000000000000000e+00
0.000000000000000000e+00
0.000000000000000000e+00
0.000000000000000000e+00
0.000000000000000000e+00
0.000000000000000000e+00
0.000000000000000000e+00
1.000000000000000000e+02
0.000000000000000000e+00
0.000000000000000000e+00
0.000000000000000000e+00
0.000000000000000000e+00
0.000000000000000000e+00
0.000000000000000000e+00
0.000000000000000000e+00
0.000000000000000000e+00
0.000000000000000000e+00
0.000000000000000000e+00
0.000000000000000000e+00
0.000000000000000000e+00
0.000000000000000000e+00
0.000000000000000000e+00
0.000000000000000000e+00
0.000000000000000000e+00
0.000000000000000000e+00
0.000000000000000000e+00
0.000000000000000000e+00
0.000000000000000000e+00
0.000000000000000000e+00
0.000000000000000000e+00
0.000000000000000000e+00
0.000000000000000000e+00
0.000000000000000000e+00
0.000000000000000000e+00
0.000000000000000000e+00
0.000000000000000000e+00
0.000000000000000000e+00
0.000000000000000000e+00
0.000000000000000000e+00
0.000000000000000000e+00
0.000000000000000000e+00
0.000000000000000000e+00
0.000000000000000000e+00
0.000000000000000000e+00
0.000000000000000000e+00
0.000000000000000000e+00
0.000000000000000000e+00
0.000000000000000000e+00
0.000000000000000000e+00
0.000000000000000000e+00
0.000000000000000000e+00
0.000000000000000000e+00
0.000000000000000000e+00
0.000000000000000000e+00
0.000000000000000000e+00
5.000000000000000000e+05
4.841000000000000000e+05
5.025000000000000000e+05
3.232000000000000000e+05
4.977000000000000000e+05
2.792000000000000000e+05
4.419000000000000000e+05
8.820000000000000000e+04
4.966000000000000000e+05
2.265000000000000000e+05
4.049000000000000000e+05
4.620000000000000000e+04
3.852000000000000000e+05
3.250000000000000000e+04
1.709000000000000000e+05
1.200000000000000000e+03
4.853000000000000000e+05
1.657000000000000000e+05
3.673000000000000000e+05
2.410000000000000000e+04
3.285000000000000000e+05
1.480000000000000000e+04
1.170000000000000000e+05
3.000000000000000000e+02
2.772000000000000000e+05
7.600000000000000000e+03
8.100000000000000000e+04
0.000000000000000000e+00
5.900000000000000000e+04
0.000000000000000000e+00
3.900000000000000000e+03
0.000000000000000000e+00
4.717000000000000000e+05
1.060000000000000000e+05
2.971000000000000000e+05
1.190000000000000000e+04
2.444000000000000000e+05
5.000000000000000000e+03
6.290000000000000000e+04
0.000000000000000000e+00
1.956000000000000000e+05
2.000000000000000000e+03
3.750000000000000000e+04
0.000000000000000000e+00
2.540000000000000000e+04
0.000000000000000000e+00
2.000000000000000000e+02
0.000000000000000000e+00
1.427000000000000000e+05
9.000000000000000000e+02
2.260000000000000000e+04
1.000000000000000000e+02
1.390000000000000000e+04
0.000000000000000000e+00
2.000000000000000000e+02
0.000000000000000000e+00
7.700000000000000000e+03
0.000000000000000000e+00
0.000000000000000000e+00
0.000000000000000000e+00
0.000000000000000000e+00
0.000000000000000000e+00
0.000000000000000000e+00
0.000000000000000000e+00
4.248000000000000000e+05
5.780000000000000000e+04
1.972000000000000000e+05
2.800000000000000000e+03
1.625000000000000000e+05
1.300000000000000000e+03
2.570000000000000000e+04
0.000000000000000000e+00
1.145000000000000000e+05
8.000000000000000000e+02
1.190000000000000000e+04
0.000000000000000000e+00
8.800000000000000000e+03
0.000000000000000000e+00
2.000000000000000000e+02
0.000000000000000000e+00
7.610000000000000000e+04
1.000000000000000000e+02
6.800000000000000000e+03
0.000000000000000000e+00
3.200000000000000000e+03
0.000000000000000000e+00
0.000000000000000000e+00
0.000000000000000000e+00
2.000000000000000000e+03
0.000000000000000000e+00
0.000000000000000000e+00
0.000000000000000000e+00
0.000000000000000000e+00
0.000000000000000000e+00
0.000000000000000000e+00
0.000000000000000000e+00
4.580000000000000000e+04
1.000000000000000000e+02
2.100000000000000000e+03
0.000000000000000000e+00
1.800000000000000000e+03
0.000000000000000000e+00
0.000000000000000000e+00
0.000000000000000000e+00
8.000000000000000000e+02
0.000000000000000000e+00
0.000000000000000000e+00
0.000000000000000000e+00
0.000000000000000000e+00
0.000000000000000000e+00
0.000000000000000000e+00
0.000000000000000000e+00
6.000000000000000000e+02
0.000000000000000000e+00
0.000000000000000000e+00
0.000000000000000000e+00
0.000000000000000000e+00
0.000000000000000000e+00
0.000000000000000000e+00
0.000000000000000000e+00
0.000000000000000000e+00
0.000000000000000000e+00
0.000000000000000000e+00
0.000000000000000000e+00
0.000000000000000000e+00
0.000000000000000000e+00
0.000000000000000000e+00
0.000000000000000000e+00
3.430000000000000000e+05
2.810000000000000000e+04
1.185000000000000000e+05
4.000000000000000000e+02
8.420000000000000000e+04
5.000000000000000000e+02
9.000000000000000000e+03
0.000000000000000000e+00
5.660000000000000000e+04
1.000000000000000000e+02
3.800000000000000000e+03
0.000000000000000000e+00
2.100000000000000000e+03
0.000000000000000000e+00
0.000000000000000000e+00
0.000000000000000000e+00
3.650000000000000000e+04
2.000000000000000000e+02
2.300000000000000000e+03
0.000000000000000000e+00
6.000000000000000000e+02
0.000000000000000000e+00
0.000000000000000000e+00
0.000000000000000000e+00
4.000000000000000000e+02
0.000000000000000000e+00
0.000000000000000000e+00
0.000000000000000000e+00
0.000000000000000000e+00
0.000000000000000000e+00
0.000000000000000000e+00
0.000000000000000000e+00
1.700000000000000000e+04
0.000000000000000000e+00
8.000000000000000000e+02
0.000000000000000000e+00
2.000000000000000000e+02
0.000000000000000000e+00
0.000000000000000000e+00
0.000000000000000000e+00
5.000000000000000000e+02
0.000000000000000000e+00
0.000000000000000000e+00
0.000000000000000000e+00
0.000000000000000000e+00
0.000000000000000000e+00
0.000000000000000000e+00
0.000000000000000000e+00
0.000000000000000000e+00
0.000000000000000000e+00
0.000000000000000000e+00
0.000000000000000000e+00
0.000000000000000000e+00
0.000000000000000000e+00
0.000000000000000000e+00
0.000000000000000000e+00
0.000000000000000000e+00
0.000000000000000000e+00
0.000000000000000000e+00
0.000000000000000000e+00
0.000000000000000000e+00
0.000000000000000000e+00
0.000000000000000000e+00
0.000000000000000000e+00
1.160000000000000000e+04
0.000000000000000000e+00
2.000000000000000000e+02
0.000000000000000000e+00
3.000000000000000000e+02
0.000000000000000000e+00
0.000000000000000000e+00
0.000000000000000000e+00
0.000000000000000000e+00
0.000000000000000000e+00
0.000000000000000000e+00
0.000000000000000000e+00
0.000000000000000000e+00
0.000000000000000000e+00
0.000000000000000000e+00
0.000000000000000000e+00
0.000000000000000000e+00
0.000000000000000000e+00
0.000000000000000000e+00
0.000000000000000000e+00
0.000000000000000000e+00
0.000000000000000000e+00
0.000000000000000000e+00
0.000000000000000000e+00
0.000000000000000000e+00
0.000000000000000000e+00
0.000000000000000000e+00
0.000000000000000000e+00
0.000000000000000000e+00
0.000000000000000000e+00
0.000000000000000000e+00
0.000000000000000000e+00
0.000000000000000000e+00
0.000000000000000000e+00
0.000000000000000000e+00
0.000000000000000000e+00
0.000000000000000000e+00
0.000000000000000000e+00
0.000000000000000000e+00
0.000000000000000000e+00
0.000000000000000000e+00
0.000000000000000000e+00
0.000000000000000000e+00
0.000000000000000000e+00
0.000000000000000000e+00
0.000000000000000000e+00
0.000000000000000000e+00
0.000000000000000000e+00
0.000000000000000000e+00
0.000000000000000000e+00
0.000000000000000000e+00
0.000000000000000000e+00
0.000000000000000000e+00
0.000000000000000000e+00
0.000000000000000000e+00
0.000000000000000000e+00
0.000000000000000000e+00
0.000000000000000000e+00
0.000000000000000000e+00
0.000000000000000000e+00
0.000000000000000000e+00
0.000000000000000000e+00
0.000000000000000000e+00
0.000000000000000000e+00
2.429000000000000000e+05
1.210000000000000000e+04
5.370000000000000000e+04
0.000000000000000000e+00
3.970000000000000000e+04
1.000000000000000000e+02
1.300000000000000000e+03
0.000000000000000000e+00
2.560000000000000000e+04
0.000000000000000000e+00
9.000000000000000000e+02
0.000000000000000000e+00
3.000000000000000000e+02
0.000000000000000000e+00
0.000000000000000000e+00
0.000000000000000000e+00
1.520000000000000000e+04
0.000000000000000000e+00
1.000000000000000000e+02
0.000000000000000000e+00
1.000000000000000000e+02
0.000000000000000000e+00
0.000000000000000000e+00
0.000000000000000000e+00
0.000000000000000000e+00
0.000000000000000000e+00
0.000000000000000000e+00
0.000000000000000000e+00
0.000000000000000000e+00
0.000000000000000000e+00
0.000000000000000000e+00
0.000000000000000000e+00
8.400000000000000000e+03
0.000000000000000000e+00
1.000000000000000000e+02
0.000000000000000000e+00
3.000000000000000000e+02
0.000000000000000000e+00
0.000000000000000000e+00
0.000000000000000000e+00
0.000000000000000000e+00
0.000000000000000000e+00
0.000000000000000000e+00
0.000000000000000000e+00
0.000000000000000000e+00
0.000000000000000000e+00
0.000000000000000000e+00
0.000000000000000000e+00
0.000000000000000000e+00
0.000000000000000000e+00
0.000000000000000000e+00
0.000000000000000000e+00
0.000000000000000000e+00
0.000000000000000000e+00
0.000000000000000000e+00
0.000000000000000000e+00
0.000000000000000000e+00
0.000000000000000000e+00
0.000000000000000000e+00
0.000000000000000000e+00
0.000000000000000000e+00
0.000000000000000000e+00
0.000000000000000000e+00
0.000000000000000000e+00
3.400000000000000000e+03
0.000000000000000000e+00
0.000000000000000000e+00
0.000000000000000000e+00
1.000000000000000000e+02
0.000000000000000000e+00
0.000000000000000000e+00
0.000000000000000000e+00
0.000000000000000000e+00
0.000000000000000000e+00
0.000000000000000000e+00
0.000000000000000000e+00
0.000000000000000000e+00
0.000000000000000000e+00
0.000000000000000000e+00
0.000000000000000000e+00
0.000000000000000000e+00
0.000000000000000000e+00
0.000000000000000000e+00
0.000000000000000000e+00
0.000000000000000000e+00
0.000000000000000000e+00
0.000000000000000000e+00
0.000000000000000000e+00
0.000000000000000000e+00
0.000000000000000000e+00
0.000000000000000000e+00
0.000000000000000000e+00
0.000000000000000000e+00
0.000000000000000000e+00
0.000000000000000000e+00
0.000000000000000000e+00
0.000000000000000000e+00
0.000000000000000000e+00
0.000000000000000000e+00
0.000000000000000000e+00
0.000000000000000000e+00
0.000000000000000000e+00
0.000000000000000000e+00
0.000000000000000000e+00
0.000000000000000000e+00
0.000000000000000000e+00
0.000000000000000000e+00
0.000000000000000000e+00
0.000000000000000000e+00
0.000000000000000000e+00
0.000000000000000000e+00
0.000000000000000000e+00
0.000000000000000000e+00
0.000000000000000000e+00
0.000000000000000000e+00
0.000000000000000000e+00
0.000000000000000000e+00
0.000000000000000000e+00
0.000000000000000000e+00
0.000000000000000000e+00
0.000000000000000000e+00
0.000000000000000000e+00
0.000000000000000000e+00
0.000000000000000000e+00
0.000000000000000000e+00
0.000000000000000000e+00
0.000000000000000000e+00
0.000000000000000000e+00
2.400000000000000000e+03
0.000000000000000000e+00
0.000000000000000000e+00
0.000000000000000000e+00
0.000000000000000000e+00
0.000000000000000000e+00
0.000000000000000000e+00
0.000000000000000000e+00
0.000000000000000000e+00
0.000000000000000000e+00
0.000000000000000000e+00
0.000000000000000000e+00
0.000000000000000000e+00
0.000000000000000000e+00
0.000000000000000000e+00
0.000000000000000000e+00
0.000000000000000000e+00
0.000000000000000000e+00
0.000000000000000000e+00
0.000000000000000000e+00
0.000000000000000000e+00
0.000000000000000000e+00
0.000000000000000000e+00
0.000000000000000000e+00
0.000000000000000000e+00
0.000000000000000000e+00
0.000000000000000000e+00
0.000000000000000000e+00
0.000000000000000000e+00
0.000000000000000000e+00
0.000000000000000000e+00
0.000000000000000000e+00
0.000000000000000000e+00
0.000000000000000000e+00
0.000000000000000000e+00
0.000000000000000000e+00
0.000000000000000000e+00
0.000000000000000000e+00
0.000000000000000000e+00
0.000000000000000000e+00
0.000000000000000000e+00
0.000000000000000000e+00
0.000000000000000000e+00
0.000000000000000000e+00
0.000000000000000000e+00
0.000000000000000000e+00
0.000000000000000000e+00
0.000000000000000000e+00
0.000000000000000000e+00
0.000000000000000000e+00
0.000000000000000000e+00
0.000000000000000000e+00
0.000000000000000000e+00
0.000000000000000000e+00
0.000000000000000000e+00
0.000000000000000000e+00
0.000000000000000000e+00
0.000000000000000000e+00
0.000000000000000000e+00
0.000000000000000000e+00
0.000000000000000000e+00
0.000000000000000000e+00
0.000000000000000000e+00
0.000000000000000000e+00
0.000000000000000000e+00
0.000000000000000000e+00
0.000000000000000000e+00
0.000000000000000000e+00
0.000000000000000000e+00
0.000000000000000000e+00
0.000000000000000000e+00
0.000000000000000000e+00
0.000000000000000000e+00
0.000000000000000000e+00
0.000000000000000000e+00
0.000000000000000000e+00
0.000000000000000000e+00
0.000000000000000000e+00
0.000000000000000000e+00
0.000000000000000000e+00
0.000000000000000000e+00
0.000000000000000000e+00
0.000000000000000000e+00
0.000000000000000000e+00
0.000000000000000000e+00
0.000000000000000000e+00
0.000000000000000000e+00
0.000000000000000000e+00
0.000000000000000000e+00
0.000000000000000000e+00
0.000000000000000000e+00
0.000000000000000000e+00
0.000000000000000000e+00
0.000000000000000000e+00
0.000000000000000000e+00
0.000000000000000000e+00
0.000000000000000000e+00
0.000000000000000000e+00
0.000000000000000000e+00
0.000000000000000000e+00
0.000000000000000000e+00
0.000000000000000000e+00
0.000000000000000000e+00
0.000000000000000000e+00
0.000000000000000000e+00
0.000000000000000000e+00
0.000000000000000000e+00
0.000000000000000000e+00
0.000000000000000000e+00
0.000000000000000000e+00
0.000000000000000000e+00
0.000000000000000000e+00
0.000000000000000000e+00
0.000000000000000000e+00
0.000000000000000000e+00
0.000000000000000000e+00
0.000000000000000000e+00
0.000000000000000000e+00
0.000000000000000000e+00
0.000000000000000000e+00
0.000000000000000000e+00
0.000000000000000000e+00
0.000000000000000000e+00
0.000000000000000000e+00
0.000000000000000000e+00
0.000000000000000000e+00
0.000000000000000000e+00
0.000000000000000000e+00
