4.840000000000000000e+04
4.830000000000000000e+04
4.890000000000000000e+04
5.070000000000000000e+04
5.130000000000000000e+04
4.760000000000000000e+04
4.980000000000000000e+04
4.980000000000000000e+04
4.930000000000000000e+04
4.700000000000000000e+04
5.170000000000000000e+04
5.040000000000000000e+04
4.820000000000000000e+04
5.080000000000000000e+04
5.110000000000000000e+04
5.070000000000000000e+04
5.020000000000000000e+04
4.900000000000000000e+04
4.890000000000000000e+04
5.100000000000000000e+04
5.130000000000000000e+04
5.310000000000000000e+04
4.870000000000000000e+04
5.080000000000000000e+04
4.860000000000000000e+04
5.070000000000000000e+04
5.150000000000000000e+04
4.890000000000000000e+04
4.810000000000000000e+04
5.060000000000000000e+04
5.020000000000000000e+04
5.010000000000000000e+04
4.940000000000000000e+04
4.750000000000000000e+04
4.760000000000000000e+04
4.890000000000000000e+04
5.080000000000000000e+04
5.030000000000000000e+04
5.070000000000000000e+04
5.040000000000000000e+04
5.320000000000000000e+04
4.930000000000000000e+04
5.230000000000000000e+04
4.970000000000000000e+04
5.210000000000000000e+04
4.930000000000000000e+04
4.940000000000000000e+04
4.770000000000000000e+04
5.110000000000000000e+04
5.120000000000000000e+04
4.810000000000000000e+04
4.980000000000000000e+04
4.970000000000000000e+04
5.200000000000000000e+04
4.840000000000000000e+04
4.700000000000000000e+04
5.020000000000000000e+04
4.850000000000000000e+04
5.100000000000000000e+04
4.810000000000000000e+04
5.050000000000000000e+04
4.570000000000000000e+04
4.820000000000000000e+04
3.340000000000000000e+04
5.170000000000000000e+04
5.100000000000000000e+04
5.000000000000000000e+04
4.840000000000000000e+04
5.030000000000000000e+04
5.330000000000000000e+04
4.870000000000000000e+04
4.860000000000000000e+04
5.150000000000000000e+04
4.650000000000000000e+04
5.100000000000000000e+04
5.150000000000000000e+04
4.750000000000000000e+04
4.920000000000000000e+04
5.120000000000000000e+04
4.890000000000000000e+04
4.930000000000000000e+04
4.810000000000000000e+04
4.680000000000000000e+04
4.980000000000000000e+04
5.010000000000000000e+04
5.060000000000000000e+04
4.840000000000000000e+04
4.870000000000000000e+04
4.870000000000000000e+04
5.000000000000000000e+04
5.140000000000000000e+04
4.610000000000000000e+04
4.880000000000000000e+04
4.340000000000000000e+04
4.690000000000000000e+04
2.490000000000000000e+04
4.830000000000000000e+04
5.150000000000000000e+04
4.870000000000000000e+04
4.860000000000000000e+04
4.590000000000000000e+04
4.950000000000000000e+04
4.890000000000000000e+04
4.590000000000000000e+04
5.310000000000000000e+04
4.800000000000000000e+04
4.780000000000000000e+04
4.360000000000000000e+04
5.170000000000000000e+04
4.470000000000000000e+04
4.860000000000000000e+04
2.020000000000000000e+04
5.120000000000000000e+04
4.800000000000000000e+04
5.030000000000000000e+04
4.050000000000000000e+04
4.810000000000000000e+04
3.660000000000000000e+04
5.110000000000000000e+04
1.590000000000000000e+04
4.870000000000000000e+04
3.050000000000000000e+04
4.910000000000000000e+04
1.050000000000000000e+04
4.810000000000000000e+04
6.600000000000000000e+03
3.650000000000000000e+04
1.000000000000000000e+03
5.260000000000000000e+04
5.140000000000000000e+04
4.880000000000000000e+04
5.100000000000000000e+04
5.110000000000000000e+04
4.860000000000000000e+04
5.160000000000000000e+04
5.160000000000000000e+04
4.850000000000000000e+04
4.730000000000000000e+04
5.130000000000000000e+04
4.970000000000000000e+04
5.000000000000000000e+04
5.220000000000000000e+04
5.070000000000000000e+04
4.870000000000000000e+04
4.920000000000000000e+04
5.040000000000000000e+04
5.120000000000000000e+04
4.820000000000000000e+04
5.360000000000000000e+04
4.930000000000000000e+04
5.190000000000000000e+04
4.230000000000000000e+04
5.300000000000000000e+04
5.110000000000000000e+04
5.200000000000000000e+04
4.020000000000000000e+04
4.960000000000000000e+04
4.010000000000000000e+04
4.920000000000000000e+04
2.020000000000000000e+04
5.000000000000000000e+04
5.090000000000000000e+04
5.090000000000000000e+04
4.990000000000000000e+04
4.850000000000000000e+04
4.840000000000000000e+04
4.960000000000000000e+04
3.980000000000000000e+04
4.960000000000000000e+04
4.750000000000000000e+04
4.860000000000000000e+04
3.720000000000000000e+04
5.160000000000000000e+04
3.500000000000000000e+04
4.860000000000000000e+04
1.340000000000000000e+04
5.080000000000000000e+04
4.590000000000000000e+04
4.840000000000000000e+04
3.080000000000000000e+04
4.700000000000000000e+04
2.780000000000000000e+04
4.840000000000000000e+04
9.300000000000000000e+03
4.820000000000000000e+04
2.270000000000000000e+04
4.870000000000000000e+04
6.200000000000000000e+03
4.760000000000000000e+04
3.500000000000000000e+03
3.080000000000000000e+04
2.000000000000000000e+02
4.880000000000000000e+04
4.960000000000000000e+04
5.080000000000000000e+04
5.000000000000000000e+04
5.070000000000000000e+04
4.480000000000000000e+04
5.060000000000000000e+04
3.050000000000000000e+04
5.130000000000000000e+04
4.390000000000000000e+04
5.040000000000000000e+04
2.940000000000000000e+04
5.180000000000000000e+04
2.510000000000000000e+04
4.780000000000000000e+04
5.600000000000000000e+03
5.090000000000000000e+04
4.270000000000000000e+04
5.180000000000000000e+04
2.110000000000000000e+04
5.260000000000000000e+04
1.660000000000000000e+04
4.830000000000000000e+04
3.600000000000000000e+03
5.180000000000000000e+04
1.310000000000000000e+04
4.590000000000000000e+04
2.100000000000000000e+03
4.520000000000000000e+04
1.000000000000000000e+03
2.800000000000000000e+04
0.000000000000000000e+00
5.210000000000000000e+04
3.830000000000000000e+04
4.890000000000000000e+04
1.600000000000000000e+04
5.030000000000000000e+04
1.030000000000000000e+04
4.370000000000000000e+04
1.300000000000000000e+03
4.680000000000000000e+04
7.600000000000000000e+03
4.020000000000000000e+04
8.000000000000000000e+02
4.280000000000000000e+04
4.000000000000000000e+02
2.010000000000000000e+04
0.000000000000000000e+00
4.760000000000000000e+04
5.800000000000000000e+03
4.220000000000000000e+04
3.000000000000000000e+02
3.820000000000000000e+04
2.000000000000000000e+02
1.670000000000000000e+04
0.000000000000000000e+00
3.460000000000000000e+04
0.000000000000000000e+00
1.260000000000000000e+04
0.000000000000000000e+00
7.800000000000000000e+03
0.000000000000000000e+00
6.000000000000000000e+02
0.000000000000000000e+00
4.920000000000000000e+04
4.950000000000000000e+04
4.900000000000000000e+04
5.000000000000000000e+04
4.990000000000000000e+04
5.090000000000000000e+04
5.140000000000000000e+04
4.880000000000000000e+04
5.150000000000000000e+04
4.900000000000000000e+04
4.880000000000000000e+04
4.830000000000000000e+04
5.160000000000000000e+04
4.710000000000000000e+04
5.310000000000000000e+04
4.340000000000000000e+04
4.920000000000000000e+04
4.870000000000000000e+04
4.960000000000000000e+04
4.850000000000000000e+04
5.090000000000000000e+04
4.760000000000000000e+04
5.160000000000000000e+04
3.490000000000000000e+04
4.910000000000000000e+04
4.820000000000000000e+04
5.160000000000000000e+04
3.370000000000000000e+04
4.910000000000000000e+04
2.710000000000000000e+04
4.900000000000000000e+04
8.100000000000000000e+03
5.030000000000000000e+04
5.180000000000000000e+04
4.990000000000000000e+04
4.710000000000000000e+04
5.040000000000000000e+04
4.550000000000000000e+04
4.870000000000000000e+04
3.010000000000000000e+04
5.000000000000000000e+04
4.220000000000000000e+04
4.950000000000000000e+04
2.190000000000000000e+04
5.130000000000000000e+04
2.000000000000000000e+04
4.830000000000000000e+04
4.400000000000000000e+03
4.890000000000000000e+04
3.550000000000000000e+04
5.010000000000000000e+04
1.880000000000000000e+04
4.920000000000000000e+04
1.440000000000000000e+04
4.710000000000000000e+04
1.400000000000000000e+03
4.810000000000000000e+04
1.130000000000000000e+04
4.480000000000000000e+04
8.000000000000000000e+02
4.120000000000000000e+04
5.000000000000000000e+02
2.590000000000000000e+04
0.000000000000000000e+00
4.860000000000000000e+04
5.020000000000000000e+04
5.220000000000000000e+04
4.370000000000000000e+04
5.260000000000000000e+04
3.820000000000000000e+04
5.210000000000000000e+04
1.910000000000000000e+04
4.950000000000000000e+04
3.820000000000000000e+04
4.690000000000000000e+04
1.500000000000000000e+04
5.040000000000000000e+04
1.150000000000000000e+04
4.340000000000000000e+04
1.300000000000000000e+03
5.010000000000000000e+04
3.110000000000000000e+04
5.170000000000000000e+04
1.100000000000000000e+04
5.270000000000000000e+04
8.100000000000000000e+03
4.240000000000000000e+04
8.000000000000000000e+02
5.040000000000000000e+04
5.000000000000000000e+03
4.020000000000000000e+04
3.000000000000000000e+02
3.720000000000000000e+04
3.000000000000000000e+02
1.960000000000000000e+04
0.000000000000000000e+00
5.390000000000000000e+04
2.300000000000000000e+04
5.190000000000000000e+04
4.600000000000000000e+03
5.080000000000000000e+04
4.500000000000000000e+03
3.970000000000000000e+04
0.000000000000000000e+00
4.670000000000000000e+04
2.100000000000000000e+03
3.350000000000000000e+04
1.000000000000000000e+02
3.340000000000000000e+04
0.000000000000000000e+00
1.200000000000000000e+04
0.000000000000000000e+00
5.030000000000000000e+04
2.100000000000000000e+03
3.280000000000000000e+04
0.000000000000000000e+00
2.700000000000000000e+04
1.000000000000000000e+02
7.000000000000000000e+03
0.000000000000000000e+00
2.310000000000000000e+04
0.000000000000000000e+00
5.800000000000000000e+03
0.000000000000000000e+00
3.200000000000000000e+03
0.000000000000000000e+00
4.000000000000000000e+02
0.000000000000000000e+00
5.130000000000000000e+04
5.090000000000000000e+04
5.240000000000000000e+04
3.430000000000000000e+04
5.150000000000000000e+04
2.910000000000000000e+04
4.890000000000000000e+04
1.020000000000000000e+04
5.050000000000000000e+04
2.720000000000000000e+04
5.100000000000000000e+04
9.200000000000000000e+03
4.840000000000000000e+04
6.600000000000000000e+03
3.970000000000000000e+04
2.000000000000000000e+02
4.750000000000000000e+04
2.150000000000000000e+04
4.560000000000000000e+04
4.700000000000000000e+03
5.150000000000000000e+04
2.600000000000000000e+03
3.600000000000000000e+04
0.000000000000000000e+00
4.950000000000000000e+04
2.100000000000000000e+03
3.290000000000000000e+04
0.000000000000000000e+00
2.930000000000000000e+04
0.000000000000000000e+00
1.090000000000000000e+04
0.000000000000000000e+00
4.910000000000000000e+04
1.560000000000000000e+04
4.630000000000000000e+04
2.300000000000000000e+03
4.510000000000000000e+04
1.000000000000000000e+03
2.840000000000000000e+04
0.000000000000000000e+00
4.710000000000000000e+04
9.000000000000000000e+02
2.840000000000000000e+04
0.000000000000000000e+00
2.350000000000000000e+04
0.000000000000000000e+00
6.600000000000000000e+03
0.000000000000000000e+00
4.090000000000000000e+04
8.000000000000000000e+02
1.990000000000000000e+04
1.000000000000000000e+02
1.610000000000000000e+04
0.000000000000000000e+00
2.900000000000000000e+03
0.000000000000000000e+00
1.140000000000000000e+04
0.000000000000000000e+00
2.000000000000000000e+03
0.000000000000000000e+00
8.000000000000000000e+02
0.000000000000000000e+00
0.000000000000000000e+00
0.000000000000000000e+00
4.960000000000000000e+04
1.030000000000000000e+04
4.730000000000000000e+04
1.300000000000000000e+03
4.250000000000000000e+04
8.000000000000000000e+02
2.050000000000000000e+04
0.000000000000000000e+00
4.050000000000000000e+04
6.000000000000000000e+02
2.030000000000000000e+04
0.000000000000000000e+00
1.320000000000000000e+04
0.000000000000000000e+00
3.300000000000000000e+03
0.000000000000000000e+00
3.520000000000000000e+04
2.000000000000000000e+02
1.270000000000000000e+04
0.000000000000000000e+00
9.300000000000000000e+03
0.000000000000000000e+00
1.000000000000000000e+03
0.000000000000000000e+00
7.000000000000000000e+03
0.000000000000000000e+00
2.000000000000000000e+02
0.000000000000000000e+00
1.000000000000000000e+02
0.000000000000000000e+00
0.000000000000000000e+00
0.000000000000000000e+00
2.500000000000000000e+04
1.000000000000000000e+02
7.900000000000000000e+03
0.000000000000000000e+00
5.000000000000000000e+03
0.000000000000000000e+00
4.000000000000000000e+02
0.000000000000000000e+00
2.800000000000000000e+03
0.000000000000000000e+00
0.000000000000000000e+00
0.000000000000000000e+00
0.000000000000000000e+00
0.000000000000000000e+00
0.000000000000000000e+00
0.000000000000000000e+00
1.000000000000000000e+03
0.000000000000000000e+00
0.000000000000000000e+00
0.000000000000000000e+00
1.000000000000000000e+02
0.000000000000000000e+00
0.000000000000000000e+00
0.000000000000000000e+00
0.000000000000000000e+00
0.000000000000000000e+00
0.000000000000000000e+00
0.000000000000000000e+00
0.000000000000000000e+00
0.000000000000000000e+00
0.000000000000000000e+00
0.000000000000000000e+00
