5.006000000000000000e+05
5.031000000000000000e+05
4.889000000000000000e+05
5.069000000000000000e+05
4.977000000000000000e+05
4.916000000000000000e+05
5.039000000000000000e+05
4.949000000000000000e+05
4.978000000000000000e+05
5.017000000000000000e+05
5.021000000000000000e+05
5.059000000000000000e+05
4.991000000000000000e+05
4.961000000000000000e+05
5.019000000000000000e+05
5.039000000000000000e+05
4.971000000000000000e+05
4.974000000000000000e+05
5.020000000000000000e+05
4.964000000000000000e+05
4.921000000000000000e+05
4.980000000000000000e+05
4.930000000000000000e+05
5.085000000000000000e+05
5.008000000000000000e+05
4.951000000000000000e+05
4.978000000000000000e+05
4.996000000000000000e+05
5.009000000000000000e+05
4.963000000000000000e+05
5.002000000000000000e+05
4.511000000000000000e+05
4.961000000000000000e+05
4.989000000000000000e+05
5.027000000000000000e+05
5.023000000000000000e+05
4.987000000000000000e+05
4.914000000000000000e+05
4.996000000000000000e+05
4.963000000000000000e+05
4.998000000000000000e+05
5.026000000000000000e+05
5.023000000000000000e+05
4.928000000000000000e+05
4.991000000000000000e+05
4.920000000000000000e+05
5.095000000000000000e+05
4.272000000000000000e+05
5.037000000000000000e+05
4.927000000000000000e+05
4.964000000000000000e+05
5.026000000000000000e+05
4.960000000000000000e+05
4.939000000000000000e+05
4.930000000000000000e+05
4.039000000000000000e+05
4.928000000000000000e+05
4.878000000000000000e+05
5.026000000000000000e+05
3.789000000000000000e+05
5.049000000000000000e+05
3.516000000000000000e+05
4.609000000000000000e+05
1.335000000000000000e+05
5.096000000000000000e+05
4.948000000000000000e+05
5.037000000000000000e+05
5.083000000000000000e+05
5.022000000000000000e+05
4.990000000000000000e+05
5.018000000000000000e+05
5.051000000000000000e+05
5.056000000000000000e+05
5.019000000000000000e+05
4.947000000000000000e+05
4.930000000000000000e+05
5.002000000000000000e+05
4.899000000000000000e+05
4.992000000000000000e+05
3.947000000000000000e+05
4.992000000000000000e+05
4.934000000000000000e+05
5.022000000000000000e+05
4.848000000000000000e+05
4.994000000000000000e+05
4.882000000000000000e+05
4.996000000000000000e+05
3.421000000000000000e+05
4.926000000000000000e+05
4.605000000000000000e+05
4.917000000000000000e+05
3.055000000000000000e+05
4.921000000000000000e+05
2.658000000000000000e+05
4.482000000000000000e+05
7.440000000000000000e+04
4.972000000000000000e+05
5.013000000000000000e+05
5.008000000000000000e+05
4.570000000000000000e+05
4.971000000000000000e+05
4.575000000000000000e+05
5.030000000000000000e+05
2.797000000000000000e+05
5.000000000000000000e+05
4.198000000000000000e+05
5.072000000000000000e+05
2.298000000000000000e+05
4.994000000000000000e+05
1.935000000000000000e+05
4.162000000000000000e+05
3.820000000000000000e+04
5.001000000000000000e+05
3.862000000000000000e+05
4.970000000000000000e+05
1.730000000000000000e+05
4.863000000000000000e+05
1.323000000000000000e+05
3.857000000000000000e+05
1.750000000000000000e+04
4.800000000000000000e+05
9.260000000000000000e+04
3.439000000000000000e+05
7.600000000000000000e+03
3.071000000000000000e+05
3.600000000000000000e+03
1.064000000000000000e+05
0.000000000000000000e+00
4.964000000000000000e+05
4.979000000000000000e+05
5.007000000000000000e+05
4.934000000000000000e+05
5.082000000000000000e+05
4.971000000000000000e+05
5.068000000000000000e+05
4.716000000000000000e+05
4.987000000000000000e+05
4.886000000000000000e+05
4.966000000000000000e+05
4.644000000000000000e+05
5.004000000000000000e+05
4.648000000000000000e+05
4.978000000000000000e+05
2.907000000000000000e+05
4.966000000000000000e+05
5.034000000000000000e+05
5.066000000000000000e+05
4.500000000000000000e+05
4.994000000000000000e+05
4.417000000000000000e+05
5.053000000000000000e+05
2.452000000000000000e+05
4.997000000000000000e+05
4.015000000000000000e+05
4.948000000000000000e+05
1.895000000000000000e+05
4.911000000000000000e+05
1.518000000000000000e+05
3.898000000000000000e+05
2.240000000000000000e+04
5.051000000000000000e+05
4.982000000000000000e+05
4.963000000000000000e+05
3.968000000000000000e+05
4.988000000000000000e+05
3.721000000000000000e+05
4.884000000000000000e+05
1.592000000000000000e+05
5.016000000000000000e+05
3.307000000000000000e+05
4.789000000000000000e+05
1.170000000000000000e+05
4.857000000000000000e+05
8.910000000000000000e+04
3.389000000000000000e+05
8.200000000000000000e+03
5.039000000000000000e+05
2.696000000000000000e+05
4.755000000000000000e+05
7.200000000000000000e+04
4.676000000000000000e+05
5.370000000000000000e+04
3.071000000000000000e+05
2.900000000000000000e+03
4.403000000000000000e+05
3.160000000000000000e+04
2.572000000000000000e+05
1.100000000000000000e+03
2.193000000000000000e+05
2.000000000000000000e+02
5.070000000000000000e+04
0.000000000000000000e+00
4.959000000000000000e+05
4.702000000000000000e+05
4.996000000000000000e+05
3.341000000000000000e+05
4.945000000000000000e+05
2.928000000000000000e+05
4.784000000000000000e+05
8.320000000000000000e+04
5.005000000000000000e+05
2.393000000000000000e+05
4.645000000000000000e+05
5.590000000000000000e+04
4.492000000000000000e+05
3.940000000000000000e+04
2.818000000000000000e+05
1.400000000000000000e+03
5.000000000000000000e+05
1.752000000000000000e+05
4.521000000000000000e+05
2.810000000000000000e+04
4.212000000000000000e+05
2.020000000000000000e+04
2.260000000000000000e+05
3.000000000000000000e+02
3.914000000000000000e+05
1.080000000000000000e+04
1.819000000000000000e+05
1.000000000000000000e+02
1.386000000000000000e+05
0.000000000000000000e+00
1.960000000000000000e+04
0.000000000000000000e+00
5.012000000000000000e+05
1.133000000000000000e+05
4.043000000000000000e+05
1.320000000000000000e+04
3.685000000000000000e+05
7.300000000000000000e+03
1.611000000000000000e+05
0.000000000000000000e+00
3.223000000000000000e+05
3.500000000000000000e+03
1.121000000000000000e+05
0.000000000000000000e+00
8.690000000000000000e+04
0.000000000000000000e+00
8.000000000000000000e+03
0.000000000000000000e+00
2.599000000000000000e+05
1.600000000000000000e+03
7.260000000000000000e+04
0.000000000000000000e+00
4.560000000000000000e+04
0.000000000000000000e+00
2.400000000000000000e+03
0.000000000000000000e+00
2.890000000000000000e+04
0.000000000000000000e+00
1.300000000000000000e+03
0.000000000000000000e+00
8.000000000000000000e+02
0.000000000000000000e+00
0.000000000000000000e+00
0.000000000000000000e+00
5.014000000000000000e+05
5.000000000000000000e+05
4.947000000000000000e+05
4.991000000000000000e+05
4.921000000000000000e+05
4.858000000000000000e+05
5.084000000000000000e+05
4.258000000000000000e+05
4.961000000000000000e+05
5.007000000000000000e+05
5.037000000000000000e+05
3.983000000000000000e+05
4.894000000000000000e+05
3.772000000000000000e+05
4.912000000000000000e+05
1.624000000000000000e+05
4.995000000000000000e+05
4.869000000000000000e+05
4.984000000000000000e+05
3.539000000000000000e+05
4.959000000000000000e+05
3.230000000000000000e+05
4.854000000000000000e+05
1.069000000000000000e+05
4.918000000000000000e+05
2.651000000000000000e+05
4.792000000000000000e+05
7.980000000000000000e+04
4.698000000000000000e+05
4.930000000000000000e+04
3.061000000000000000e+05
3.400000000000000000e+03
4.928000000000000000e+05
4.616000000000000000e+05
4.955000000000000000e+05
2.774000000000000000e+05
5.031000000000000000e+05
2.469000000000000000e+05
4.729000000000000000e+05
5.640000000000000000e+04
4.960000000000000000e+05
1.839000000000000000e+05
4.550000000000000000e+05
3.540000000000000000e+04
4.417000000000000000e+05
2.170000000000000000e+04
2.510000000000000000e+05
4.000000000000000000e+02
5.012000000000000000e+05
1.268000000000000000e+05
4.191000000000000000e+05
1.880000000000000000e+04
3.951000000000000000e+05
1.050000000000000000e+04
1.962000000000000000e+05
0.000000000000000000e+00
3.536000000000000000e+05
5.100000000000000000e+03
1.442000000000000000e+05
1.000000000000000000e+02
1.052000000000000000e+05
0.000000000000000000e+00
1.280000000000000000e+04
0.000000000000000000e+00
5.027000000000000000e+05
3.994000000000000000e+05
4.973000000000000000e+05
1.890000000000000000e+05
5.009000000000000000e+05
1.466000000000000000e+05
4.284000000000000000e+05
2.510000000000000000e+04
4.953000000000000000e+05
1.055000000000000000e+05
4.018000000000000000e+05
9.900000000000000000e+03
3.848000000000000000e+05
6.800000000000000000e+03
1.609000000000000000e+05
0.000000000000000000e+00
4.838000000000000000e+05
6.820000000000000000e+04
3.649000000000000000e+05
4.400000000000000000e+03
3.234000000000000000e+05
2.700000000000000000e+03
1.150000000000000000e+05
1.000000000000000000e+02
2.730000000000000000e+05
8.000000000000000000e+02
7.760000000000000000e+04
0.000000000000000000e+00
5.210000000000000000e+04
0.000000000000000000e+00
2.400000000000000000e+03
0.000000000000000000e+00
4.500000000000000000e+05
3.730000000000000000e+04
2.880000000000000000e+05
1.200000000000000000e+03
2.459000000000000000e+05
1.000000000000000000e+03
6.480000000000000000e+04
0.000000000000000000e+00
1.923000000000000000e+05
1.100000000000000000e+03
3.800000000000000000e+04
0.000000000000000000e+00
2.430000000000000000e+04
0.000000000000000000e+00
9.000000000000000000e+02
0.000000000000000000e+00
1.374000000000000000e+05
0.000000000000000000e+00
1.750000000000000000e+04
0.000000000000000000e+00
1.190000000000000000e+04
0.000000000000000000e+00
0.000000000000000000e+00
0.000000000000000000e+00
5.900000000000000000e+03
0.000000000000000000e+00
0.000000000000000000e+00
0.000000000000000000e+00
0.000000000000000000e+00
0.000000000000000000e+00
0.000000000000000000e+00
0.000000000000000000e+00
5.008000000000000000e+05
3.125000000000000000e+05
4.889000000000000000e+05
9.870000000000000000e+04
4.853000000000000000e+05
7.280000000000000000e+04
3.555000000000000000e+05
6.100000000000000000e+03
4.699000000000000000e+05
5.020000000000000000e+04
3.161000000000000000e+05
1.800000000000000000e+03
2.786000000000000000e+05
1.600000000000000000e+03
8.140000000000000000e+04
0.000000000000000000e+00
4.434000000000000000e+05
2.940000000000000000e+04
2.509000000000000000e+05
8.000000000000000000e+02
2.065000000000000000e+05
2.000000000000000000e+02
4.590000000000000000e+04
0.000000000000000000e+00
1.624000000000000000e+05
1.000000000000000000e+02
2.670000000000000000e+04
0.000000000000000000e+00
1.760000000000000000e+04
0.000000000000000000e+00
1.000000000000000000e+02
0.000000000000000000e+00
3.932000000000000000e+05
1.270000000000000000e+04
1.816000000000000000e+05
4.000000000000000000e+02
1.402000000000000000e+05
1.000000000000000000e+02
2.200000000000000000e+04
0.000000000000000000e+00
1.020000000000000000e+05
1.000000000000000000e+02
1.120000000000000000e+04
0.000000000000000000e+00
7.200000000000000000e+03
0.000000000000000000e+00
2.000000000000000000e+02
0.000000000000000000e+00
5.980000000000000000e+04
0.000000000000000000e+00
4.900000000000000000e+03
0.000000000000000000e+00
2.600000000000000000e+03
0.000000000000000000e+00
1.000000000000000000e+02
0.000000000000000000e+00
1.400000000000000000e+03
0.000000000000000000e+00
0.000000000000000000e+00
0.000000000000000000e+00
0.000000000000000000e+00
0.000000000000000000e+00
0.000000000000000000e+00
0.000000000000000000e+00
3.124000000000000000e+05
8.000000000000000000e+03
1.113000000000000000e+05
0.000000000000000000e+00
7.410000000000000000e+04
0.000000000000000000e+00
6.300000000000000000e+03
0.000000000000000000e+00
4.910000000000000000e+04
0.000000000000000000e+00
2.500000000000000000e+03
0.000000000000000000e+00
1.100000000000000000e+03
0.000000000000000000e+00
0.000000000000000000e+00
0.000000000000000000e+00
2.940000000000000000e+04
0.000000000000000000e+00
1.100000000000000000e+03
0.000000000000000000e+00
6.000000000000000000e+02
0.000000000000000000e+00
0.000000000000000000e+00
0.000000000000000000e+00
2.000000000000000000e+02
0.000000000000000000e+00
0.000000000000000000e+00
0.000000000000000000e+00
0.000000000000000000e+00
0.000000000000000000e+00
0.000000000000000000e+00
0.000000000000000000e+00
1.630000000000000000e+04
0.000000000000000000e+00
4.000000000000000000e+02
0.000000000000000000e+00
2.000000000000000000e+02
0.000000000000000000e+00
0.000000000000000000e+00
0.000000000000000000e+00
0.000000000000000000e+00
0.000000000000000000e+00
0.000000000000000000e+00
0.000000000000000000e+00
0.000000000000000000e+00
0.000000000000000000e+00
0.000000000000000000e+00
0.000000000000000000e+00
1.000000000000000000e+02
0.000000000000000000e+00
0.000000000000000000e+00
0.000000000000000000e+00
0.000000000000000000e+00
0.000000000000000000e+00
0.000000000000000000e+00
0.000000000000000000e+00
0.000000000000000000e+00
0.000000000000000000e+00
0.000000000000000000e+00
0.000000000000000000e+00
0.000000000000000000e+00
0.000000000000000000e+00
0.000000000000000000e+00
0.000000000000000000e+00
4.916000000000000000e+05
4.963000000000000000e+05
5.000000000000000000e+05
4.799000000000000000e+05
5.045000000000000000e+05
4.666000000000000000e+05
5.069000000000000000e+05
3.122000000000000000e+05
5.005000000000000000e+05
4.488000000000000000e+05
5.102000000000000000e+05
2.604000000000000000e+05
4.993000000000000000e+05
2.213000000000000000e+05
4.522000000000000000e+05
5.020000000000000000e+04
4.864000000000000000e+05
4.100000000000000000e+05
4.898000000000000000e+05
2.013000000000000000e+05
4.930000000000000000e+05
1.619000000000000000e+05
4.343000000000000000e+05
2.410000000000000000e+04
5.016000000000000000e+05
1.163000000000000000e+05
3.961000000000000000e+05
1.190000000000000000e+04
3.777000000000000000e+05
7.700000000000000000e+03
1.737000000000000000e+05
0.000000000000000000e+00
5.048000000000000000e+05
3.411000000000000000e+05
4.977000000000000000e+05
1.277000000000000000e+05
4.868000000000000000e+05
9.560000000000000000e+04
3.892000000000000000e+05
1.030000000000000000e+04
4.776000000000000000e+05
6.150000000000000000e+04
3.488000000000000000e+05
4.200000000000000000e+03
3.184000000000000000e+05
1.400000000000000000e+03
1.120000000000000000e+05
0.000000000000000000e+00
4.644000000000000000e+05
3.790000000000000000e+04
2.954000000000000000e+05
1.400000000000000000e+03
2.588000000000000000e+05
1.400000000000000000e+03
6.990000000000000000e+04
1.000000000000000000e+02
2.097000000000000000e+05
4.000000000000000000e+02
4.270000000000000000e+04
0.000000000000000000e+00
2.740000000000000000e+04
0.000000000000000000e+00
1.100000000000000000e+03
0.000000000000000000e+00
4.965000000000000000e+05
2.493000000000000000e+05
4.787000000000000000e+05
6.770000000000000000e+04
4.637000000000000000e+05
4.420000000000000000e+04
3.166000000000000000e+05
1.500000000000000000e+03
4.622000000000000000e+05
2.680000000000000000e+04
2.685000000000000000e+05
9.000000000000000000e+02
2.271000000000000000e+05
4.000000000000000000e+02
5.530000000000000000e+04
0.000000000000000000e+00
4.167000000000000000e+05
1.600000000000000000e+04
2.060000000000000000e+05
0.000000000000000000e+00
1.651000000000000000e+05
1.000000000000000000e+02
2.940000000000000000e+04
0.000000000000000000e+00
1.180000000000000000e+05
0.000000000000000000e+00
1.540000000000000000e+04
0.000000000000000000e+00
8.300000000000000000e+03
0.000000000000000000e+00
0.000000000000000000e+00
0.000000000000000000e+00
3.509000000000000000e+05
7.800000000000000000e+03
1.344000000000000000e+05
0.000000000000000000e+00
1.042000000000000000e+05
0.000000000000000000e+00
1.190000000000000000e+04
0.000000000000000000e+00
6.850000000000000000e+04
0.000000000000000000e+00
3.900000000000000000e+03
0.000000000000000000e+00
3.200000000000000000e+03
0.000000000000000000e+00
0.000000000000000000e+00
0.000000000000000000e+00
4.260000000000000000e+04
0.000000000000000000e+00
2.100000000000000000e+03
0.000000000000000000e+00
1.600000000000000000e+03
0.000000000000000000e+00
0.000000000000000000e+00
0.000000000000000000e+00
4.000000000000000000e+02
0.000000000000000000e+00
0.000000000000000000e+00
0.000000000000000000e+00
0.000000000000000000e+00
0.000000000000000000e+00
0.000000000000000000e+00
0.000000000000000000e+00
4.968000000000000000e+05
1.618000000000000000e+05
4.421000000000000000e+05
2.770000000000000000e+04
4.237000000000000000e+05
1.600000000000000000e+04
2.163000000000000000e+05
2.000000000000000000e+02
3.808000000000000000e+05
9.700000000000000000e+03
1.692000000000000000e+05
2.000000000000000000e+02
1.277000000000000000e+05
0.000000000000000000e+00
1.750000000000000000e+04
0.000000000000000000e+00
3.227000000000000000e+05
5.800000000000000000e+03
1.127000000000000000e+05
0.000000000000000000e+00
8.020000000000000000e+04
1.000000000000000000e+02
6.600000000000000000e+03
0.000000000000000000e+00
5.410000000000000000e+04
0.000000000000000000e+00
3.500000000000000000e+03
0.000000000000000000e+00
2.100000000000000000e+03
0.000000000000000000e+00
0.000000000000000000e+00
0.000000000000000000e+00
2.479000000000000000e+05
1.300000000000000000e+03
6.140000000000000000e+04
0.000000000000000000e+00
3.990000000000000000e+04
0.000000000000000000e+00
1.500000000000000000e+03
0.000000000000000000e+00
2.680000000000000000e+04
0.000000000000000000e+00
6.000000000000000000e+02
0.000000000000000000e+00
5.000000000000000000e+02
0.000000000000000000e+00
0.000000000000000000e+00
0.000000000000000000e+00
1.690000000000000000e+04
0.000000000000000000e+00
6.000000000000000000e+02
0.000000000000000000e+00
0.000000000000000000e+00
0.000000000000000000e+00
0.000000000000000000e+00
0.000000000000000000e+00
1.000000000000000000e+02
0.000000000000000000e+00
0.000000000000000000e+00
0.000000000000000000e+00
0.000000000000000000e+00
0.000000000000000000e+00
0.000000000000000000e+00
0.000000000000000000e+00
1.671000000000000000e+05
1.100000000000000000e+03
3.310000000000000000e+04
0.000000000000000000e+00
1.940000000000000000e+04
0.000000000000000000e+00
9.000000000000000000e+02
0.000000000000000000e+00
1.210000000000000000e+04
0.000000000000000000e+00
0.000000000000000000e+00
0.000000000000000000e+00
2.000000000000000000e+02
0.000000000000000000e+00
0.000000000000000000e+00
0.000000000000000000e+00
6.400000000000000000e+03
0.000000000000000000e+00
0.000000000000000000e+00
0.000000000000000000e+00
0.000000000000000000e+00
0.000000000000000000e+00
0.000000000000000000e+00
0.000000000000000000e+00
0.000000000000000000e+00
0.000000000000000000e+00
0.000000000000000000e+00
0.000000000000000000e+00
0.000000000000000000e+00
0.000000000000000000e+00
0.000000000000000000e+00
0.000000000000000000e+00
3.300000000000000000e+03
0.000000000000000000e+00
0.000000000000000000e+00
0.000000000000000000e+00
0.000000000000000000e+00
0.000000000000000000e+00
0.000000000000000000e+00
0.000000000000000000e+00
0.000000000000000000e+00
0.000000000000000000e+00
0.000000000000000000e+00
0.000000000000000000e+00
0.000000000000000000e+00
0.000000000000000000e+00
0.000000000000000000e+00
0.000000000000000000e+00
0.000000000000000000e+00
0.000000000000000000e+00
0.000000000000000000e+00
0.000000000000000000e+00
0.000000000000000000e+00
0.000000000000000000e+00
0.000000000000000000e+00
0.000000000000000000e+00
0.000000000000000000e+00
0.000000000000000000e+00
0.000000000000000000e+00
0.000000000000000000e+00
0.000000000000000000e+00
0.000000000000000000e+00
0.000000000000000000e+00
0.000000000000000000e+00
4.746000000000000000e+05
1.000000000000000000e+05
3.554000000000000000e+05
9.900000000000000000e+03
3.204000000000000000e+05
5.100000000000000000e+03
1.045000000000000000e+05
0.000000000000000000e+00
2.593000000000000000e+05
2.600000000000000000e+03
7.290000000000000000e+04
0.000000000000000000e+00
5.080000000000000000e+04
0.000000000000000000e+00
3.100000000000000000e+03
0.000000000000000000e+00
2.115000000000000000e+05
8.000000000000000000e+02
4.490000000000000000e+04
0.000000000000000000e+00
2.690000000000000000e+04
0.000000000000000000e+00
7.000000000000000000e+02
0.000000000000000000e+00
1.640000000000000000e+04
0.000000000000000000e+00
2.000000000000000000e+02
0.000000000000000000e+00
1.000000000000000000e+02
0.000000000000000000e+00
0.000000000000000000e+00
0.000000000000000000e+00
1.387000000000000000e+05
4.000000000000000000e+02
1.950000000000000000e+04
0.000000000000000000e+00
1.150000000000000000e+04
0.000000000000000000e+00
4.000000000000000000e+02
0.000000000000000000e+00
9.200000000000000000e+03
0.000000000000000000e+00
0.000000000000000000e+00
0.000000000000000000e+00
0.000000000000000000e+00
0.000000000000000000e+00
0.000000000000000000e+00
0.000000000000000000e+00
3.800000000000000000e+03
0.000000000000000000e+00
0.000000000000000000e+00
0.000000000000000000e+00
0.000000000000000000e+00
0.000000000000000000e+00
0.000000000000000000e+00
0.000000000000000000e+00
0.000000000000000000e+00
0.000000000000000000e+00
0.000000000000000000e+00
0.000000000000000000e+00
0.000000000000000000e+00
0.000000000000000000e+00
0.000000000000000000e+00
0.000000000000000000e+00
8.850000000000000000e+04
0.000000000000000000e+00
7.800000000000000000e+03
0.000000000000000000e+00
4.500000000000000000e+03
0.000000000000000000e+00
0.000000000000000000e+00
0.000000000000000000e+00
2.700000000000000000e+03
0.000000000000000000e+00
0.000000000000000000e+00
0.000000000000000000e+00
0.000000000000000000e+00
0.000000000000000000e+00
0.000000000000000000e+00
0.000000000000000000e+00
1.700000000000000000e+03
0.000000000000000000e+00
0.000000000000000000e+00
0.000000000000000000e+00
0.000000000000000000e+00
0.000000000000000000e+00
0.000000000000000000e+00
0.000000000000000000e+00
0.000000000000000000e+00
0.000000000000000000e+00
0.000000000000000000e+00
0.000000000000000000e+00
0.000000000000000000e+00
0.000000000000000000e+00
0.000000000000000000e+00
0.000000000000000000e+00
1.400000000000000000e+03
0.000000000000000000e+00
0.000000000000000000e+00
0.000000000000000000e+00
0.000000000000000000e+00
0.000000000000000000e+00
0.000000000000000000e+00
0.000000000000000000e+00
0.000000000000000000e+00
0.000000000000000000e+00
0.000000000000000000e+00
0.000000000000000000e+00
0.000000000000000000e+00
0.000000000000000000e+00
0.000000000000000000e+00
0.000000000000000000e+00
0.000000000000000000e+00
0.000000000000000000e+00
0.000000000000000000e+00
0.000000000000000000e+00
0.000000000000000000e+00
0.000000000000000000e+00
0.000000000000000000e+00
0.000000000000000000e+00
0.000000000000000000e+00
0.000000000000000000e+00
0.000000000000000000e+00
0.000000000000000000e+00
0.000000000000000000e+00
0.000000000000000000e+00
0.000000000000000000e+00
0.000000000000000000e+00
4.650000000000000000e+04
0.000000000000000000e+00
3.900000000000000000e+03
0.000000000000000000e+00
2.800000000000000000e+03
0.000000000000000000e+00
0.000000000000000000e+00
0.000000000000000000e+00
4.000000000000000000e+02
0.000000000000000000e+00
0.000000000000000000e+00
0.000000000000000000e+00
0.000000000000000000e+00
0.000000000000000000e+00
0.000000000000000000e+00
0.000000000000000000e+00
4.000000000000000000e+02
0.000000000000000000e+00
0.000000000000000000e+00
0.000000000000000000e+00
0.000000000000000000e+00
0.000000000000000000e+00
0.000000000000000000e+00
0.000000000000000000e+00
0.000000000000000000e+00
0.000000000000000000e+00
0.000000000000000000e+00
0.000000000000000000e+00
0.000000000000000000e+00
0.000000000000000000e+00
0.000000000000000000e+00
0.000000000000000000e+00
1.000000000000000000e+02
0.000000000000000000e+00
0.000000000000000000e+00
0.000000000000000000e+00
0.000000000000000000e+00
0.000000000000000000e+00
0.000000000000000000e+00
0.000000000000000000e+00
0.000000000000000000e+00
0.000000000000000000e+00
0.000000000000000000e+00
0.000000000000000000e+00
0.000000000000000000e+00
0.000000000000000000e+00
0.000000000000000000e+00
0.000000000000000000e+00
0.000000000000000000e+00
0.000000000000000000e+00
0.000000000000000000e+00
0.000000000000000000e+00
0.000000000000000000e+00
0.000000000000000000e+00
0.000000000000000000e+00
0.000000000000000000e+00
0.000000000000000000e+00
0.000000000000000000e+00
0.000000000000000000e+00
0.000000000000000000e+00
0.000000000000000000e+00
0.000000000000000000e+00
0.000000000000000000e+00
0.000000000000000000e+00
1.000000000000000000e+02
0.000000000000000000e+00
0.000000000000000000e+00
0.000000000000000000e+00
0.000000000000000000e+00
0.000000000000000000e+00
0.000000000000000000e+00
0.000000000000000000e+00
0.000000000000000000e+00
0.000000000000000000e+00
0.000000000000000000e+00
0.000000000000000000e+00
0.000000000000000000e+00
0.000000000000000000e+00
0.000000000000000000e+00
0.000000000000000000e+00
0.000000000000000000e+00
0.000000000000000000e+00
0.000000000000000000e+00
0.000000000000000000e+00
0.000000000000000000e+00
0.000000000000000000e+00
0.000000000000000000e+00
0.000000000000000000e+00
0.000000000000000000e+00
0.000000000000000000e+00
0.000000000000000000e+00
0.000000000000000000e+00
0.000000000000000000e+00
0.000000000000000000e+00
0.000000000000000000e+00
0.000000000000000000e+00
0.000000000000000000e+00
0.000000000000000000e+00
0.000000000000000000e+00
0.000000000000000000e+00
0.000000000000000000e+00
0.000000000000000000e+00
0.000000000000000000e+00
0.000000000000000000e+00
0.000000000000000000e+00
0.000000000000000000e+00
0.000000000000000000e+00
0.000000000000000000e+00
0.000000000000000000e+00
0.000000000000000000e+00
0.000000000000000000e+00
0.000000000000000000e+00
0.000000000000000000e+00
0.000000000000000000e+00
0.000000000000000000e+00
0.000000000000000000e+00
0.000000000000000000e+00
0.000000000000000000e+00
0.000000000000000000e+00
0.000000000000000000e+00
0.000000000000000000e+00
0.000000000000000000e+00
0.000000000000000000e+00
0.000000000000000000e+00
0.000000000000000000e+00
0.000000000000000000e+00
0.000000000000000000e+00
0.000000000000000000e+00
