5.050000000000000000e+05
4.974000000000000000e+05
5.035000000000000000e+05
5.061000000000000000e+05
4.979000000000000000e+05
4.954000000000000000e+05
5.049000000000000000e+05
5.007000000000000000e+05
4.973000000000000000e+05
5.013000000000000000e+05
5.092000000000000000e+05
5.001000000000000000e+05
5.012000000000000000e+05
5.029000000000000000e+05
4.965000000000000000e+05
5.009000000000000000e+05
5.030000000000000000e+05
4.971000000000000000e+05
5.017000000000000000e+05
5.063000000000000000e+05
4.975000000000000000e+05
5.084000000000000000e+05
5.053000000000000000e+05
4.938000000000000000e+05
5.008000000000000000e+05
5.050000000000000000e+05
5.012000000000000000e+05
5.013000000000000000e+05
5.008000000000000000e+05
5.008000000000000000e+05
4.972000000000000000e+05
4.804000000000000000e+05
5.002000000000000000e+05
4.967000000000000000e+05
4.966000000000000000e+05
5.038000000000000000e+05
4.942000000000000000e+05
5.004000000000000000e+05
4.957000000000000000e+05
4.946000000000000000e+05
5.033000000000000000e+05
5.066000000000000000e+05
4.965000000000000000e+05
5.050000000000000000e+05
4.915000000000000000e+05
4.966000000000000000e+05
5.027000000000000000e+05
4.694000000000000000e+05
5.033000000000000000e+05
4.996000000000000000e+05
5.063000000000000000e+05
4.964000000000000000e+05
5.051000000000000000e+05
4.980000000000000000e+05
4.983000000000000000e+05
4.698000000000000000e+05
5.040000000000000000e+05
4.948000000000000000e+05
5.035000000000000000e+05
4.441000000000000000e+05
5.089000000000000000e+05
4.357000000000000000e+05
4.992000000000000000e+05
2.498000000000000000e+05
4.989000000000000000e+05
5.079000000000000000e+05
5.004000000000000000e+05
5.010000000000000000e+05
4.919000000000000000e+05
5.081000000000000000e+05
5.020000000000000000e+05
5.031000000000000000e+05
5.008000000000000000e+05
4.983000000000000000e+05
5.002000000000000000e+05
4.949000000000000000e+05
5.010000000000000000e+05
4.895000000000000000e+05
4.951000000000000000e+05
4.476000000000000000e+05
5.003000000000000000e+05
4.974000000000000000e+05
5.034000000000000000e+05
5.002000000000000000e+05
4.966000000000000000e+05
5.083000000000000000e+05
4.916000000000000000e+05
4.371000000000000000e+05
5.023000000000000000e+05
4.921000000000000000e+05
4.998000000000000000e+05
4.143000000000000000e+05
4.994000000000000000e+05
3.870000000000000000e+05
4.915000000000000000e+05
1.834000000000000000e+05
5.044000000000000000e+05
4.966000000000000000e+05
5.061000000000000000e+05
4.931000000000000000e+05
5.039000000000000000e+05
4.969000000000000000e+05
5.019000000000000000e+05
3.978000000000000000e+05
5.023000000000000000e+05
4.874000000000000000e+05
5.013000000000000000e+05
3.675000000000000000e+05
5.010000000000000000e+05
3.315000000000000000e+05
4.822000000000000000e+05
1.245000000000000000e+05
5.026000000000000000e+05
4.683000000000000000e+05
4.997000000000000000e+05
3.045000000000000000e+05
5.018000000000000000e+05
2.695000000000000000e+05
4.794000000000000000e+05
7.780000000000000000e+04
4.999000000000000000e+05
2.176000000000000000e+05
4.700000000000000000e+05
4.850000000000000000e+04
4.568000000000000000e+05
3.270000000000000000e+04
2.924000000000000000e+05
1.600000000000000000e+03
5.074000000000000000e+05
5.022000000000000000e+05
4.990000000000000000e+05
4.994000000000000000e+05
5.071000000000000000e+05
5.123000000000000000e+05
4.883000000000000000e+05
4.917000000000000000e+05
5.007000000000000000e+05
5.043000000000000000e+05
5.009000000000000000e+05
4.895000000000000000e+05
5.004000000000000000e+05
4.925000000000000000e+05
4.922000000000000000e+05
3.970000000000000000e+05
5.121000000000000000e+05
5.002000000000000000e+05
5.013000000000000000e+05
4.864000000000000000e+05
5.033000000000000000e+05
4.874000000000000000e+05
5.001000000000000000e+05
3.694000000000000000e+05
5.008000000000000000e+05
4.724000000000000000e+05
4.933000000000000000e+05
3.308000000000000000e+05
4.993000000000000000e+05
2.992000000000000000e+05
4.818000000000000000e+05
9.850000000000000000e+04
5.028000000000000000e+05
4.949000000000000000e+05
5.113000000000000000e+05
4.757000000000000000e+05
4.946000000000000000e+05
4.746000000000000000e+05
4.969000000000000000e+05
3.178000000000000000e+05
5.014000000000000000e+05
4.581000000000000000e+05
4.925000000000000000e+05
2.693000000000000000e+05
5.007000000000000000e+05
2.229000000000000000e+05
4.785000000000000000e+05
4.990000000000000000e+04
5.025000000000000000e+05
4.049000000000000000e+05
4.986000000000000000e+05
2.071000000000000000e+05
5.023000000000000000e+05
1.598000000000000000e+05
4.674000000000000000e+05
2.710000000000000000e+04
4.991000000000000000e+05
1.121000000000000000e+05
4.532000000000000000e+05
1.550000000000000000e+04
4.225000000000000000e+05
8.200000000000000000e+03
2.388000000000000000e+05
1.000000000000000000e+02
5.005000000000000000e+05
4.881000000000000000e+05
5.001000000000000000e+05
4.424000000000000000e+05
5.041000000000000000e+05
4.187000000000000000e+05
5.090000000000000000e+05
2.238000000000000000e+05
4.976000000000000000e+05
3.858000000000000000e+05
5.045000000000000000e+05
1.722000000000000000e+05
4.974000000000000000e+05
1.470000000000000000e+05
4.539000000000000000e+05
1.930000000000000000e+04
4.949000000000000000e+05
3.323000000000000000e+05
5.067000000000000000e+05
1.191000000000000000e+05
4.968000000000000000e+05
9.110000000000000000e+04
4.248000000000000000e+05
8.900000000000000000e+03
4.925000000000000000e+05
5.620000000000000000e+04
4.005000000000000000e+05
4.200000000000000000e+03
3.823000000000000000e+05
2.600000000000000000e+03
1.733000000000000000e+05
0.000000000000000000e+00
5.071000000000000000e+05
2.538000000000000000e+05
4.901000000000000000e+05
6.790000000000000000e+04
5.048000000000000000e+05
4.550000000000000000e+04
3.830000000000000000e+05
2.300000000000000000e+03
4.890000000000000000e+05
2.920000000000000000e+04
3.558000000000000000e+05
6.000000000000000000e+02
3.328000000000000000e+05
6.000000000000000000e+02
1.152000000000000000e+05
0.000000000000000000e+00
4.708000000000000000e+05
1.730000000000000000e+04
3.068000000000000000e+05
3.000000000000000000e+02
2.642000000000000000e+05
1.000000000000000000e+02
7.550000000000000000e+04
0.000000000000000000e+00
2.171000000000000000e+05
0.000000000000000000e+00
4.650000000000000000e+04
0.000000000000000000e+00
3.310000000000000000e+04
0.000000000000000000e+00
6.000000000000000000e+02
0.000000000000000000e+00
4.939000000000000000e+05
4.897000000000000000e+05
5.017000000000000000e+05
4.917000000000000000e+05
4.995000000000000000e+05
4.931000000000000000e+05
5.044000000000000000e+05
4.818000000000000000e+05
4.934000000000000000e+05
4.977000000000000000e+05
5.071000000000000000e+05
4.677000000000000000e+05
5.081000000000000000e+05
4.724000000000000000e+05
4.985000000000000000e+05
2.997000000000000000e+05
5.074000000000000000e+05
5.000000000000000000e+05
4.933000000000000000e+05
4.499000000000000000e+05
5.007000000000000000e+05
4.370000000000000000e+05
5.020000000000000000e+05
2.535000000000000000e+05
5.036000000000000000e+05
4.165000000000000000e+05
4.882000000000000000e+05
2.071000000000000000e+05
4.998000000000000000e+05
1.641000000000000000e+05
4.533000000000000000e+05
2.840000000000000000e+04
4.987000000000000000e+05
4.897000000000000000e+05
5.061000000000000000e+05
4.213000000000000000e+05
5.003000000000000000e+05
3.944000000000000000e+05
4.991000000000000000e+05
1.747000000000000000e+05
5.023000000000000000e+05
3.480000000000000000e+05
5.034000000000000000e+05
1.349000000000000000e+05
4.990000000000000000e+05
9.790000000000000000e+04
4.293000000000000000e+05
9.800000000000000000e+03
5.086000000000000000e+05
2.909000000000000000e+05
4.946000000000000000e+05
8.300000000000000000e+04
4.914000000000000000e+05
6.280000000000000000e+04
4.111000000000000000e+05
5.700000000000000000e+03
4.862000000000000000e+05
3.490000000000000000e+04
3.829000000000000000e+05
2.000000000000000000e+03
3.609000000000000000e+05
8.000000000000000000e+02
1.500000000000000000e+05
0.000000000000000000e+00
4.974000000000000000e+05
4.911000000000000000e+05
4.910000000000000000e+05
3.502000000000000000e+05
4.989000000000000000e+05
3.126000000000000000e+05
5.009000000000000000e+05
1.049000000000000000e+05
4.885000000000000000e+05
2.590000000000000000e+05
4.882000000000000000e+05
6.800000000000000000e+04
4.853000000000000000e+05
4.990000000000000000e+04
3.921000000000000000e+05
1.800000000000000000e+03
5.098000000000000000e+05
1.861000000000000000e+05
4.878000000000000000e+05
3.960000000000000000e+04
4.932000000000000000e+05
2.370000000000000000e+04
3.684000000000000000e+05
2.000000000000000000e+02
4.638000000000000000e+05
1.350000000000000000e+04
3.290000000000000000e+05
3.000000000000000000e+02
2.800000000000000000e+05
1.000000000000000000e+02
9.320000000000000000e+04
0.000000000000000000e+00
4.896000000000000000e+05
1.266000000000000000e+05
4.666000000000000000e+05
1.960000000000000000e+04
4.629000000000000000e+05
9.900000000000000000e+03
3.029000000000000000e+05
1.000000000000000000e+02
4.477000000000000000e+05
6.900000000000000000e+03
2.509000000000000000e+05
0.000000000000000000e+00
2.160000000000000000e+05
0.000000000000000000e+00
4.710000000000000000e+04
0.000000000000000000e+00
4.145000000000000000e+05
3.300000000000000000e+03
1.934000000000000000e+05
0.000000000000000000e+00
1.573000000000000000e+05
0.000000000000000000e+00
2.230000000000000000e+04
0.000000000000000000e+00
1.029000000000000000e+05
0.000000000000000000e+00
1.150000000000000000e+04
0.000000000000000000e+00
6.600000000000000000e+03
0.000000000000000000e+00
0.000000000000000000e+00
0.000000000000000000e+00
4.960000000000000000e+05
4.386000000000000000e+05
5.046000000000000000e+05
2.411000000000000000e+05
5.053000000000000000e+05
1.993000000000000000e+05
4.826000000000000000e+05
4.410000000000000000e+04
4.945000000000000000e+05
1.549000000000000000e+05
4.724000000000000000e+05
2.240000000000000000e+04
4.618000000000000000e+05
1.500000000000000000e+04
3.208000000000000000e+05
1.000000000000000000e+02
5.009000000000000000e+05
9.540000000000000000e+04
4.590000000000000000e+05
1.140000000000000000e+04
4.455000000000000000e+05
6.100000000000000000e+03
2.738000000000000000e+05
0.000000000000000000e+00
4.303000000000000000e+05
3.200000000000000000e+03
2.262000000000000000e+05
0.000000000000000000e+00
1.870000000000000000e+05
0.000000000000000000e+00
3.550000000000000000e+04
0.000000000000000000e+00
4.911000000000000000e+05
6.770000000000000000e+04
4.366000000000000000e+05
4.600000000000000000e+03
4.083000000000000000e+05
3.100000000000000000e+03
1.930000000000000000e+05
0.000000000000000000e+00
3.657000000000000000e+05
1.300000000000000000e+03
1.513000000000000000e+05
0.000000000000000000e+00
1.162000000000000000e+05
0.000000000000000000e+00
1.400000000000000000e+04
0.000000000000000000e+00
3.157000000000000000e+05
1.000000000000000000e+03
9.990000000000000000e+04
0.000000000000000000e+00
7.100000000000000000e+04
0.000000000000000000e+00
6.200000000000000000e+03
0.000000000000000000e+00
4.640000000000000000e+04
0.000000000000000000e+00
3.500000000000000000e+03
0.000000000000000000e+00
1.700000000000000000e+03
0.000000000000000000e+00
0.000000000000000000e+00
0.000000000000000000e+00
4.882000000000000000e+05
3.560000000000000000e+04
3.623000000000000000e+05
1.000000000000000000e+03
3.421000000000000000e+05
4.000000000000000000e+02
1.222000000000000000e+05
0.000000000000000000e+00
2.777000000000000000e+05
6.000000000000000000e+02
8.310000000000000000e+04
0.000000000000000000e+00
5.320000000000000000e+04
0.000000000000000000e+00
4.000000000000000000e+03
0.000000000000000000e+00
2.176000000000000000e+05
2.000000000000000000e+02
4.800000000000000000e+04
0.000000000000000000e+00
3.360000000000000000e+04
0.000000000000000000e+00
9.000000000000000000e+02
0.000000000000000000e+00
1.910000000000000000e+04
0.000000000000000000e+00
7.000000000000000000e+02
0.000000000000000000e+00
1.000000000000000000e+02
0.000000000000000000e+00
0.000000000000000000e+00
0.000000000000000000e+00
1.460000000000000000e+05
0.000000000000000000e+00
2.210000000000000000e+04
0.000000000000000000e+00
1.330000000000000000e+04
0.000000000000000000e+00
5.000000000000000000e+02
0.000000000000000000e+00
7.900000000000000000e+03
0.000000000000000000e+00
2.000000000000000000e+02
0.000000000000000000e+00
1.000000000000000000e+02
0.000000000000000000e+00
0.000000000000000000e+00
0.000000000000000000e+00
4.600000000000000000e+03
0.000000000000000000e+00
1.000000000000000000e+02
0.000000000000000000e+00
1.000000000000000000e+02
0.000000000000000000e+00
0.000000000000000000e+00
0.000000000000000000e+00
0.000000000000000000e+00
0.000000000000000000e+00
0.000000000000000000e+00
0.000000000000000000e+00
0.000000000000000000e+00
0.000000000000000000e+00
0.000000000000000000e+00
0.000000000000000000e+00
