4.978000000000000000e+05
5.059000000000000000e+05
5.025000000000000000e+05
5.065000000000000000e+05
4.970000000000000000e+05
5.087000000000000000e+05
5.058000000000000000e+05
4.993000000000000000e+05
4.995000000000000000e+05
5.030000000000000000e+05
5.034000000000000000e+05
5.075000000000000000e+05
5.032000000000000000e+05
4.981000000000000000e+05
4.968000000000000000e+05
4.799000000000000000e+05
4.942000000000000000e+05
5.010000000000000000e+05
5.021000000000000000e+05
4.941000000000000000e+05
5.078000000000000000e+05
4.982000000000000000e+05
4.935000000000000000e+05
4.886000000000000000e+05
4.983000000000000000e+05
5.074000000000000000e+05
4.953000000000000000e+05
4.699000000000000000e+05
5.009000000000000000e+05
4.559000000000000000e+05
4.901000000000000000e+05
3.066000000000000000e+05
4.994000000000000000e+05
4.962000000000000000e+05
5.083000000000000000e+05
4.966000000000000000e+05
4.923000000000000000e+05
5.021000000000000000e+05
5.071000000000000000e+05
4.698000000000000000e+05
4.973000000000000000e+05
5.079000000000000000e+05
4.993000000000000000e+05
4.509000000000000000e+05
4.916000000000000000e+05
4.383000000000000000e+05
4.857000000000000000e+05
2.467000000000000000e+05
5.042000000000000000e+05
4.965000000000000000e+05
4.967000000000000000e+05
4.260000000000000000e+05
5.006000000000000000e+05
4.053000000000000000e+05
4.804000000000000000e+05
1.919000000000000000e+05
4.991000000000000000e+05
3.588000000000000000e+05
4.719000000000000000e+05
1.403000000000000000e+05
4.657000000000000000e+05
1.087000000000000000e+05
3.065000000000000000e+05
1.060000000000000000e+04
5.028000000000000000e+05
4.993000000000000000e+05
5.024000000000000000e+05
4.969000000000000000e+05
5.026000000000000000e+05
4.979000000000000000e+05
4.947000000000000000e+05
4.283000000000000000e+05
4.979000000000000000e+05
4.941000000000000000e+05
4.937000000000000000e+05
4.106000000000000000e+05
4.975000000000000000e+05
3.869000000000000000e+05
4.817000000000000000e+05
1.645000000000000000e+05
4.994000000000000000e+05
4.802000000000000000e+05
4.898000000000000000e+05
3.595000000000000000e+05
4.996000000000000000e+05
3.249000000000000000e+05
4.646000000000000000e+05
1.154000000000000000e+05
4.980000000000000000e+05
2.691000000000000000e+05
4.559000000000000000e+05
7.340000000000000000e+04
4.468000000000000000e+05
4.810000000000000000e+04
2.540000000000000000e+05
2.900000000000000000e+03
5.010000000000000000e+05
4.672000000000000000e+05
5.067000000000000000e+05
2.882000000000000000e+05
4.954000000000000000e+05
2.371000000000000000e+05
4.503000000000000000e+05
6.430000000000000000e+04
4.996000000000000000e+05
1.872000000000000000e+05
4.262000000000000000e+05
3.140000000000000000e+04
3.929000000000000000e+05
2.020000000000000000e+04
1.923000000000000000e+05
5.000000000000000000e+02
4.861000000000000000e+05
1.272000000000000000e+05
3.846000000000000000e+05
1.720000000000000000e+04
3.510000000000000000e+05
9.500000000000000000e+03
1.346000000000000000e+05
1.000000000000000000e+02
2.963000000000000000e+05
4.600000000000000000e+03
9.750000000000000000e+04
0.000000000000000000e+00
6.720000000000000000e+04
0.000000000000000000e+00
4.600000000000000000e+03
0.000000000000000000e+00
4.951000000000000000e+05
5.067000000000000000e+05
5.036000000000000000e+05
4.861000000000000000e+05
4.985000000000000000e+05
4.910000000000000000e+05
5.019000000000000000e+05
3.538000000000000000e+05
4.966000000000000000e+05
4.778000000000000000e+05
5.013000000000000000e+05
3.050000000000000000e+05
4.976000000000000000e+05
2.690000000000000000e+05
4.543000000000000000e+05
7.150000000000000000e+04
5.022000000000000000e+05
4.356000000000000000e+05
4.946000000000000000e+05
2.403000000000000000e+05
5.059000000000000000e+05
1.950000000000000000e+05
4.268000000000000000e+05
3.690000000000000000e+04
4.841000000000000000e+05
1.443000000000000000e+05
4.091000000000000000e+05
2.490000000000000000e+04
3.769000000000000000e+05
1.130000000000000000e+04
1.652000000000000000e+05
2.000000000000000000e+02
4.966000000000000000e+05
3.749000000000000000e+05
4.937000000000000000e+05
1.629000000000000000e+05
4.869000000000000000e+05
1.230000000000000000e+05
3.773000000000000000e+05
1.500000000000000000e+04
4.767000000000000000e+05
8.140000000000000000e+04
3.394000000000000000e+05
7.200000000000000000e+03
3.049000000000000000e+05
3.500000000000000000e+03
1.047000000000000000e+05
2.000000000000000000e+02
4.577000000000000000e+05
5.050000000000000000e+04
2.808000000000000000e+05
3.000000000000000000e+03
2.521000000000000000e+05
9.000000000000000000e+02
6.520000000000000000e+04
0.000000000000000000e+00
1.980000000000000000e+05
1.000000000000000000e+03
4.020000000000000000e+04
0.000000000000000000e+00
2.580000000000000000e+04
0.000000000000000000e+00
8.000000000000000000e+02
0.000000000000000000e+00
4.964000000000000000e+05
2.927000000000000000e+05
4.742000000000000000e+05
8.920000000000000000e+04
4.698000000000000000e+05
6.170000000000000000e+04
3.041000000000000000e+05
3.200000000000000000e+03
4.495000000000000000e+05
3.920000000000000000e+04
2.623000000000000000e+05
1.300000000000000000e+03
2.205000000000000000e+05
6.000000000000000000e+02
4.950000000000000000e+04
0.000000000000000000e+00
4.140000000000000000e+05
1.870000000000000000e+04
2.000000000000000000e+05
5.000000000000000000e+02
1.592000000000000000e+05
2.000000000000000000e+02
2.700000000000000000e+04
0.000000000000000000e+00
1.212000000000000000e+05
0.000000000000000000e+00
1.370000000000000000e+04
0.000000000000000000e+00
8.500000000000000000e+03
0.000000000000000000e+00
2.000000000000000000e+02
0.000000000000000000e+00
3.406000000000000000e+05
1.150000000000000000e+04
1.259000000000000000e+05
0.000000000000000000e+00
9.540000000000000000e+04
0.000000000000000000e+00
1.010000000000000000e+04
0.000000000000000000e+00
6.470000000000000000e+04
0.000000000000000000e+00
5.100000000000000000e+03
0.000000000000000000e+00
2.700000000000000000e+03
0.000000000000000000e+00
0.000000000000000000e+00
0.000000000000000000e+00
3.910000000000000000e+04
0.000000000000000000e+00
2.800000000000000000e+03
0.000000000000000000e+00
9.000000000000000000e+02
0.000000000000000000e+00
0.000000000000000000e+00
0.000000000000000000e+00
5.000000000000000000e+02
0.000000000000000000e+00
0.000000000000000000e+00
0.000000000000000000e+00
0.000000000000000000e+00
0.000000000000000000e+00
0.000000000000000000e+00
0.000000000000000000e+00
5.163000000000000000e+05
4.960000000000000000e+05
4.991000000000000000e+05
4.352000000000000000e+05
5.004000000000000000e+05
4.250000000000000000e+05
4.981000000000000000e+05
2.204000000000000000e+05
5.015000000000000000e+05
3.892000000000000000e+05
4.971000000000000000e+05
1.688000000000000000e+05
4.894000000000000000e+05
1.314000000000000000e+05
3.812000000000000000e+05
1.780000000000000000e+04
4.955000000000000000e+05
3.239000000000000000e+05
4.956000000000000000e+05
1.169000000000000000e+05
4.841000000000000000e+05
7.970000000000000000e+04
3.454000000000000000e+05
7.700000000000000000e+03
4.724000000000000000e+05
5.430000000000000000e+04
2.907000000000000000e+05
3.000000000000000000e+03
2.624000000000000000e+05
1.300000000000000000e+03
7.130000000000000000e+04
0.000000000000000000e+00
5.081000000000000000e+05
2.559000000000000000e+05
4.674000000000000000e+05
5.910000000000000000e+04
4.543000000000000000e+05
4.360000000000000000e+04
2.665000000000000000e+05
1.500000000000000000e+03
4.294000000000000000e+05
2.320000000000000000e+04
2.215000000000000000e+05
6.000000000000000000e+02
1.845000000000000000e+05
2.000000000000000000e+02
3.300000000000000000e+04
0.000000000000000000e+00
3.764000000000000000e+05
1.530000000000000000e+04
1.598000000000000000e+05
1.000000000000000000e+02
1.250000000000000000e+05
0.000000000000000000e+00
1.780000000000000000e+04
0.000000000000000000e+00
8.550000000000000000e+04
1.000000000000000000e+02
8.800000000000000000e+03
0.000000000000000000e+00
5.300000000000000000e+03
0.000000000000000000e+00
0.000000000000000000e+00
0.000000000000000000e+00
4.836000000000000000e+05
1.661000000000000000e+05
4.225000000000000000e+05
2.800000000000000000e+04
4.009000000000000000e+05
1.620000000000000000e+04
1.799000000000000000e+05
6.000000000000000000e+02
3.536000000000000000e+05
8.700000000000000000e+03
1.362000000000000000e+05
0.000000000000000000e+00
1.064000000000000000e+05
0.000000000000000000e+00
9.700000000000000000e+03
0.000000000000000000e+00
2.981000000000000000e+05
4.400000000000000000e+03
8.990000000000000000e+04
0.000000000000000000e+00
6.420000000000000000e+04
0.000000000000000000e+00
5.100000000000000000e+03
0.000000000000000000e+00
4.150000000000000000e+04
0.000000000000000000e+00
1.800000000000000000e+03
0.000000000000000000e+00
2.100000000000000000e+03
0.000000000000000000e+00
0.000000000000000000e+00
0.000000000000000000e+00
2.192000000000000000e+05
3.000000000000000000e+03
5.170000000000000000e+04
0.000000000000000000e+00
3.100000000000000000e+04
0.000000000000000000e+00
1.000000000000000000e+03
0.000000000000000000e+00
1.990000000000000000e+04
0.000000000000000000e+00
5.000000000000000000e+02
0.000000000000000000e+00
1.000000000000000000e+02
0.000000000000000000e+00
0.000000000000000000e+00
0.000000000000000000e+00
1.220000000000000000e+04
0.000000000000000000e+00
1.000000000000000000e+02
0.000000000000000000e+00
3.000000000000000000e+02
0.000000000000000000e+00
0.000000000000000000e+00
0.000000000000000000e+00
1.000000000000000000e+02
0.000000000000000000e+00
0.000000000000000000e+00
0.000000000000000000e+00
0.000000000000000000e+00
0.000000000000000000e+00
0.000000000000000000e+00
0.000000000000000000e+00
4.801000000000000000e+05
1.015000000000000000e+05
3.498000000000000000e+05
9.600000000000000000e+03
3.058000000000000000e+05
6.800000000000000000e+03
9.690000000000000000e+04
1.000000000000000000e+02
2.509000000000000000e+05
2.300000000000000000e+03
6.550000000000000000e+04
0.000000000000000000e+00
4.560000000000000000e+04
0.000000000000000000e+00
2.600000000000000000e+03
0.000000000000000000e+00
1.909000000000000000e+05
1.600000000000000000e+03
3.990000000000000000e+04
0.000000000000000000e+00
2.180000000000000000e+04
0.000000000000000000e+00
6.000000000000000000e+02
0.000000000000000000e+00
1.410000000000000000e+04
0.000000000000000000e+00
4.000000000000000000e+02
0.000000000000000000e+00
1.000000000000000000e+02
0.000000000000000000e+00
0.000000000000000000e+00
0.000000000000000000e+00
1.240000000000000000e+05
2.000000000000000000e+02
1.700000000000000000e+04
0.000000000000000000e+00
1.000000000000000000e+04
0.000000000000000000e+00
1.000000000000000000e+02
0.000000000000000000e+00
7.100000000000000000e+03
0.000000000000000000e+00
0.000000000000000000e+00
0.000000000000000000e+00
0.000000000000000000e+00
0.000000000000000000e+00
0.000000000000000000e+00
0.000000000000000000e+00
4.100000000000000000e+03
0.000000000000000000e+00
1.000000000000000000e+02
0.000000000000000000e+00
0.000000000000000000e+00
0.000000000000000000e+00
0.000000000000000000e+00
0.000000000000000000e+00
0.000000000000000000e+00
0.000000000000000000e+00
0.000000000000000000e+00
0.000000000000000000e+00
0.000000000000000000e+00
0.000000000000000000e+00
0.000000000000000000e+00
0.000000000000000000e+00
7.420000000000000000e+04
3.000000000000000000e+02
7.500000000000000000e+03
0.000000000000000000e+00
5.100000000000000000e+03
0.000000000000000000e+00
0.000000000000000000e+00
0.000000000000000000e+00
2.000000000000000000e+03
0.000000000000000000e+00
0.000000000000000000e+00
0.000000000000000000e+00
0.000000000000000000e+00
0.000000000000000000e+00
0.000000000000000000e+00
0.000000000000000000e+00
7.000000000000000000e+02
0.000000000000000000e+00
0.000000000000000000e+00
0.000000000000000000e+00
0.000000000000000000e+00
0.000000000000000000e+00
0.000000000000000000e+00
0.000000000000000000e+00
0.000000000000000000e+00
0.000000000000000000e+00
0.000000000000000000e+00
0.000000000000000000e+00
0.000000000000000000e+00
0.000000000000000000e+00
0.000000000000000000e+00
0.000000000000000000e+00
4.000000000000000000e+02
0.000000000000000000e+00
0.000000000000000000e+00
0.000000000000000000e+00
0.000000000000000000e+00
0.000000000000000000e+00
0.000000000000000000e+00
0.000000000000000000e+00
0.000000000000000000e+00
0.000000000000000000e+00
0.000000000000000000e+00
0.000000000000000000e+00
0.000000000000000000e+00
0.000000000000000000e+00
0.000000000000000000e+00
0.000000000000000000e+00
0.000000000000000000e+00
0.000000000000000000e+00
0.000000000000000000e+00
0.000000000000000000e+00
0.000000000000000000e+00
0.000000000000000000e+00
0.000000000000000000e+00
0.000000000000000000e+00
0.000000000000000000e+00
0.000000000000000000e+00
0.000000000000000000e+00
0.000000000000000000e+00
0.000000000000000000e+00
0.000000000000000000e+00
0.000000000000000000e+00
0.000000000000000000e+00
