5.003000000000000000e+05
4.917000000000000000e+05
4.975000000000000000e+05
4.950000000000000000e+05
4.954000000000000000e+05
5.039000000000000000e+05
5.115000000000000000e+05
4.959000000000000000e+05
5.012000000000000000e+05
4.983000000000000000e+05
5.032000000000000000e+05
5.049000000000000000e+05
4.993000000000000000e+05
5.049000000000000000e+05
5.034000000000000000e+05
5.005000000000000000e+05
5.051000000000000000e+05
4.950000000000000000e+05
5.000000000000000000e+05
4.922000000000000000e+05
4.956000000000000000e+05
5.060000000000000000e+05
4.971000000000000000e+05
4.961000000000000000e+05
5.004000000000000000e+05
4.899000000000000000e+05
4.960000000000000000e+05
4.945000000000000000e+05
5.102000000000000000e+05
4.891000000000000000e+05
4.988000000000000000e+05
4.662000000000000000e+05
4.981000000000000000e+05
5.043000000000000000e+05
5.068000000000000000e+05
5.037000000000000000e+05
5.000000000000000000e+05
4.901000000000000000e+05
4.942000000000000000e+05
4.856000000000000000e+05
4.985000000000000000e+05
4.933000000000000000e+05
5.055000000000000000e+05
4.986000000000000000e+05
4.953000000000000000e+05
4.936000000000000000e+05
4.929000000000000000e+05
4.455000000000000000e+05
4.953000000000000000e+05
4.918000000000000000e+05
5.030000000000000000e+05
5.039000000000000000e+05
4.935000000000000000e+05
4.956000000000000000e+05
4.996000000000000000e+05
4.252000000000000000e+05
5.019000000000000000e+05
4.932000000000000000e+05
5.085000000000000000e+05
3.930000000000000000e+05
4.986000000000000000e+05
3.694000000000000000e+05
4.794000000000000000e+05
1.625000000000000000e+05
5.004000000000000000e+05
4.984000000000000000e+05
4.996000000000000000e+05
4.928000000000000000e+05
5.094000000000000000e+05
4.977000000000000000e+05
4.878000000000000000e+05
4.963000000000000000e+05
4.934000000000000000e+05
5.027000000000000000e+05
4.948000000000000000e+05
4.912000000000000000e+05
4.996000000000000000e+05
4.940000000000000000e+05
5.030000000000000000e+05
4.052000000000000000e+05
4.917000000000000000e+05
5.036000000000000000e+05
4.996000000000000000e+05
4.852000000000000000e+05
4.934000000000000000e+05
4.859000000000000000e+05
4.904000000000000000e+05
3.671000000000000000e+05
5.014000000000000000e+05
4.774000000000000000e+05
4.967000000000000000e+05
3.397000000000000000e+05
4.987000000000000000e+05
3.103000000000000000e+05
4.721000000000000000e+05
1.056000000000000000e+05
5.044000000000000000e+05
4.956000000000000000e+05
5.004000000000000000e+05
4.802000000000000000e+05
4.959000000000000000e+05
4.611000000000000000e+05
4.970000000000000000e+05
3.160000000000000000e+05
4.916000000000000000e+05
4.520000000000000000e+05
5.078000000000000000e+05
2.802000000000000000e+05
4.933000000000000000e+05
2.323000000000000000e+05
4.625000000000000000e+05
5.610000000000000000e+04
5.082000000000000000e+05
4.121000000000000000e+05
4.907000000000000000e+05
2.126000000000000000e+05
4.863000000000000000e+05
1.729000000000000000e+05
4.417000000000000000e+05
2.960000000000000000e+04
4.939000000000000000e+05
1.270000000000000000e+05
4.229000000000000000e+05
1.360000000000000000e+04
4.059000000000000000e+05
1.090000000000000000e+04
1.986000000000000000e+05
1.000000000000000000e+02
5.025000000000000000e+05
4.991000000000000000e+05
5.048000000000000000e+05
4.986000000000000000e+05
5.028000000000000000e+05
4.987000000000000000e+05
4.986000000000000000e+05
4.856000000000000000e+05
4.978000000000000000e+05
5.000000000000000000e+05
4.985000000000000000e+05
4.929000000000000000e+05
5.028000000000000000e+05
4.762000000000000000e+05
5.068000000000000000e+05
3.273000000000000000e+05
4.962000000000000000e+05
5.034000000000000000e+05
5.072000000000000000e+05
4.584000000000000000e+05
4.974000000000000000e+05
4.593000000000000000e+05
5.078000000000000000e+05
2.828000000000000000e+05
4.949000000000000000e+05
4.343000000000000000e+05
5.009000000000000000e+05
2.389000000000000000e+05
4.912000000000000000e+05
2.040000000000000000e+05
4.538000000000000000e+05
4.150000000000000000e+04
4.884000000000000000e+05
4.964000000000000000e+05
4.952000000000000000e+05
4.313000000000000000e+05
4.999000000000000000e+05
4.152000000000000000e+05
4.948000000000000000e+05
2.177000000000000000e+05
5.028000000000000000e+05
3.807000000000000000e+05
4.955000000000000000e+05
1.576000000000000000e+05
4.962000000000000000e+05
1.183000000000000000e+05
4.282000000000000000e+05
1.540000000000000000e+04
4.992000000000000000e+05
3.095000000000000000e+05
4.931000000000000000e+05
1.136000000000000000e+05
4.878000000000000000e+05
7.830000000000000000e+04
3.929000000000000000e+05
6.000000000000000000e+03
4.830000000000000000e+05
4.910000000000000000e+04
3.641000000000000000e+05
3.400000000000000000e+03
3.426000000000000000e+05
1.600000000000000000e+03
1.341000000000000000e+05
0.000000000000000000e+00
4.955000000000000000e+05
4.923000000000000000e+05
5.090000000000000000e+05
3.745000000000000000e+05
4.975000000000000000e+05
3.400000000000000000e+05
4.941000000000000000e+05
1.263000000000000000e+05
4.971000000000000000e+05
2.779000000000000000e+05
4.972000000000000000e+05
8.430000000000000000e+04
4.863000000000000000e+05
5.970000000000000000e+04
3.882000000000000000e+05
3.200000000000000000e+03
5.116000000000000000e+05
2.232000000000000000e+05
4.852000000000000000e+05
4.900000000000000000e+04
4.777000000000000000e+05
3.120000000000000000e+04
3.439000000000000000e+05
1.300000000000000000e+03
4.694000000000000000e+05
1.940000000000000000e+04
3.131000000000000000e+05
2.000000000000000000e+02
2.633000000000000000e+05
0.000000000000000000e+00
7.990000000000000000e+04
0.000000000000000000e+00
5.076000000000000000e+05
1.458000000000000000e+05
4.663000000000000000e+05
2.430000000000000000e+04
4.531000000000000000e+05
1.350000000000000000e+04
2.813000000000000000e+05
3.000000000000000000e+02
4.375000000000000000e+05
7.900000000000000000e+03
2.314000000000000000e+05
0.000000000000000000e+00
1.902000000000000000e+05
1.000000000000000000e+02
3.880000000000000000e+04
0.000000000000000000e+00
3.897000000000000000e+05
4.300000000000000000e+03
1.684000000000000000e+05
0.000000000000000000e+00
1.376000000000000000e+05
0.000000000000000000e+00
2.060000000000000000e+04
0.000000000000000000e+00
9.890000000000000000e+04
0.000000000000000000e+00
8.300000000000000000e+03
0.000000000000000000e+00
7.500000000000000000e+03
0.000000000000000000e+00
0.000000000000000000e+00
0.000000000000000000e+00
5.057000000000000000e+05
4.982000000000000000e+05
5.022000000000000000e+05
4.957000000000000000e+05
4.907000000000000000e+05
5.004000000000000000e+05
4.913000000000000000e+05
4.538000000000000000e+05
5.070000000000000000e+05
4.979000000000000000e+05
4.884000000000000000e+05
4.311000000000000000e+05
4.968000000000000000e+05
4.140000000000000000e+05
5.049000000000000000e+05
2.052000000000000000e+05
4.949000000000000000e+05
4.950000000000000000e+05
4.951000000000000000e+05
4.044000000000000000e+05
5.008000000000000000e+05
3.597000000000000000e+05
5.082000000000000000e+05
1.563000000000000000e+05
4.991000000000000000e+05
3.285000000000000000e+05
4.908000000000000000e+05
1.090000000000000000e+05
4.881000000000000000e+05
8.080000000000000000e+04
4.011000000000000000e+05
6.800000000000000000e+03
5.024000000000000000e+05
4.822000000000000000e+05
5.028000000000000000e+05
3.318000000000000000e+05
4.981000000000000000e+05
2.941000000000000000e+05
4.963000000000000000e+05
9.440000000000000000e+04
5.005000000000000000e+05
2.413000000000000000e+05
4.863000000000000000e+05
6.090000000000000000e+04
4.909000000000000000e+05
3.840000000000000000e+04
3.577000000000000000e+05
1.300000000000000000e+03
5.037000000000000000e+05
1.801000000000000000e+05
4.870000000000000000e+05
3.610000000000000000e+04
4.683000000000000000e+05
1.880000000000000000e+04
3.125000000000000000e+05
3.000000000000000000e+02
4.458000000000000000e+05
1.180000000000000000e+04
2.704000000000000000e+05
1.000000000000000000e+02
2.370000000000000000e+05
0.000000000000000000e+00
5.540000000000000000e+04
0.000000000000000000e+00
5.005000000000000000e+05
4.415000000000000000e+05
5.008000000000000000e+05
2.387000000000000000e+05
4.963000000000000000e+05
2.104000000000000000e+05
4.720000000000000000e+05
4.480000000000000000e+04
4.940000000000000000e+05
1.470000000000000000e+05
4.717000000000000000e+05
2.380000000000000000e+04
4.648000000000000000e+05
1.520000000000000000e+04
2.924000000000000000e+05
4.000000000000000000e+02
5.033000000000000000e+05
1.028000000000000000e+05
4.411000000000000000e+05
1.070000000000000000e+04
4.305000000000000000e+05
5.200000000000000000e+03
2.405000000000000000e+05
1.000000000000000000e+02
4.026000000000000000e+05
3.400000000000000000e+03
1.874000000000000000e+05
0.000000000000000000e+00
1.542000000000000000e+05
0.000000000000000000e+00
2.480000000000000000e+04
0.000000000000000000e+00
4.855000000000000000e+05
6.370000000000000000e+04
4.059000000000000000e+05
5.100000000000000000e+03
3.800000000000000000e+05
2.600000000000000000e+03
1.676000000000000000e+05
0.000000000000000000e+00
3.418000000000000000e+05
1.300000000000000000e+03
1.252000000000000000e+05
0.000000000000000000e+00
9.380000000000000000e+04
0.000000000000000000e+00
7.700000000000000000e+03
0.000000000000000000e+00
2.753000000000000000e+05
6.000000000000000000e+02
8.170000000000000000e+04
0.000000000000000000e+00
5.600000000000000000e+04
0.000000000000000000e+00
5.200000000000000000e+03
0.000000000000000000e+00
3.400000000000000000e+04
0.000000000000000000e+00
1.000000000000000000e+03
0.000000000000000000e+00
1.100000000000000000e+03
0.000000000000000000e+00
0.000000000000000000e+00
0.000000000000000000e+00
5.091000000000000000e+05
3.643000000000000000e+05
4.993000000000000000e+05
1.518000000000000000e+05
4.990000000000000000e+05
1.134000000000000000e+05
4.546000000000000000e+05
1.450000000000000000e+04
5.003000000000000000e+05
7.720000000000000000e+04
4.312000000000000000e+05
6.500000000000000000e+03
4.096000000000000000e+05
4.700000000000000000e+03
1.939000000000000000e+05
0.000000000000000000e+00
4.951000000000000000e+05
4.770000000000000000e+04
3.834000000000000000e+05
3.300000000000000000e+03
3.581000000000000000e+05
1.400000000000000000e+03
1.441000000000000000e+05
0.000000000000000000e+00
3.074000000000000000e+05
4.000000000000000000e+02
1.040000000000000000e+05
0.000000000000000000e+00
7.360000000000000000e+04
0.000000000000000000e+00
6.700000000000000000e+03
0.000000000000000000e+00
4.712000000000000000e+05
2.880000000000000000e+04
3.284000000000000000e+05
1.000000000000000000e+03
2.769000000000000000e+05
9.000000000000000000e+02
8.730000000000000000e+04
0.000000000000000000e+00
2.254000000000000000e+05
2.000000000000000000e+02
5.470000000000000000e+04
0.000000000000000000e+00
3.800000000000000000e+04
0.000000000000000000e+00
2.500000000000000000e+03
0.000000000000000000e+00
1.683000000000000000e+05
0.000000000000000000e+00
3.070000000000000000e+04
0.000000000000000000e+00
1.780000000000000000e+04
0.000000000000000000e+00
0.000000000000000000e+00
0.000000000000000000e+00
1.210000000000000000e+04
0.000000000000000000e+00
1.000000000000000000e+02
0.000000000000000000e+00
1.000000000000000000e+02
0.000000000000000000e+00
0.000000000000000000e+00
0.000000000000000000e+00
4.311000000000000000e+05
1.440000000000000000e+04
2.336000000000000000e+05
6.000000000000000000e+02
1.870000000000000000e+05
2.000000000000000000e+02
3.950000000000000000e+04
0.000000000000000000e+00
1.463000000000000000e+05
0.000000000000000000e+00
2.130000000000000000e+04
0.000000000000000000e+00
1.410000000000000000e+04
0.000000000000000000e+00
5.000000000000000000e+02
0.000000000000000000e+00
1.006000000000000000e+05
1.000000000000000000e+02
1.080000000000000000e+04
0.000000000000000000e+00
7.100000000000000000e+03
0.000000000000000000e+00
3.000000000000000000e+02
0.000000000000000000e+00
3.300000000000000000e+03
0.000000000000000000e+00
1.000000000000000000e+02
0.000000000000000000e+00
0.000000000000000000e+00
0.000000000000000000e+00
0.000000000000000000e+00
0.000000000000000000e+00
6.040000000000000000e+04
0.000000000000000000e+00
4.300000000000000000e+03
0.000000000000000000e+00
2.300000000000000000e+03
0.000000000000000000e+00
0.000000000000000000e+00
0.000000000000000000e+00
1.100000000000000000e+03
0.000000000000000000e+00
0.000000000000000000e+00
0.000000000000000000e+00
0.000000000000000000e+00
0.000000000000000000e+00
0.000000000000000000e+00
0.000000000000000000e+00
5.000000000000000000e+02
0.000000000000000000e+00
0.000000000000000000e+00
0.000000000000000000e+00
0.000000000000000000e+00
0.000000000000000000e+00
0.000000000000000000e+00
0.000000000000000000e+00
0.000000000000000000e+00
0.000000000000000000e+00
0.000000000000000000e+00
0.000000000000000000e+00
0.000000000000000000e+00
0.000000000000000000e+00
0.000000000000000000e+00
0.000000000000000000e+00
