5.014000000000000000e+05
4.902000000000000000e+05
5.038000000000000000e+05
4.950000000000000000e+05
5.078000000000000000e+05
5.011000000000000000e+05
4.963000000000000000e+05
5.000000000000000000e+05
4.974000000000000000e+05
4.984000000000000000e+05
4.973000000000000000e+05
5.008000000000000000e+05
5.077000000000000000e+05
4.933000000000000000e+05
4.924000000000000000e+05
4.935000000000000000e+05
4.898000000000000000e+05
5.057000000000000000e+05
5.017000000000000000e+05
5.010000000000000000e+05
4.962000000000000000e+05
5.014000000000000000e+05
5.060000000000000000e+05
5.025000000000000000e+05
5.060000000000000000e+05
5.063000000000000000e+05
5.068000000000000000e+05
4.975000000000000000e+05
4.986000000000000000e+05
4.971000000000000000e+05
4.915000000000000000e+05
4.987000000000000000e+05
4.981000000000000000e+05
4.945000000000000000e+05
5.058000000000000000e+05
5.081000000000000000e+05
5.094000000000000000e+05
4.976000000000000000e+05
5.004000000000000000e+05
4.987000000000000000e+05
4.984000000000000000e+05
5.055000000000000000e+05
5.097000000000000000e+05
4.967000000000000000e+05
5.004000000000000000e+05
5.029000000000000000e+05
5.087000000000000000e+05
4.866000000000000000e+05
5.101000000000000000e+05
5.009000000000000000e+05
5.031000000000000000e+05
4.945000000000000000e+05
4.941000000000000000e+05
5.030000000000000000e+05
5.035000000000000000e+05
4.892000000000000000e+05
5.039000000000000000e+05
5.049000000000000000e+05
5.054000000000000000e+05
4.861000000000000000e+05
4.945000000000000000e+05
4.740000000000000000e+05
4.983000000000000000e+05
3.268000000000000000e+05
4.968000000000000000e+05
4.934000000000000000e+05
4.939000000000000000e+05
5.005000000000000000e+05
5.068000000000000000e+05
5.048000000000000000e+05
4.906000000000000000e+05
4.956000000000000000e+05
4.993000000000000000e+05
4.964000000000000000e+05
4.975000000000000000e+05
5.081000000000000000e+05
4.989000000000000000e+05
5.062000000000000000e+05
4.938000000000000000e+05
4.829000000000000000e+05
4.952000000000000000e+05
5.011000000000000000e+05
4.969000000000000000e+05
4.920000000000000000e+05
4.965000000000000000e+05
5.105000000000000000e+05
4.997000000000000000e+05
4.660000000000000000e+05
4.987000000000000000e+05
4.919000000000000000e+05
4.995000000000000000e+05
4.605000000000000000e+05
5.079000000000000000e+05
4.391000000000000000e+05
4.995000000000000000e+05
2.680000000000000000e+05
5.030000000000000000e+05
4.976000000000000000e+05
5.033000000000000000e+05
4.994000000000000000e+05
5.060000000000000000e+05
4.880000000000000000e+05
4.973000000000000000e+05
4.509000000000000000e+05
4.914000000000000000e+05
5.020000000000000000e+05
4.991000000000000000e+05
4.272000000000000000e+05
5.043000000000000000e+05
4.118000000000000000e+05
5.006000000000000000e+05
2.165000000000000000e+05
4.948000000000000000e+05
4.861000000000000000e+05
5.076000000000000000e+05
3.986000000000000000e+05
4.976000000000000000e+05
3.678000000000000000e+05
4.956000000000000000e+05
1.590000000000000000e+05
4.957000000000000000e+05
3.209000000000000000e+05
4.848000000000000000e+05
1.152000000000000000e+05
4.783000000000000000e+05
7.940000000000000000e+04
3.499000000000000000e+05
6.300000000000000000e+03
5.029000000000000000e+05
5.046000000000000000e+05
5.019000000000000000e+05
4.972000000000000000e+05
4.993000000000000000e+05
5.018000000000000000e+05
5.008000000000000000e+05
4.977000000000000000e+05
4.977000000000000000e+05
5.045000000000000000e+05
5.014000000000000000e+05
4.950000000000000000e+05
4.985000000000000000e+05
4.934000000000000000e+05
5.046000000000000000e+05
4.493000000000000000e+05
5.009000000000000000e+05
5.011000000000000000e+05
5.003000000000000000e+05
5.029000000000000000e+05
4.982000000000000000e+05
5.005000000000000000e+05
5.049000000000000000e+05
4.355000000000000000e+05
4.998000000000000000e+05
4.940000000000000000e+05
5.023000000000000000e+05
4.030000000000000000e+05
4.955000000000000000e+05
3.806000000000000000e+05
4.830000000000000000e+05
1.742000000000000000e+05
5.024000000000000000e+05
5.023000000000000000e+05
4.991000000000000000e+05
5.055000000000000000e+05
4.997000000000000000e+05
4.915000000000000000e+05
5.006000000000000000e+05
3.869000000000000000e+05
5.014000000000000000e+05
4.741000000000000000e+05
5.037000000000000000e+05
3.465000000000000000e+05
5.013000000000000000e+05
3.222000000000000000e+05
4.903000000000000000e+05
1.171000000000000000e+05
5.092000000000000000e+05
4.632000000000000000e+05
4.948000000000000000e+05
2.957000000000000000e+05
5.068000000000000000e+05
2.619000000000000000e+05
4.774000000000000000e+05
7.430000000000000000e+04
4.991000000000000000e+05
2.107000000000000000e+05
4.663000000000000000e+05
4.560000000000000000e+04
4.593000000000000000e+05
2.940000000000000000e+04
2.894000000000000000e+05
8.000000000000000000e+02
5.036000000000000000e+05
4.967000000000000000e+05
4.962000000000000000e+05
4.818000000000000000e+05
4.966000000000000000e+05
4.700000000000000000e+05
4.968000000000000000e+05
3.106000000000000000e+05
5.015000000000000000e+05
4.501000000000000000e+05
5.031000000000000000e+05
2.653000000000000000e+05
4.960000000000000000e+05
2.295000000000000000e+05
4.816000000000000000e+05
5.410000000000000000e+04
4.949000000000000000e+05
4.078000000000000000e+05
4.915000000000000000e+05
2.113000000000000000e+05
5.129000000000000000e+05
1.716000000000000000e+05
4.586000000000000000e+05
2.890000000000000000e+04
4.928000000000000000e+05
1.201000000000000000e+05
4.377000000000000000e+05
1.340000000000000000e+04
4.242000000000000000e+05
9.000000000000000000e+03
2.313000000000000000e+05
1.000000000000000000e+02
5.043000000000000000e+05
3.522000000000000000e+05
4.982000000000000000e+05
1.332000000000000000e+05
5.035000000000000000e+05
9.820000000000000000e+04
4.417000000000000000e+05
8.200000000000000000e+03
4.884000000000000000e+05
7.160000000000000000e+04
4.075000000000000000e+05
4.500000000000000000e+03
3.844000000000000000e+05
2.900000000000000000e+03
1.755000000000000000e+05
0.000000000000000000e+00
4.758000000000000000e+05
4.370000000000000000e+04
3.721000000000000000e+05
1.800000000000000000e+03
3.307000000000000000e+05
9.000000000000000000e+02
1.256000000000000000e+05
0.000000000000000000e+00
2.820000000000000000e+05
2.000000000000000000e+02
8.660000000000000000e+04
0.000000000000000000e+00
5.980000000000000000e+04
0.000000000000000000e+00
4.100000000000000000e+03
0.000000000000000000e+00
5.024000000000000000e+05
4.951000000000000000e+05
5.172000000000000000e+05
5.072000000000000000e+05
5.022000000000000000e+05
4.997000000000000000e+05
5.041000000000000000e+05
4.836000000000000000e+05
5.003000000000000000e+05
5.054000000000000000e+05
5.027000000000000000e+05
4.864000000000000000e+05
5.033000000000000000e+05
4.947000000000000000e+05
4.988000000000000000e+05
3.810000000000000000e+05
5.031000000000000000e+05
4.957000000000000000e+05
5.042000000000000000e+05
4.847000000000000000e+05
4.990000000000000000e+05
4.885000000000000000e+05
4.899000000000000000e+05
3.368000000000000000e+05
4.946000000000000000e+05
4.534000000000000000e+05
5.064000000000000000e+05
2.925000000000000000e+05
4.876000000000000000e+05
2.600000000000000000e+05
4.746000000000000000e+05
7.590000000000000000e+04
5.022000000000000000e+05
4.997000000000000000e+05
4.919000000000000000e+05
4.635000000000000000e+05
4.957000000000000000e+05
4.533000000000000000e+05
5.024000000000000000e+05
2.728000000000000000e+05
5.067000000000000000e+05
4.199000000000000000e+05
5.048000000000000000e+05
2.207000000000000000e+05
4.971000000000000000e+05
1.807000000000000000e+05
4.611000000000000000e+05
3.290000000000000000e+04
5.103000000000000000e+05
3.764000000000000000e+05
4.989000000000000000e+05
1.544000000000000000e+05
5.027000000000000000e+05
1.215000000000000000e+05
4.410000000000000000e+05
1.340000000000000000e+04
5.000000000000000000e+05
8.420000000000000000e+04
4.267000000000000000e+05
8.100000000000000000e+03
4.110000000000000000e+05
4.400000000000000000e+03
2.043000000000000000e+05
0.000000000000000000e+00
5.055000000000000000e+05
5.035000000000000000e+05
4.970000000000000000e+05
4.223000000000000000e+05
4.976000000000000000e+05
3.907000000000000000e+05
4.975000000000000000e+05
1.839000000000000000e+05
5.061000000000000000e+05
3.439000000000000000e+05
4.916000000000000000e+05
1.336000000000000000e+05
4.963000000000000000e+05
9.980000000000000000e+04
4.322000000000000000e+05
1.030000000000000000e+04
5.023000000000000000e+05
2.785000000000000000e+05
4.923000000000000000e+05
8.300000000000000000e+04
4.911000000000000000e+05
5.840000000000000000e+04
4.030000000000000000e+05
4.200000000000000000e+03
4.999000000000000000e+05
4.010000000000000000e+04
3.851000000000000000e+05
1.600000000000000000e+03
3.573000000000000000e+05
6.000000000000000000e+02
1.411000000000000000e+05
0.000000000000000000e+00
5.114000000000000000e+05
2.121000000000000000e+05
4.871000000000000000e+05
4.340000000000000000e+04
4.908000000000000000e+05
3.170000000000000000e+04
3.647000000000000000e+05
9.000000000000000000e+02
4.770000000000000000e+05
1.610000000000000000e+04
3.240000000000000000e+05
5.000000000000000000e+02
2.816000000000000000e+05
2.000000000000000000e+02
8.820000000000000000e+04
0.000000000000000000e+00
4.520000000000000000e+05
8.700000000000000000e+03
2.583000000000000000e+05
1.000000000000000000e+02
2.149000000000000000e+05
0.000000000000000000e+00
5.340000000000000000e+04
0.000000000000000000e+00
1.669000000000000000e+05
0.000000000000000000e+00
2.950000000000000000e+04
0.000000000000000000e+00
1.770000000000000000e+04
0.000000000000000000e+00
6.000000000000000000e+02
0.000000000000000000e+00
4.948000000000000000e+05
4.786000000000000000e+05
5.033000000000000000e+05
3.234000000000000000e+05
5.025000000000000000e+05
2.896000000000000000e+05
4.969000000000000000e+05
8.840000000000000000e+04
5.036000000000000000e+05
2.329000000000000000e+05
4.920000000000000000e+05
5.910000000000000000e+04
4.851000000000000000e+05
3.890000000000000000e+04
3.812000000000000000e+05
2.100000000000000000e+03
5.025000000000000000e+05
1.719000000000000000e+05
4.793000000000000000e+05
3.220000000000000000e+04
4.729000000000000000e+05
1.780000000000000000e+04
3.298000000000000000e+05
4.000000000000000000e+02
4.660000000000000000e+05
1.370000000000000000e+04
2.959000000000000000e+05
2.000000000000000000e+02
2.601000000000000000e+05
2.000000000000000000e+02
7.110000000000000000e+04
0.000000000000000000e+00
4.976000000000000000e+05
1.110000000000000000e+05
4.689000000000000000e+05
1.410000000000000000e+04
4.412000000000000000e+05
8.400000000000000000e+03
2.678000000000000000e+05
1.000000000000000000e+02
4.204000000000000000e+05
4.300000000000000000e+03
2.280000000000000000e+05
0.000000000000000000e+00
1.844000000000000000e+05
0.000000000000000000e+00
3.520000000000000000e+04
0.000000000000000000e+00
3.671000000000000000e+05
1.600000000000000000e+03
1.666000000000000000e+05
0.000000000000000000e+00
1.255000000000000000e+05
0.000000000000000000e+00
1.680000000000000000e+04
0.000000000000000000e+00
8.720000000000000000e+04
0.000000000000000000e+00
8.800000000000000000e+03
0.000000000000000000e+00
4.600000000000000000e+03
0.000000000000000000e+00
0.000000000000000000e+00
0.000000000000000000e+00
4.958000000000000000e+05
7.050000000000000000e+04
4.162000000000000000e+05
5.000000000000000000e+03
3.943000000000000000e+05
3.700000000000000000e+03
1.827000000000000000e+05
0.000000000000000000e+00
3.503000000000000000e+05
1.600000000000000000e+03
1.305000000000000000e+05
0.000000000000000000e+00
1.067000000000000000e+05
0.000000000000000000e+00
1.070000000000000000e+04
0.000000000000000000e+00
2.825000000000000000e+05
7.000000000000000000e+02
8.840000000000000000e+04
0.000000000000000000e+00
5.930000000000000000e+04
0.000000000000000000e+00
4.000000000000000000e+03
0.000000000000000000e+00
3.810000000000000000e+04
0.000000000000000000e+00
2.200000000000000000e+03
0.000000000000000000e+00
1.700000000000000000e+03
0.000000000000000000e+00
0.000000000000000000e+00
0.000000000000000000e+00
2.185000000000000000e+05
3.000000000000000000e+02
5.040000000000000000e+04
0.000000000000000000e+00
3.160000000000000000e+04
0.000000000000000000e+00
1.400000000000000000e+03
0.000000000000000000e+00
2.250000000000000000e+04
0.000000000000000000e+00
8.000000000000000000e+02
0.000000000000000000e+00
3.000000000000000000e+02
0.000000000000000000e+00
0.000000000000000000e+00
0.000000000000000000e+00
1.040000000000000000e+04
0.000000000000000000e+00
0.000000000000000000e+00
0.000000000000000000e+00
2.000000000000000000e+02
0.000000000000000000e+00
0.000000000000000000e+00
0.000000000000000000e+00
0.000000000000000000e+00
0.000000000000000000e+00
0.000000000000000000e+00
0.000000000000000000e+00
0.000000000000000000e+00
0.000000000000000000e+00
0.000000000000000000e+00
0.000000000000000000e+00
4.969000000000000000e+05
4.943000000000000000e+05
5.053000000000000000e+05
4.984000000000000000e+05
5.006000000000000000e+05
4.922000000000000000e+05
4.983000000000000000e+05
4.669000000000000000e+05
4.986000000000000000e+05
4.988000000000000000e+05
4.967000000000000000e+05
4.469000000000000000e+05
4.993000000000000000e+05
4.345000000000000000e+05
4.916000000000000000e+05
2.434000000000000000e+05
5.010000000000000000e+05
4.925000000000000000e+05
4.914000000000000000e+05
4.195000000000000000e+05
4.933000000000000000e+05
4.000000000000000000e+05
5.017000000000000000e+05
1.767000000000000000e+05
5.009000000000000000e+05
3.532000000000000000e+05
4.956000000000000000e+05
1.343000000000000000e+05
4.929000000000000000e+05
1.048000000000000000e+05
4.236000000000000000e+05
9.000000000000000000e+03
4.988000000000000000e+05
4.861000000000000000e+05
4.966000000000000000e+05
3.600000000000000000e+05
4.950000000000000000e+05
3.357000000000000000e+05
4.998000000000000000e+05
1.162000000000000000e+05
4.927000000000000000e+05
2.678000000000000000e+05
5.012000000000000000e+05
7.600000000000000000e+04
4.974000000000000000e+05
5.390000000000000000e+04
3.937000000000000000e+05
2.800000000000000000e+03
4.990000000000000000e+05
2.080000000000000000e+05
4.914000000000000000e+05
4.540000000000000000e+04
4.773000000000000000e+05
2.910000000000000000e+04
3.548000000000000000e+05
9.000000000000000000e+02
4.727000000000000000e+05
1.750000000000000000e+04
3.300000000000000000e+05
2.000000000000000000e+02
2.921000000000000000e+05
2.000000000000000000e+02
9.840000000000000000e+04
0.000000000000000000e+00
5.047000000000000000e+05
4.640000000000000000e+05
5.035000000000000000e+05
2.791000000000000000e+05
5.020000000000000000e+05
2.274000000000000000e+05
4.926000000000000000e+05
5.530000000000000000e+04
5.019000000000000000e+05
1.770000000000000000e+05
4.942000000000000000e+05
3.310000000000000000e+04
4.723000000000000000e+05
2.050000000000000000e+04
3.450000000000000000e+05
7.000000000000000000e+02
5.011000000000000000e+05
1.215000000000000000e+05
4.777000000000000000e+05
1.610000000000000000e+04
4.606000000000000000e+05
9.900000000000000000e+03
3.028000000000000000e+05
3.000000000000000000e+02
4.470000000000000000e+05
4.700000000000000000e+03
2.582000000000000000e+05
0.000000000000000000e+00
2.122000000000000000e+05
0.000000000000000000e+00
5.110000000000000000e+04
0.000000000000000000e+00
4.992000000000000000e+05
7.680000000000000000e+04
4.404000000000000000e+05
5.900000000000000000e+03
4.268000000000000000e+05
3.000000000000000000e+03
2.320000000000000000e+05
0.000000000000000000e+00
3.910000000000000000e+05
1.500000000000000000e+03
1.782000000000000000e+05
0.000000000000000000e+00
1.433000000000000000e+05
0.000000000000000000e+00
2.150000000000000000e+04
0.000000000000000000e+00
3.360000000000000000e+05
1.800000000000000000e+03
1.260000000000000000e+05
0.000000000000000000e+00
8.930000000000000000e+04
0.000000000000000000e+00
1.070000000000000000e+04
0.000000000000000000e+00
5.950000000000000000e+04
0.000000000000000000e+00
4.600000000000000000e+03
0.000000000000000000e+00
2.100000000000000000e+03
0.000000000000000000e+00
0.000000000000000000e+00
0.000000000000000000e+00
4.962000000000000000e+05
3.851000000000000000e+05
5.015000000000000000e+05
1.707000000000000000e+05
5.017000000000000000e+05
1.326000000000000000e+05
4.742000000000000000e+05
1.770000000000000000e+04
4.964000000000000000e+05
9.090000000000000000e+04
4.429000000000000000e+05
8.700000000000000000e+03
4.421000000000000000e+05
5.200000000000000000e+03
2.567000000000000000e+05
0.000000000000000000e+00
4.965000000000000000e+05
5.750000000000000000e+04
4.317000000000000000e+05
3.500000000000000000e+03
4.064000000000000000e+05
2.000000000000000000e+03
2.065000000000000000e+05
0.000000000000000000e+00
3.666000000000000000e+05
5.000000000000000000e+02
1.488000000000000000e+05
0.000000000000000000e+00
1.171000000000000000e+05
0.000000000000000000e+00
1.460000000000000000e+04
0.000000000000000000e+00
4.879000000000000000e+05
3.320000000000000000e+04
3.733000000000000000e+05
7.000000000000000000e+02
3.404000000000000000e+05
8.000000000000000000e+02
1.353000000000000000e+05
0.000000000000000000e+00
2.903000000000000000e+05
5.000000000000000000e+02
8.800000000000000000e+04
0.000000000000000000e+00
6.300000000000000000e+04
0.000000000000000000e+00
4.300000000000000000e+03
0.000000000000000000e+00
2.304000000000000000e+05
3.000000000000000000e+02
5.300000000000000000e+04
0.000000000000000000e+00
3.730000000000000000e+04
0.000000000000000000e+00
1.500000000000000000e+03
0.000000000000000000e+00
2.170000000000000000e+04
0.000000000000000000e+00
1.100000000000000000e+03
0.000000000000000000e+00
1.000000000000000000e+02
0.000000000000000000e+00
0.000000000000000000e+00
0.000000000000000000e+00
4.587000000000000000e+05
1.670000000000000000e+04
2.912000000000000000e+05
4.000000000000000000e+02
2.486000000000000000e+05
1.000000000000000000e+02
6.940000000000000000e+04
0.000000000000000000e+00
1.948000000000000000e+05
2.000000000000000000e+02
4.170000000000000000e+04
0.000000000000000000e+00
2.630000000000000000e+04
0.000000000000000000e+00
9.000000000000000000e+02
0.000000000000000000e+00
1.459000000000000000e+05
0.000000000000000000e+00
2.400000000000000000e+04
0.000000000000000000e+00
1.470000000000000000e+04
0.000000000000000000e+00
2.000000000000000000e+02
0.000000000000000000e+00
7.000000000000000000e+03
0.000000000000000000e+00
1.000000000000000000e+02
0.000000000000000000e+00
0.000000000000000000e+00
0.000000000000000000e+00
0.000000000000000000e+00
0.000000000000000000e+00
9.490000000000000000e+04
0.000000000000000000e+00
8.500000000000000000e+03
0.000000000000000000e+00
6.100000000000000000e+03
0.000000000000000000e+00
1.000000000000000000e+02
0.000000000000000000e+00
3.200000000000000000e+03
0.000000000000000000e+00
0.000000000000000000e+00
0.000000000000000000e+00
0.000000000000000000e+00
0.000000000000000000e+00
0.000000000000000000e+00
0.000000000000000000e+00
1.700000000000000000e+03
0.000000000000000000e+00
0.000000000000000000e+00
0.000000000000000000e+00
0.000000000000000000e+00
0.000000000000000000e+00
0.000000000000000000e+00
0.000000000000000000e+00
0.000000000000000000e+00
0.000000000000000000e+00
0.000000000000000000e+00
0.000000000000000000e+00
0.000000000000000000e+00
0.000000000000000000e+00
0.000000000000000000e+00
0.000000000000000000e+00
5.025000000000000000e+05
2.852000000000000000e+05
4.982000000000000000e+05
8.100000000000000000e+04
4.913000000000000000e+05
6.420000000000000000e+04
4.070000000000000000e+05
4.200000000000000000e+03
4.903000000000000000e+05
3.910000000000000000e+04
3.855000000000000000e+05
2.000000000000000000e+03
3.521000000000000000e+05
7.000000000000000000e+02
1.390000000000000000e+05
0.000000000000000000e+00
4.664000000000000000e+05
2.150000000000000000e+04
3.311000000000000000e+05
1.100000000000000000e+03
2.941000000000000000e+05
2.000000000000000000e+02
9.760000000000000000e+04
0.000000000000000000e+00
2.463000000000000000e+05
1.000000000000000000e+02
5.940000000000000000e+04
0.000000000000000000e+00
4.040000000000000000e+04
0.000000000000000000e+00
1.300000000000000000e+03
0.000000000000000000e+00
4.481000000000000000e+05
1.210000000000000000e+04
2.615000000000000000e+05
1.000000000000000000e+02
2.164000000000000000e+05
0.000000000000000000e+00
4.780000000000000000e+04
0.000000000000000000e+00
1.666000000000000000e+05
0.000000000000000000e+00
2.970000000000000000e+04
0.000000000000000000e+00
1.760000000000000000e+04
0.000000000000000000e+00
3.000000000000000000e+02
0.000000000000000000e+00
1.166000000000000000e+05
1.000000000000000000e+02
1.390000000000000000e+04
0.000000000000000000e+00
9.100000000000000000e+03
0.000000000000000000e+00
1.000000000000000000e+02
0.000000000000000000e+00
4.600000000000000000e+03
0.000000000000000000e+00
0.000000000000000000e+00
0.000000000000000000e+00
0.000000000000000000e+00
0.000000000000000000e+00
0.000000000000000000e+00
0.000000000000000000e+00
3.867000000000000000e+05
6.600000000000000000e+03
1.704000000000000000e+05
1.000000000000000000e+02
1.367000000000000000e+05
0.000000000000000000e+00
1.880000000000000000e+04
0.000000000000000000e+00
9.080000000000000000e+04
0.000000000000000000e+00
9.000000000000000000e+03
0.000000000000000000e+00
6.600000000000000000e+03
0.000000000000000000e+00
0.000000000000000000e+00
0.000000000000000000e+00
5.970000000000000000e+04
0.000000000000000000e+00
4.300000000000000000e+03
0.000000000000000000e+00
2.600000000000000000e+03
0.000000000000000000e+00
0.000000000000000000e+00
0.000000000000000000e+00
1.100000000000000000e+03
0.000000000000000000e+00
0.000000000000000000e+00
0.000000000000000000e+00
0.000000000000000000e+00
0.000000000000000000e+00
0.000000000000000000e+00
0.000000000000000000e+00
3.810000000000000000e+04
0.000000000000000000e+00
1.500000000000000000e+03
0.000000000000000000e+00
7.000000000000000000e+02
0.000000000000000000e+00
0.000000000000000000e+00
0.000000000000000000e+00
5.000000000000000000e+02
0.000000000000000000e+00
0.000000000000000000e+00
0.000000000000000000e+00
0.000000000000000000e+00
0.000000000000000000e+00
0.000000000000000000e+00
0.000000000000000000e+00
4.000000000000000000e+02
0.000000000000000000e+00
0.000000000000000000e+00
0.000000000000000000e+00
0.000000000000000000e+00
0.000000000000000000e+00
0.000000000000000000e+00
0.000000000000000000e+00
0.000000000000000000e+00
0.000000000000000000e+00
0.000000000000000000e+00
0.000000000000000000e+00
0.000000000000000000e+00
0.000000000000000000e+00
0.000000000000000000e+00
0.000000000000000000e+00
3.016000000000000000e+05
1.800000000000000000e+03
9.360000000000000000e+04
0.000000000000000000e+00
7.200000000000000000e+04
0.000000000000000000e+00
6.900000000000000000e+03
0.000000000000000000e+00
4.570000000000000000e+04
0.000000000000000000e+00
2.200000000000000000e+03
0.000000000000000000e+00
8.000000000000000000e+02
0.000000000000000000e+00
0.000000000000000000e+00
0.000000000000000000e+00
2.940000000000000000e+04
0.000000000000000000e+00
9.000000000000000000e+02
0.000000000000000000e+00
1.000000000000000000e+03
0.000000000000000000e+00
0.000000000000000000e+00
0.000000000000000000e+00
2.000000000000000000e+02
0.000000000000000000e+00
0.000000000000000000e+00
0.000000000000000000e+00
0.000000000000000000e+00
0.000000000000000000e+00
0.000000000000000000e+00
0.000000000000000000e+00
1.680000000000000000e+04
0.000000000000000000e+00
6.000000000000000000e+02
0.000000000000000000e+00
3.000000000000000000e+02
0.000000000000000000e+00
0.000000000000000000e+00
0.000000000000000000e+00
1.000000000000000000e+02
0.000000000000000000e+00
0.000000000000000000e+00
0.000000000000000000e+00
0.000000000000000000e+00
0.000000000000000000e+00
0.000000000000000000e+00
0.000000000000000000e+00
0.000000000000000000e+00
0.000000000000000000e+00
0.000000000000000000e+00
0.000000000000000000e+00
0.000000000000000000e+00
0.000000000000000000e+00
0.000000000000000000e+00
0.000000000000000000e+00
0.000000000000000000e+00
0.000000000000000000e+00
0.000000000000000000e+00
0.000000000000000000e+00
0.000000000000000000e+00
0.000000000000000000e+00
0.000000000000000000e+00
0.000000000000000000e+00
7.900000000000000000e+03
0.000000000000000000e+00
1.000000000000000000e+02
0.000000000000000000e+00
2.000000000000000000e+02
0.000000000000000000e+00
0.000000000000000000e+00
0.000000000000000000e+00
0.000000000000000000e+00
0.000000000000000000e+00
0.000000000000000000e+00
0.000000000000000000e+00
0.000000000000000000e+00
0.000000000000000000e+00
0.000000000000000000e+00
0.000000000000000000e+00
0.000000000000000000e+00
0.000000000000000000e+00
0.000000000000000000e+00
0.000000000000000000e+00
0.000000000000000000e+00
0.000000000000000000e+00
0.000000000000000000e+00
0.000000000000000000e+00
0.000000000000000000e+00
0.000000000000000000e+00
0.000000000000000000e+00
0.000000000000000000e+00
0.000000000000000000e+00
0.000000000000000000e+00
0.000000000000000000e+00
0.000000000000000000e+00
0.000000000000000000e+00
0.000000000000000000e+00
0.000000000000000000e+00
0.000000000000000000e+00
0.000000000000000000e+00
0.000000000000000000e+00
0.000000000000000000e+00
0.000000000000000000e+00
0.000000000000000000e+00
0.000000000000000000e+00
0.000000000000000000e+00
0.000000000000000000e+00
0.000000000000000000e+00
0.000000000000000000e+00
0.000000000000000000e+00
0.000000000000000000e+00
0.000000000000000000e+00
0.000000000000000000e+00
0.000000000000000000e+00
0.000000000000000000e+00
0.000000000000000000e+00
0.000000000000000000e+00
0.000000000000000000e+00
0.000000000000000000e+00
0.000000000000000000e+00
0.000000000000000000e+00
0.000000000000000000e+00
0.000000000000000000e+00
0.000000000000000000e+00
0.000000000000000000e+00
0.000000000000000000e+00
0.000000000000000000e+00
