5.005000000000000000e+05
4.933000000000000000e+05
4.951000000000000000e+05
4.997000000000000000e+05
5.044000000000000000e+05
4.982000000000000000e+05
5.017000000000000000e+05
4.999000000000000000e+05
5.001000000000000000e+05
5.024000000000000000e+05
4.955000000000000000e+05
5.068000000000000000e+05
4.829000000000000000e+05
5.038000000000000000e+05
5.043000000000000000e+05
4.979000000000000000e+05
5.031000000000000000e+05
4.982000000000000000e+05
5.015000000000000000e+05
4.932000000000000000e+05
5.018000000000000000e+05
5.015000000000000000e+05
4.892000000000000000e+05
5.069000000000000000e+05
4.897000000000000000e+05
5.050000000000000000e+05
4.992000000000000000e+05
5.008000000000000000e+05
4.995000000000000000e+05
4.985000000000000000e+05
4.989000000000000000e+05
4.812000000000000000e+05
4.991000000000000000e+05
5.023000000000000000e+05
4.945000000000000000e+05
4.990000000000000000e+05
5.057000000000000000e+05
5.031000000000000000e+05
4.984000000000000000e+05
4.942000000000000000e+05
5.025000000000000000e+05
4.978000000000000000e+05
4.981000000000000000e+05
4.962000000000000000e+05
5.069000000000000000e+05
4.996000000000000000e+05
5.082000000000000000e+05
4.697000000000000000e+05
4.962000000000000000e+05
4.972000000000000000e+05
5.092000000000000000e+05
4.972000000000000000e+05
4.993000000000000000e+05
5.061000000000000000e+05
4.929000000000000000e+05
4.617000000000000000e+05
4.958000000000000000e+05
4.980000000000000000e+05
5.001000000000000000e+05
4.467000000000000000e+05
4.974000000000000000e+05
4.337000000000000000e+05
4.926000000000000000e+05
2.350000000000000000e+05
5.049000000000000000e+05
4.964000000000000000e+05
5.075000000000000000e+05
5.067000000000000000e+05
4.958000000000000000e+05
5.037000000000000000e+05
5.047000000000000000e+05
5.043000000000000000e+05
5.064000000000000000e+05
5.050000000000000000e+05
5.022000000000000000e+05
5.078000000000000000e+05
4.950000000000000000e+05
4.976000000000000000e+05
4.976000000000000000e+05
4.531000000000000000e+05
5.012000000000000000e+05
5.003000000000000000e+05
5.025000000000000000e+05
4.985000000000000000e+05
4.955000000000000000e+05
5.052000000000000000e+05
5.010000000000000000e+05
4.238000000000000000e+05
4.993000000000000000e+05
4.868000000000000000e+05
4.882000000000000000e+05
4.080000000000000000e+05
4.980000000000000000e+05
3.719000000000000000e+05
4.875000000000000000e+05
1.707000000000000000e+05
5.045000000000000000e+05
5.029000000000000000e+05
4.986000000000000000e+05
4.927000000000000000e+05
5.009000000000000000e+05
4.805000000000000000e+05
5.013000000000000000e+05
3.860000000000000000e+05
5.020000000000000000e+05
4.760000000000000000e+05
5.028000000000000000e+05
3.475000000000000000e+05
5.048000000000000000e+05
3.147000000000000000e+05
4.796000000000000000e+05
1.134000000000000000e+05
4.964000000000000000e+05
4.582000000000000000e+05
4.957000000000000000e+05
2.953000000000000000e+05
4.936000000000000000e+05
2.606000000000000000e+05
4.629000000000000000e+05
6.690000000000000000e+04
5.050000000000000000e+05
2.004000000000000000e+05
4.493000000000000000e+05
3.910000000000000000e+04
4.255000000000000000e+05
2.460000000000000000e+04
2.331000000000000000e+05
4.000000000000000000e+02
4.943000000000000000e+05
5.034000000000000000e+05
5.018000000000000000e+05
4.950000000000000000e+05
4.971000000000000000e+05
4.951000000000000000e+05
5.064000000000000000e+05
4.950000000000000000e+05
5.062000000000000000e+05
4.950000000000000000e+05
5.064000000000000000e+05
4.860000000000000000e+05
5.087000000000000000e+05
4.927000000000000000e+05
5.024000000000000000e+05
3.831000000000000000e+05
4.997000000000000000e+05
5.018000000000000000e+05
5.060000000000000000e+05
4.858000000000000000e+05
4.938000000000000000e+05
4.903000000000000000e+05
5.048000000000000000e+05
3.586000000000000000e+05
4.950000000000000000e+05
4.633000000000000000e+05
4.980000000000000000e+05
3.110000000000000000e+05
5.070000000000000000e+05
2.773000000000000000e+05
4.638000000000000000e+05
8.220000000000000000e+04
4.973000000000000000e+05
4.976000000000000000e+05
4.928000000000000000e+05
4.647000000000000000e+05
5.064000000000000000e+05
4.564000000000000000e+05
5.016000000000000000e+05
2.817000000000000000e+05
4.951000000000000000e+05
4.277000000000000000e+05
4.958000000000000000e+05
2.362000000000000000e+05
5.037000000000000000e+05
1.995000000000000000e+05
4.398000000000000000e+05
4.040000000000000000e+04
4.947000000000000000e+05
3.867000000000000000e+05
4.974000000000000000e+05
1.755000000000000000e+05
5.014000000000000000e+05
1.392000000000000000e+05
4.224000000000000000e+05
2.120000000000000000e+04
4.897000000000000000e+05
1.022000000000000000e+05
3.939000000000000000e+05
9.400000000000000000e+03
3.717000000000000000e+05
5.100000000000000000e+03
1.629000000000000000e+05
0.000000000000000000e+00
4.935000000000000000e+05
4.928000000000000000e+05
4.977000000000000000e+05
4.287000000000000000e+05
4.977000000000000000e+05
4.111000000000000000e+05
5.032000000000000000e+05
1.979000000000000000e+05
4.935000000000000000e+05
3.664000000000000000e+05
4.911000000000000000e+05
1.510000000000000000e+05
4.826000000000000000e+05
1.150000000000000000e+05
4.053000000000000000e+05
1.280000000000000000e+04
4.962000000000000000e+05
3.112000000000000000e+05
4.910000000000000000e+05
9.940000000000000000e+04
4.959000000000000000e+05
7.060000000000000000e+04
3.750000000000000000e+05
4.600000000000000000e+03
4.738000000000000000e+05
4.190000000000000000e+04
3.372000000000000000e+05
1.500000000000000000e+03
2.988000000000000000e+05
1.000000000000000000e+03
1.032000000000000000e+05
0.000000000000000000e+00
5.023000000000000000e+05
2.219000000000000000e+05
4.803000000000000000e+05
4.880000000000000000e+04
4.832000000000000000e+05
3.370000000000000000e+04
3.245000000000000000e+05
8.000000000000000000e+02
4.458000000000000000e+05
2.100000000000000000e+04
2.718000000000000000e+05
2.000000000000000000e+02
2.305000000000000000e+05
0.000000000000000000e+00
5.860000000000000000e+04
0.000000000000000000e+00
4.260000000000000000e+05
1.190000000000000000e+04
2.170000000000000000e+05
2.000000000000000000e+02
1.700000000000000000e+05
0.000000000000000000e+00
2.980000000000000000e+04
0.000000000000000000e+00
1.239000000000000000e+05
0.000000000000000000e+00
1.630000000000000000e+04
0.000000000000000000e+00
9.600000000000000000e+03
0.000000000000000000e+00
3.000000000000000000e+02
0.000000000000000000e+00
5.042000000000000000e+05
5.015000000000000000e+05
4.979000000000000000e+05
5.044000000000000000e+05
4.966000000000000000e+05
4.917000000000000000e+05
5.019000000000000000e+05
4.703000000000000000e+05
4.948000000000000000e+05
5.090000000000000000e+05
5.057000000000000000e+05
4.637000000000000000e+05
4.971000000000000000e+05
4.547000000000000000e+05
5.001000000000000000e+05
2.836000000000000000e+05
4.990000000000000000e+05
4.981000000000000000e+05
5.102000000000000000e+05
4.394000000000000000e+05
5.023000000000000000e+05
4.336000000000000000e+05
4.928000000000000000e+05
2.245000000000000000e+05
4.994000000000000000e+05
3.848000000000000000e+05
4.986000000000000000e+05
1.779000000000000000e+05
4.923000000000000000e+05
1.392000000000000000e+05
4.159000000000000000e+05
2.130000000000000000e+04
4.990000000000000000e+05
4.841000000000000000e+05
4.901000000000000000e+05
3.883000000000000000e+05
5.029000000000000000e+05
3.731000000000000000e+05
5.001000000000000000e+05
1.552000000000000000e+05
4.968000000000000000e+05
3.137000000000000000e+05
5.029000000000000000e+05
1.079000000000000000e+05
4.830000000000000000e+05
7.860000000000000000e+04
3.922000000000000000e+05
5.200000000000000000e+03
5.031000000000000000e+05
2.480000000000000000e+05
4.901000000000000000e+05
6.490000000000000000e+04
4.850000000000000000e+05
4.550000000000000000e+04
3.470000000000000000e+05
1.600000000000000000e+03
4.691000000000000000e+05
2.680000000000000000e+04
3.024000000000000000e+05
8.000000000000000000e+02
2.715000000000000000e+05
3.000000000000000000e+02
8.080000000000000000e+04
0.000000000000000000e+00
4.993000000000000000e+05
4.677000000000000000e+05
5.020000000000000000e+05
3.101000000000000000e+05
4.971000000000000000e+05
2.709000000000000000e+05
4.832000000000000000e+05
8.190000000000000000e+04
4.961000000000000000e+05
2.215000000000000000e+05
4.820000000000000000e+05
5.430000000000000000e+04
4.771000000000000000e+05
3.350000000000000000e+04
3.172000000000000000e+05
1.000000000000000000e+03
4.998000000000000000e+05
1.561000000000000000e+05
4.675000000000000000e+05
2.710000000000000000e+04
4.555000000000000000e+05
1.600000000000000000e+04
2.738000000000000000e+05
3.000000000000000000e+02
4.347000000000000000e+05
1.090000000000000000e+04
2.358000000000000000e+05
1.000000000000000000e+02
1.905000000000000000e+05
0.000000000000000000e+00
3.490000000000000000e+04
0.000000000000000000e+00
4.949000000000000000e+05
1.001000000000000000e+05
4.408000000000000000e+05
1.160000000000000000e+04
4.105000000000000000e+05
7.300000000000000000e+03
2.074000000000000000e+05
0.000000000000000000e+00
3.639000000000000000e+05
3.900000000000000000e+03
1.561000000000000000e+05
0.000000000000000000e+00
1.205000000000000000e+05
0.000000000000000000e+00
1.660000000000000000e+04
0.000000000000000000e+00
3.049000000000000000e+05
1.600000000000000000e+03
1.038000000000000000e+05
0.000000000000000000e+00
7.420000000000000000e+04
0.000000000000000000e+00
7.200000000000000000e+03
0.000000000000000000e+00
4.780000000000000000e+04
0.000000000000000000e+00
3.000000000000000000e+03
0.000000000000000000e+00
1.300000000000000000e+03
0.000000000000000000e+00
0.000000000000000000e+00
0.000000000000000000e+00
4.955000000000000000e+05
4.183000000000000000e+05
5.034000000000000000e+05
2.035000000000000000e+05
4.882000000000000000e+05
1.660000000000000000e+05
4.669000000000000000e+05
2.930000000000000000e+04
4.930000000000000000e+05
1.249000000000000000e+05
4.481000000000000000e+05
1.550000000000000000e+04
4.281000000000000000e+05
9.100000000000000000e+03
2.353000000000000000e+05
2.000000000000000000e+02
4.977000000000000000e+05
7.830000000000000000e+04
4.149000000000000000e+05
7.900000000000000000e+03
3.864000000000000000e+05
3.500000000000000000e+03
1.719000000000000000e+05
0.000000000000000000e+00
3.490000000000000000e+05
2.600000000000000000e+03
1.349000000000000000e+05
0.000000000000000000e+00
9.880000000000000000e+04
0.000000000000000000e+00
1.080000000000000000e+04
0.000000000000000000e+00
4.883000000000000000e+05
4.440000000000000000e+04
3.533000000000000000e+05
2.400000000000000000e+03
3.183000000000000000e+05
1.100000000000000000e+03
1.101000000000000000e+05
0.000000000000000000e+00
2.742000000000000000e+05
2.000000000000000000e+02
7.660000000000000000e+04
0.000000000000000000e+00
5.260000000000000000e+04
0.000000000000000000e+00
2.600000000000000000e+03
0.000000000000000000e+00
2.049000000000000000e+05
3.000000000000000000e+02
4.620000000000000000e+04
0.000000000000000000e+00
2.610000000000000000e+04
0.000000000000000000e+00
7.000000000000000000e+02
0.000000000000000000e+00
1.580000000000000000e+04
0.000000000000000000e+00
2.000000000000000000e+02
0.000000000000000000e+00
0.000000000000000000e+00
0.000000000000000000e+00
0.000000000000000000e+00
0.000000000000000000e+00
4.546000000000000000e+05
2.820000000000000000e+04
2.743000000000000000e+05
9.000000000000000000e+02
2.195000000000000000e+05
6.000000000000000000e+02
5.530000000000000000e+04
0.000000000000000000e+00
1.731000000000000000e+05
3.000000000000000000e+02
3.190000000000000000e+04
0.000000000000000000e+00
2.040000000000000000e+04
0.000000000000000000e+00
3.000000000000000000e+02
0.000000000000000000e+00
1.165000000000000000e+05
2.000000000000000000e+02
1.740000000000000000e+04
0.000000000000000000e+00
1.060000000000000000e+04
0.000000000000000000e+00
2.000000000000000000e+02
0.000000000000000000e+00
4.900000000000000000e+03
0.000000000000000000e+00
1.000000000000000000e+02
0.000000000000000000e+00
0.000000000000000000e+00
0.000000000000000000e+00
0.000000000000000000e+00
0.000000000000000000e+00
8.110000000000000000e+04
1.000000000000000000e+02
7.600000000000000000e+03
0.000000000000000000e+00
3.300000000000000000e+03
0.000000000000000000e+00
1.000000000000000000e+02
0.000000000000000000e+00
1.900000000000000000e+03
0.000000000000000000e+00
0.000000000000000000e+00
0.000000000000000000e+00
0.000000000000000000e+00
0.000000000000000000e+00
0.000000000000000000e+00
0.000000000000000000e+00
1.600000000000000000e+03
0.000000000000000000e+00
0.000000000000000000e+00
0.000000000000000000e+00
0.000000000000000000e+00
0.000000000000000000e+00
0.000000000000000000e+00
0.000000000000000000e+00
0.000000000000000000e+00
0.000000000000000000e+00
0.000000000000000000e+00
0.000000000000000000e+00
0.000000000000000000e+00
0.000000000000000000e+00
0.000000000000000000e+00
0.000000000000000000e+00
4.934000000000000000e+05
4.962000000000000000e+05
4.989000000000000000e+05
4.948000000000000000e+05
4.994000000000000000e+05
4.890000000000000000e+05
5.103000000000000000e+05
4.073000000000000000e+05
5.035000000000000000e+05
4.850000000000000000e+05
5.034000000000000000e+05
3.751000000000000000e+05
4.923000000000000000e+05
3.452000000000000000e+05
4.874000000000000000e+05
1.338000000000000000e+05
4.992000000000000000e+05
4.830000000000000000e+05
4.995000000000000000e+05
3.221000000000000000e+05
4.979000000000000000e+05
2.847000000000000000e+05
4.903000000000000000e+05
8.130000000000000000e+04
5.018000000000000000e+05
2.352000000000000000e+05
4.751000000000000000e+05
5.360000000000000000e+04
4.704000000000000000e+05
3.570000000000000000e+04
3.191000000000000000e+05
1.200000000000000000e+03
5.035000000000000000e+05
4.400000000000000000e+05
5.072000000000000000e+05
2.403000000000000000e+05
5.018000000000000000e+05
2.036000000000000000e+05
4.745000000000000000e+05
4.220000000000000000e+04
4.974000000000000000e+05
1.503000000000000000e+05
4.622000000000000000e+05
2.310000000000000000e+04
4.521000000000000000e+05
1.480000000000000000e+04
2.621000000000000000e+05
0.000000000000000000e+00
4.944000000000000000e+05
1.029000000000000000e+05
4.382000000000000000e+05
1.190000000000000000e+04
4.097000000000000000e+05
7.500000000000000000e+03
2.124000000000000000e+05
1.000000000000000000e+02
3.832000000000000000e+05
3.300000000000000000e+03
1.685000000000000000e+05
0.000000000000000000e+00
1.339000000000000000e+05
0.000000000000000000e+00
2.030000000000000000e+04
0.000000000000000000e+00
5.048000000000000000e+05
3.740000000000000000e+05
4.956000000000000000e+05
1.543000000000000000e+05
4.963000000000000000e+05
1.188000000000000000e+05
4.513000000000000000e+05
1.490000000000000000e+04
5.022000000000000000e+05
7.670000000000000000e+04
4.321000000000000000e+05
6.200000000000000000e+03
3.919000000000000000e+05
4.300000000000000000e+03
1.867000000000000000e+05
0.000000000000000000e+00
4.897000000000000000e+05
4.990000000000000000e+04
3.807000000000000000e+05
1.600000000000000000e+03
3.470000000000000000e+05
1.700000000000000000e+03
1.389000000000000000e+05
0.000000000000000000e+00
2.966000000000000000e+05
9.000000000000000000e+02
9.510000000000000000e+04
0.000000000000000000e+00
6.920000000000000000e+04
0.000000000000000000e+00
5.800000000000000000e+03
0.000000000000000000e+00
4.689000000000000000e+05
2.700000000000000000e+04
3.095000000000000000e+05
7.000000000000000000e+02
2.714000000000000000e+05
3.000000000000000000e+02
7.720000000000000000e+04
0.000000000000000000e+00
2.180000000000000000e+05
2.000000000000000000e+02
4.970000000000000000e+04
0.000000000000000000e+00
3.250000000000000000e+04
0.000000000000000000e+00
8.000000000000000000e+02
0.000000000000000000e+00
1.637000000000000000e+05
2.000000000000000000e+02
2.700000000000000000e+04
0.000000000000000000e+00
1.770000000000000000e+04
0.000000000000000000e+00
6.000000000000000000e+02
0.000000000000000000e+00
1.040000000000000000e+04
0.000000000000000000e+00
0.000000000000000000e+00
0.000000000000000000e+00
2.000000000000000000e+02
0.000000000000000000e+00
0.000000000000000000e+00
0.000000000000000000e+00
4.978000000000000000e+05
2.795000000000000000e+05
4.837000000000000000e+05
7.630000000000000000e+04
4.904000000000000000e+05
5.440000000000000000e+04
3.813000000000000000e+05
2.600000000000000000e+03
4.756000000000000000e+05
3.340000000000000000e+04
3.374000000000000000e+05
1.200000000000000000e+03
3.083000000000000000e+05
4.000000000000000000e+02
1.025000000000000000e+05
0.000000000000000000e+00
4.644000000000000000e+05
2.000000000000000000e+04
2.871000000000000000e+05
7.000000000000000000e+02
2.503000000000000000e+05
5.000000000000000000e+02
6.030000000000000000e+04
0.000000000000000000e+00
1.900000000000000000e+05
1.000000000000000000e+02
3.770000000000000000e+04
0.000000000000000000e+00
2.230000000000000000e+04
0.000000000000000000e+00
5.000000000000000000e+02
0.000000000000000000e+00
4.230000000000000000e+05
1.060000000000000000e+04
2.041000000000000000e+05
1.000000000000000000e+02
1.539000000000000000e+05
0.000000000000000000e+00
2.750000000000000000e+04
0.000000000000000000e+00
1.174000000000000000e+05
1.000000000000000000e+02
1.570000000000000000e+04
0.000000000000000000e+00
8.500000000000000000e+03
0.000000000000000000e+00
1.000000000000000000e+02
0.000000000000000000e+00
7.790000000000000000e+04
0.000000000000000000e+00
6.700000000000000000e+03
0.000000000000000000e+00
3.500000000000000000e+03
0.000000000000000000e+00
0.000000000000000000e+00
0.000000000000000000e+00
2.300000000000000000e+03
0.000000000000000000e+00
0.000000000000000000e+00
0.000000000000000000e+00
0.000000000000000000e+00
0.000000000000000000e+00
0.000000000000000000e+00
0.000000000000000000e+00
3.383000000000000000e+05
5.100000000000000000e+03
1.289000000000000000e+05
0.000000000000000000e+00
9.200000000000000000e+04
0.000000000000000000e+00
1.190000000000000000e+04
0.000000000000000000e+00
6.630000000000000000e+04
0.000000000000000000e+00
5.000000000000000000e+03
0.000000000000000000e+00
3.100000000000000000e+03
0.000000000000000000e+00
1.000000000000000000e+02
0.000000000000000000e+00
4.170000000000000000e+04
0.000000000000000000e+00
2.200000000000000000e+03
0.000000000000000000e+00
1.500000000000000000e+03
0.000000000000000000e+00
0.000000000000000000e+00
0.000000000000000000e+00
3.000000000000000000e+02
0.000000000000000000e+00
0.000000000000000000e+00
0.000000000000000000e+00
0.000000000000000000e+00
0.000000000000000000e+00
0.000000000000000000e+00
0.000000000000000000e+00
2.070000000000000000e+04
0.000000000000000000e+00
3.000000000000000000e+02
0.000000000000000000e+00
4.000000000000000000e+02
0.000000000000000000e+00
0.000000000000000000e+00
0.000000000000000000e+00
5.000000000000000000e+02
0.000000000000000000e+00
0.000000000000000000e+00
0.000000000000000000e+00
0.000000000000000000e+00
0.000000000000000000e+00
0.000000000000000000e+00
0.000000000000000000e+00
2.000000000000000000e+02
0.000000000000000000e+00
0.000000000000000000e+00
0.000000000000000000e+00
0.000000000000000000e+00
0.000000000000000000e+00
0.000000000000000000e+00
0.000000000000000000e+00
0.000000000000000000e+00
0.000000000000000000e+00
0.000000000000000000e+00
0.000000000000000000e+00
0.000000000000000000e+00
0.000000000000000000e+00
0.000000000000000000e+00
0.000000000000000000e+00
4.986000000000000000e+05
1.801000000000000000e+05
4.584000000000000000e+05
3.260000000000000000e+04
4.625000000000000000e+05
2.140000000000000000e+04
2.647000000000000000e+05
5.000000000000000000e+02
4.221000000000000000e+05
1.170000000000000000e+04
2.231000000000000000e+05
6.000000000000000000e+02
1.813000000000000000e+05
0.000000000000000000e+00
3.390000000000000000e+04
0.000000000000000000e+00
3.833000000000000000e+05
6.000000000000000000e+03
1.669000000000000000e+05
1.000000000000000000e+02
1.274000000000000000e+05
0.000000000000000000e+00
1.600000000000000000e+04
0.000000000000000000e+00
8.440000000000000000e+04
0.000000000000000000e+00
7.200000000000000000e+03
0.000000000000000000e+00
5.800000000000000000e+03
0.000000000000000000e+00
0.000000000000000000e+00
0.000000000000000000e+00
3.104000000000000000e+05
4.200000000000000000e+03
1.015000000000000000e+05
0.000000000000000000e+00
6.940000000000000000e+04
0.000000000000000000e+00
5.200000000000000000e+03
0.000000000000000000e+00
4.720000000000000000e+04
0.000000000000000000e+00
3.200000000000000000e+03
0.000000000000000000e+00
1.100000000000000000e+03
0.000000000000000000e+00
0.000000000000000000e+00
0.000000000000000000e+00
2.830000000000000000e+04
0.000000000000000000e+00
6.000000000000000000e+02
0.000000000000000000e+00
6.000000000000000000e+02
0.000000000000000000e+00
0.000000000000000000e+00
0.000000000000000000e+00
2.000000000000000000e+02
0.000000000000000000e+00
0.000000000000000000e+00
0.000000000000000000e+00
0.000000000000000000e+00
0.000000000000000000e+00
0.000000000000000000e+00
0.000000000000000000e+00
2.235000000000000000e+05
1.400000000000000000e+03
5.280000000000000000e+04
0.000000000000000000e+00
3.410000000000000000e+04
0.000000000000000000e+00
1.200000000000000000e+03
0.000000000000000000e+00
2.020000000000000000e+04
0.000000000000000000e+00
6.000000000000000000e+02
0.000000000000000000e+00
4.000000000000000000e+02
0.000000000000000000e+00
0.000000000000000000e+00
0.000000000000000000e+00
1.450000000000000000e+04
0.000000000000000000e+00
3.000000000000000000e+02
0.000000000000000000e+00
0.000000000000000000e+00
0.000000000000000000e+00
0.000000000000000000e+00
0.000000000000000000e+00
0.000000000000000000e+00
0.000000000000000000e+00
0.000000000000000000e+00
0.000000000000000000e+00
0.000000000000000000e+00
0.000000000000000000e+00
0.000000000000000000e+00
0.000000000000000000e+00
7.500000000000000000e+03
0.000000000000000000e+00
1.000000000000000000e+02
0.000000000000000000e+00
0.000000000000000000e+00
0.000000000000000000e+00
0.000000000000000000e+00
0.000000000000000000e+00
0.000000000000000000e+00
0.000000000000000000e+00
0.000000000000000000e+00
0.000000000000000000e+00
0.000000000000000000e+00
0.000000000000000000e+00
0.000000000000000000e+00
0.000000000000000000e+00
0.000000000000000000e+00
0.000000000000000000e+00
0.000000000000000000e+00
0.000000000000000000e+00
0.000000000000000000e+00
0.000000000000000000e+00
0.000000000000000000e+00
0.000000000000000000e+00
0.000000000000000000e+00
0.000000000000000000e+00
0.000000000000000000e+00
0.000000000000000000e+00
0.000000000000000000e+00
0.000000000000000000e+00
0.000000000000000000e+00
0.000000000000000000e+00
1.452000000000000000e+05
8.000000000000000000e+02
2.360000000000000000e+04
0.000000000000000000e+00
1.760000000000000000e+04
0.000000000000000000e+00
4.000000000000000000e+02
0.000000000000000000e+00
8.700000000000000000e+03
0.000000000000000000e+00
1.000000000000000000e+02
0.000000000000000000e+00
0.000000000000000000e+00
0.000000000000000000e+00
0.000000000000000000e+00
0.000000000000000000e+00
4.400000000000000000e+03
0.000000000000000000e+00
0.000000000000000000e+00
0.000000000000000000e+00
0.000000000000000000e+00
0.000000000000000000e+00
0.000000000000000000e+00
0.000000000000000000e+00
0.000000000000000000e+00
0.000000000000000000e+00
0.000000000000000000e+00
0.000000000000000000e+00
0.000000000000000000e+00
0.000000000000000000e+00
0.000000000000000000e+00
0.000000000000000000e+00
2.800000000000000000e+03
0.000000000000000000e+00
0.000000000000000000e+00
0.000000000000000000e+00
0.000000000000000000e+00
0.000000000000000000e+00
0.000000000000000000e+00
0.000000000000000000e+00
0.000000000000000000e+00
0.000000000000000000e+00
0.000000000000000000e+00
0.000000000000000000e+00
0.000000000000000000e+00
0.000000000000000000e+00
0.000000000000000000e+00
0.000000000000000000e+00
0.000000000000000000e+00
0.000000000000000000e+00
0.000000000000000000e+00
0.000000000000000000e+00
0.000000000000000000e+00
0.000000000000000000e+00
0.000000000000000000e+00
0.000000000000000000e+00
0.000000000000000000e+00
0.000000000000000000e+00
0.000000000000000000e+00
0.000000000000000000e+00
0.000000000000000000e+00
0.000000000000000000e+00
0.000000000000000000e+00
0.000000000000000000e+00
9.000000000000000000e+02
0.000000000000000000e+00
0.000000000000000000e+00
0.000000000000000000e+00
1.000000000000000000e+02
0.000000000000000000e+00
0.000000000000000000e+00
0.000000000000000000e+00
0.000000000000000000e+00
0.000000000000000000e+00
0.000000000000000000e+00
0.000000000000000000e+00
0.000000000000000000e+00
0.000000000000000000e+00
0.000000000000000000e+00
0.000000000000000000e+00
0.000000000000000000e+00
0.000000000000000000e+00
0.000000000000000000e+00
0.000000000000000000e+00
0.000000000000000000e+00
0.000000000000000000e+00
0.000000000000000000e+00
0.000000000000000000e+00
0.000000000000000000e+00
0.000000000000000000e+00
0.000000000000000000e+00
0.000000000000000000e+00
0.000000000000000000e+00
0.000000000000000000e+00
0.000000000000000000e+00
0.000000000000000000e+00
0.000000000000000000e+00
0.000000000000000000e+00
0.000000000000000000e+00
0.000000000000000000e+00
0.000000000000000000e+00
0.000000000000000000e+00
0.000000000000000000e+00
0.000000000000000000e+00
0.000000000000000000e+00
0.000000000000000000e+00
0.000000000000000000e+00
0.000000000000000000e+00
0.000000000000000000e+00
0.000000000000000000e+00
0.000000000000000000e+00
0.000000000000000000e+00
0.000000000000000000e+00
0.000000000000000000e+00
0.000000000000000000e+00
0.000000000000000000e+00
0.000000000000000000e+00
0.000000000000000000e+00
0.000000000000000000e+00
0.000000000000000000e+00
0.000000000000000000e+00
0.000000000000000000e+00
0.000000000000000000e+00
0.000000000000000000e+00
0.000000000000000000e+00
0.000000000000000000e+00
0.000000000000000000e+00
0.000000000000000000e+00
