5.041000000000000000e+05
5.000000000000000000e+05
4.978000000000000000e+05
4.965000000000000000e+05
5.030000000000000000e+05
5.022000000000000000e+05
4.980000000000000000e+05
4.919000000000000000e+05
5.008000000000000000e+05
5.003000000000000000e+05
4.962000000000000000e+05
4.969000000000000000e+05
4.992000000000000000e+05
4.977000000000000000e+05
5.042000000000000000e+05
5.021000000000000000e+05
4.980000000000000000e+05
5.002000000000000000e+05
4.986000000000000000e+05
4.929000000000000000e+05
4.899000000000000000e+05
5.045000000000000000e+05
4.987000000000000000e+05
4.940000000000000000e+05
5.017000000000000000e+05
4.931000000000000000e+05
4.997000000000000000e+05
5.005000000000000000e+05
4.936000000000000000e+05
4.887000000000000000e+05
5.053000000000000000e+05
4.884000000000000000e+05
4.968000000000000000e+05
4.995000000000000000e+05
5.081000000000000000e+05
5.043000000000000000e+05
5.019000000000000000e+05
5.038000000000000000e+05
4.961000000000000000e+05
4.893000000000000000e+05
4.997000000000000000e+05
4.958000000000000000e+05
5.053000000000000000e+05
4.994000000000000000e+05
5.002000000000000000e+05
4.985000000000000000e+05
5.003000000000000000e+05
4.684000000000000000e+05
4.978000000000000000e+05
5.038000000000000000e+05
5.071000000000000000e+05
5.054000000000000000e+05
4.985000000000000000e+05
4.999000000000000000e+05
5.017000000000000000e+05
4.594000000000000000e+05
4.949000000000000000e+05
5.086000000000000000e+05
5.056000000000000000e+05
4.394000000000000000e+05
5.013000000000000000e+05
4.337000000000000000e+05
4.880000000000000000e+05
2.424000000000000000e+05
4.998000000000000000e+05
5.039000000000000000e+05
4.966000000000000000e+05
5.012000000000000000e+05
4.993000000000000000e+05
4.937000000000000000e+05
5.033000000000000000e+05
5.021000000000000000e+05
4.918000000000000000e+05
5.038000000000000000e+05
4.967000000000000000e+05
4.929000000000000000e+05
4.984000000000000000e+05
5.024000000000000000e+05
4.996000000000000000e+05
4.489000000000000000e+05
5.028000000000000000e+05
5.042000000000000000e+05
4.934000000000000000e+05
4.936000000000000000e+05
4.916000000000000000e+05
4.980000000000000000e+05
4.885000000000000000e+05
4.268000000000000000e+05
4.948000000000000000e+05
4.872000000000000000e+05
5.028000000000000000e+05
4.120000000000000000e+05
5.038000000000000000e+05
3.854000000000000000e+05
4.915000000000000000e+05
1.840000000000000000e+05
5.046000000000000000e+05
5.065000000000000000e+05
4.955000000000000000e+05
4.932000000000000000e+05
5.027000000000000000e+05
4.825000000000000000e+05
5.013000000000000000e+05
3.978000000000000000e+05
4.957000000000000000e+05
4.828000000000000000e+05
5.016000000000000000e+05
3.702000000000000000e+05
4.971000000000000000e+05
3.303000000000000000e+05
4.927000000000000000e+05
1.263000000000000000e+05
4.969000000000000000e+05
4.633000000000000000e+05
5.031000000000000000e+05
3.049000000000000000e+05
4.958000000000000000e+05
2.719000000000000000e+05
4.842000000000000000e+05
8.020000000000000000e+04
4.956000000000000000e+05
2.149000000000000000e+05
4.755000000000000000e+05
4.770000000000000000e+04
4.585000000000000000e+05
3.140000000000000000e+04
3.061000000000000000e+05
1.300000000000000000e+03
5.025000000000000000e+05
5.017000000000000000e+05
5.003000000000000000e+05
5.000000000000000000e+05
4.894000000000000000e+05
5.018000000000000000e+05
4.961000000000000000e+05
4.927000000000000000e+05
4.937000000000000000e+05
5.081000000000000000e+05
5.033000000000000000e+05
5.003000000000000000e+05
4.962000000000000000e+05
4.942000000000000000e+05
5.030000000000000000e+05
4.002000000000000000e+05
4.961000000000000000e+05
5.100000000000000000e+05
4.994000000000000000e+05
4.807000000000000000e+05
5.006000000000000000e+05
4.883000000000000000e+05
4.944000000000000000e+05
3.662000000000000000e+05
5.019000000000000000e+05
4.747000000000000000e+05
5.046000000000000000e+05
3.325000000000000000e+05
4.967000000000000000e+05
3.025000000000000000e+05
4.835000000000000000e+05
9.860000000000000000e+04
5.089000000000000000e+05
4.986000000000000000e+05
5.065000000000000000e+05
4.707000000000000000e+05
4.983000000000000000e+05
4.706000000000000000e+05
4.916000000000000000e+05
3.162000000000000000e+05
4.999000000000000000e+05
4.548000000000000000e+05
5.055000000000000000e+05
2.637000000000000000e+05
5.024000000000000000e+05
2.186000000000000000e+05
4.769000000000000000e+05
4.970000000000000000e+04
4.990000000000000000e+05
3.999000000000000000e+05
4.959000000000000000e+05
2.075000000000000000e+05
4.988000000000000000e+05
1.601000000000000000e+05
4.565000000000000000e+05
2.770000000000000000e+04
4.952000000000000000e+05
1.121000000000000000e+05
4.303000000000000000e+05
1.340000000000000000e+04
4.235000000000000000e+05
8.100000000000000000e+03
2.402000000000000000e+05
2.000000000000000000e+02
4.979000000000000000e+05
5.091000000000000000e+05
5.043000000000000000e+05
4.495000000000000000e+05
4.936000000000000000e+05
4.291000000000000000e+05
5.017000000000000000e+05
2.225000000000000000e+05
4.943000000000000000e+05
3.780000000000000000e+05
4.941000000000000000e+05
1.706000000000000000e+05
4.954000000000000000e+05
1.356000000000000000e+05
4.507000000000000000e+05
1.830000000000000000e+04
5.070000000000000000e+05
3.386000000000000000e+05
5.063000000000000000e+05
1.202000000000000000e+05
4.931000000000000000e+05
8.230000000000000000e+04
4.274000000000000000e+05
8.600000000000000000e+03
4.911000000000000000e+05
5.400000000000000000e+04
4.116000000000000000e+05
2.700000000000000000e+03
3.762000000000000000e+05
2.300000000000000000e+03
1.772000000000000000e+05
0.000000000000000000e+00
4.926000000000000000e+05
2.451000000000000000e+05
4.888000000000000000e+05
6.690000000000000000e+04
4.888000000000000000e+05
4.330000000000000000e+04
3.928000000000000000e+05
2.600000000000000000e+03
4.880000000000000000e+05
2.660000000000000000e+04
3.546000000000000000e+05
4.000000000000000000e+02
3.198000000000000000e+05
7.000000000000000000e+02
1.181000000000000000e+05
0.000000000000000000e+00
4.620000000000000000e+05
1.580000000000000000e+04
2.962000000000000000e+05
4.000000000000000000e+02
2.635000000000000000e+05
0.000000000000000000e+00
7.880000000000000000e+04
0.000000000000000000e+00
2.113000000000000000e+05
2.000000000000000000e+02
4.410000000000000000e+04
0.000000000000000000e+00
3.110000000000000000e+04
0.000000000000000000e+00
1.000000000000000000e+03
0.000000000000000000e+00
5.005000000000000000e+05
5.079000000000000000e+05
5.002000000000000000e+05
4.901000000000000000e+05
4.994000000000000000e+05
4.942000000000000000e+05
4.944000000000000000e+05
4.851000000000000000e+05
5.021000000000000000e+05
5.049000000000000000e+05
5.027000000000000000e+05
4.759000000000000000e+05
4.954000000000000000e+05
4.617000000000000000e+05
5.109000000000000000e+05
3.022000000000000000e+05
4.953000000000000000e+05
5.027000000000000000e+05
5.002000000000000000e+05
4.582000000000000000e+05
4.929000000000000000e+05
4.389000000000000000e+05
5.044000000000000000e+05
2.520000000000000000e+05
5.006000000000000000e+05
4.179000000000000000e+05
4.978000000000000000e+05
2.028000000000000000e+05
4.990000000000000000e+05
1.620000000000000000e+05
4.552000000000000000e+05
2.810000000000000000e+04
4.999000000000000000e+05
4.939000000000000000e+05
5.027000000000000000e+05
4.195000000000000000e+05
5.009000000000000000e+05
3.882000000000000000e+05
5.054000000000000000e+05
1.852000000000000000e+05
5.034000000000000000e+05
3.488000000000000000e+05
4.898000000000000000e+05
1.322000000000000000e+05
4.994000000000000000e+05
1.031000000000000000e+05
4.262000000000000000e+05
9.900000000000000000e+03
5.015000000000000000e+05
2.842000000000000000e+05
5.043000000000000000e+05
9.210000000000000000e+04
5.041000000000000000e+05
6.010000000000000000e+04
4.069000000000000000e+05
3.800000000000000000e+03
4.729000000000000000e+05
3.700000000000000000e+04
3.768000000000000000e+05
1.100000000000000000e+03
3.562000000000000000e+05
4.000000000000000000e+02
1.461000000000000000e+05
0.000000000000000000e+00
4.889000000000000000e+05
4.896000000000000000e+05
5.020000000000000000e+05
3.463000000000000000e+05
4.893000000000000000e+05
3.131000000000000000e+05
4.932000000000000000e+05
1.045000000000000000e+05
4.983000000000000000e+05
2.459000000000000000e+05
4.884000000000000000e+05
7.030000000000000000e+04
4.939000000000000000e+05
4.600000000000000000e+04
3.924000000000000000e+05
2.900000000000000000e+03
4.960000000000000000e+05
1.929000000000000000e+05
4.854000000000000000e+05
3.920000000000000000e+04
4.848000000000000000e+05
2.330000000000000000e+04
3.581000000000000000e+05
1.100000000000000000e+03
4.757000000000000000e+05
1.510000000000000000e+04
3.221000000000000000e+05
2.000000000000000000e+02
2.847000000000000000e+05
1.000000000000000000e+02
8.610000000000000000e+04
0.000000000000000000e+00
5.032000000000000000e+05
1.279000000000000000e+05
4.695000000000000000e+05
1.800000000000000000e+04
4.561000000000000000e+05
1.170000000000000000e+04
2.935000000000000000e+05
3.000000000000000000e+02
4.393000000000000000e+05
5.900000000000000000e+03
2.509000000000000000e+05
0.000000000000000000e+00
2.138000000000000000e+05
0.000000000000000000e+00
4.240000000000000000e+04
0.000000000000000000e+00
3.998000000000000000e+05
2.800000000000000000e+03
1.897000000000000000e+05
0.000000000000000000e+00
1.541000000000000000e+05
0.000000000000000000e+00
2.720000000000000000e+04
0.000000000000000000e+00
1.081000000000000000e+05
0.000000000000000000e+00
1.240000000000000000e+04
0.000000000000000000e+00
8.200000000000000000e+03
0.000000000000000000e+00
0.000000000000000000e+00
0.000000000000000000e+00
5.058000000000000000e+05
4.408000000000000000e+05
4.977000000000000000e+05
2.411000000000000000e+05
4.994000000000000000e+05
1.999000000000000000e+05
4.858000000000000000e+05
4.190000000000000000e+04
5.060000000000000000e+05
1.516000000000000000e+05
4.811000000000000000e+05
2.300000000000000000e+04
4.796000000000000000e+05
1.790000000000000000e+04
3.194000000000000000e+05
3.000000000000000000e+02
5.013000000000000000e+05
1.048000000000000000e+05
4.610000000000000000e+05
1.310000000000000000e+04
4.501000000000000000e+05
6.900000000000000000e+03
2.713000000000000000e+05
1.000000000000000000e+02
4.241000000000000000e+05
4.500000000000000000e+03
2.215000000000000000e+05
1.000000000000000000e+02
1.828000000000000000e+05
0.000000000000000000e+00
3.840000000000000000e+04
0.000000000000000000e+00
4.943000000000000000e+05
6.380000000000000000e+04
4.298000000000000000e+05
5.400000000000000000e+03
4.051000000000000000e+05
2.700000000000000000e+03
1.990000000000000000e+05
0.000000000000000000e+00
3.658000000000000000e+05
1.800000000000000000e+03
1.457000000000000000e+05
0.000000000000000000e+00
1.162000000000000000e+05
0.000000000000000000e+00
1.660000000000000000e+04
0.000000000000000000e+00
3.073000000000000000e+05
6.000000000000000000e+02
1.001000000000000000e+05
0.000000000000000000e+00
6.860000000000000000e+04
0.000000000000000000e+00
5.300000000000000000e+03
0.000000000000000000e+00
4.650000000000000000e+04
0.000000000000000000e+00
1.400000000000000000e+03
0.000000000000000000e+00
1.300000000000000000e+03
0.000000000000000000e+00
0.000000000000000000e+00
0.000000000000000000e+00
4.748000000000000000e+05
3.720000000000000000e+04
3.649000000000000000e+05
2.400000000000000000e+03
3.249000000000000000e+05
7.000000000000000000e+02
1.199000000000000000e+05
0.000000000000000000e+00
2.779000000000000000e+05
2.000000000000000000e+02
8.100000000000000000e+04
0.000000000000000000e+00
5.550000000000000000e+04
0.000000000000000000e+00
3.500000000000000000e+03
0.000000000000000000e+00
2.162000000000000000e+05
4.000000000000000000e+02
5.180000000000000000e+04
0.000000000000000000e+00
2.920000000000000000e+04
0.000000000000000000e+00
2.100000000000000000e+03
0.000000000000000000e+00
1.990000000000000000e+04
0.000000000000000000e+00
3.000000000000000000e+02
0.000000000000000000e+00
3.000000000000000000e+02
0.000000000000000000e+00
0.000000000000000000e+00
0.000000000000000000e+00
1.472000000000000000e+05
0.000000000000000000e+00
2.310000000000000000e+04
0.000000000000000000e+00
1.380000000000000000e+04
0.000000000000000000e+00
2.000000000000000000e+02
0.000000000000000000e+00
8.500000000000000000e+03
0.000000000000000000e+00
1.000000000000000000e+02
0.000000000000000000e+00
0.000000000000000000e+00
0.000000000000000000e+00
0.000000000000000000e+00
0.000000000000000000e+00
3.800000000000000000e+03
0.000000000000000000e+00
0.000000000000000000e+00
0.000000000000000000e+00
0.000000000000000000e+00
0.000000000000000000e+00
0.000000000000000000e+00
0.000000000000000000e+00
0.000000000000000000e+00
0.000000000000000000e+00
0.000000000000000000e+00
0.000000000000000000e+00
0.000000000000000000e+00
0.000000000000000000e+00
0.000000000000000000e+00
0.000000000000000000e+00
