1.000000000000000000e+05
4.800000000000000000e+04
4.810000000000000000e+04
4.960000000000000000e+04
4.960000000000000000e+04
4.910000000000000000e+04
5.040000000000000000e+04
4.770000000000000000e+04
4.920000000000000000e+04
5.050000000000000000e+04
4.930000000000000000e+04
5.270000000000000000e+04
5.160000000000000000e+04
5.120000000000000000e+04
5.110000000000000000e+04
4.820000000000000000e+04
5.220000000000000000e+04
5.370000000000000000e+04
5.140000000000000000e+04
4.650000000000000000e+04
4.740000000000000000e+04
4.880000000000000000e+04
5.000000000000000000e+04
5.190000000000000000e+04
4.910000000000000000e+04
4.760000000000000000e+04
5.180000000000000000e+04
5.160000000000000000e+04
4.920000000000000000e+04
5.330000000000000000e+04
4.920000000000000000e+04
5.060000000000000000e+04
5.090000000000000000e+04
5.020000000000000000e+04
5.150000000000000000e+04
4.960000000000000000e+04
4.750000000000000000e+04
4.930000000000000000e+04
4.860000000000000000e+04
5.060000000000000000e+04
5.210000000000000000e+04
5.160000000000000000e+04
4.730000000000000000e+04
4.800000000000000000e+04
5.130000000000000000e+04
4.920000000000000000e+04
4.990000000000000000e+04
5.060000000000000000e+04
5.190000000000000000e+04
5.040000000000000000e+04
5.110000000000000000e+04
5.020000000000000000e+04
4.760000000000000000e+04
4.840000000000000000e+04
5.040000000000000000e+04
4.930000000000000000e+04
4.930000000000000000e+04
4.770000000000000000e+04
4.760000000000000000e+04
4.990000000000000000e+04
5.170000000000000000e+04
4.860000000000000000e+04
5.230000000000000000e+04
4.710000000000000000e+04
5.260000000000000000e+04
4.840000000000000000e+04
4.970000000000000000e+04
5.020000000000000000e+04
5.210000000000000000e+04
4.950000000000000000e+04
5.080000000000000000e+04
4.770000000000000000e+04
4.960000000000000000e+04
5.050000000000000000e+04
4.940000000000000000e+04
4.980000000000000000e+04
4.810000000000000000e+04
4.890000000000000000e+04
4.770000000000000000e+04
4.710000000000000000e+04
4.650000000000000000e+04
5.000000000000000000e+04
4.960000000000000000e+04
4.840000000000000000e+04
4.990000000000000000e+04
4.920000000000000000e+04
4.710000000000000000e+04
4.880000000000000000e+04
5.000000000000000000e+04
5.170000000000000000e+04
5.190000000000000000e+04
5.110000000000000000e+04
4.980000000000000000e+04
5.030000000000000000e+04
5.040000000000000000e+04
4.500000000000000000e+04
4.920000000000000000e+04
5.130000000000000000e+04
5.120000000000000000e+04
5.150000000000000000e+04
5.170000000000000000e+04
5.040000000000000000e+04
4.920000000000000000e+04
5.200000000000000000e+04
4.940000000000000000e+04
4.970000000000000000e+04
4.840000000000000000e+04
4.780000000000000000e+04
5.030000000000000000e+04
4.720000000000000000e+04
5.110000000000000000e+04
4.640000000000000000e+04
5.000000000000000000e+04
5.050000000000000000e+04
4.920000000000000000e+04
4.860000000000000000e+04
5.140000000000000000e+04
4.680000000000000000e+04
4.870000000000000000e+04
4.360000000000000000e+04
4.820000000000000000e+04
5.050000000000000000e+04
5.260000000000000000e+04
3.820000000000000000e+04
5.130000000000000000e+04
3.680000000000000000e+04
4.780000000000000000e+04
1.650000000000000000e+04
4.670000000000000000e+04
5.260000000000000000e+04
4.940000000000000000e+04
4.810000000000000000e+04
4.790000000000000000e+04
5.240000000000000000e+04
4.900000000000000000e+04
4.820000000000000000e+04
4.800000000000000000e+04
5.090000000000000000e+04
5.100000000000000000e+04
4.940000000000000000e+04
5.210000000000000000e+04
5.140000000000000000e+04
5.000000000000000000e+04
4.730000000000000000e+04
5.180000000000000000e+04
4.930000000000000000e+04
4.860000000000000000e+04
5.080000000000000000e+04
5.220000000000000000e+04
4.760000000000000000e+04
5.120000000000000000e+04
5.030000000000000000e+04
5.050000000000000000e+04
5.150000000000000000e+04
4.820000000000000000e+04
5.020000000000000000e+04
5.030000000000000000e+04
5.080000000000000000e+04
4.860000000000000000e+04
4.460000000000000000e+04
5.110000000000000000e+04
4.940000000000000000e+04
5.070000000000000000e+04
5.020000000000000000e+04
4.870000000000000000e+04
5.040000000000000000e+04
5.200000000000000000e+04
4.800000000000000000e+04
5.160000000000000000e+04
4.800000000000000000e+04
5.100000000000000000e+04
4.860000000000000000e+04
4.900000000000000000e+04
4.860000000000000000e+04
5.070000000000000000e+04
4.270000000000000000e+04
5.110000000000000000e+04
5.200000000000000000e+04
5.160000000000000000e+04
5.020000000000000000e+04
5.130000000000000000e+04
4.950000000000000000e+04
4.870000000000000000e+04
3.770000000000000000e+04
5.030000000000000000e+04
4.890000000000000000e+04
4.740000000000000000e+04
3.520000000000000000e+04
4.900000000000000000e+04
3.020000000000000000e+04
5.030000000000000000e+04
1.100000000000000000e+04
5.170000000000000000e+04
4.860000000000000000e+04
5.100000000000000000e+04
4.610000000000000000e+04
5.160000000000000000e+04
5.000000000000000000e+04
4.880000000000000000e+04
4.770000000000000000e+04
5.140000000000000000e+04
4.920000000000000000e+04
5.020000000000000000e+04
4.890000000000000000e+04
4.940000000000000000e+04
4.730000000000000000e+04
4.640000000000000000e+04
3.440000000000000000e+04
4.970000000000000000e+04
4.770000000000000000e+04
4.870000000000000000e+04
4.890000000000000000e+04
4.930000000000000000e+04
4.830000000000000000e+04
5.020000000000000000e+04
2.820000000000000000e+04
4.660000000000000000e+04
4.360000000000000000e+04
5.050000000000000000e+04
2.560000000000000000e+04
5.020000000000000000e+04
2.130000000000000000e+04
4.860000000000000000e+04
4.300000000000000000e+03
4.980000000000000000e+04
4.880000000000000000e+04
4.920000000000000000e+04
4.430000000000000000e+04
5.010000000000000000e+04
4.200000000000000000e+04
5.080000000000000000e+04
2.340000000000000000e+04
4.850000000000000000e+04
4.170000000000000000e+04
5.250000000000000000e+04
1.930000000000000000e+04
4.900000000000000000e+04
1.530000000000000000e+04
4.530000000000000000e+04
2.800000000000000000e+03
5.040000000000000000e+04
3.450000000000000000e+04
4.970000000000000000e+04
1.220000000000000000e+04
4.720000000000000000e+04
9.700000000000000000e+03
4.370000000000000000e+04
1.200000000000000000e+03
4.980000000000000000e+04
4.900000000000000000e+03
4.180000000000000000e+04
4.000000000000000000e+02
4.080000000000000000e+04
2.000000000000000000e+02
2.200000000000000000e+04
0.000000000000000000e+00
5.250000000000000000e+04
5.180000000000000000e+04
5.420000000000000000e+04
5.140000000000000000e+04
5.110000000000000000e+04
5.090000000000000000e+04
5.250000000000000000e+04
5.190000000000000000e+04
5.200000000000000000e+04
5.150000000000000000e+04
5.060000000000000000e+04
5.000000000000000000e+04
5.060000000000000000e+04
4.940000000000000000e+04
5.150000000000000000e+04
4.970000000000000000e+04
5.090000000000000000e+04
4.980000000000000000e+04
5.010000000000000000e+04
5.150000000000000000e+04
5.070000000000000000e+04
4.980000000000000000e+04
4.900000000000000000e+04
4.890000000000000000e+04
4.950000000000000000e+04
4.790000000000000000e+04
4.880000000000000000e+04
4.820000000000000000e+04
5.120000000000000000e+04
4.960000000000000000e+04
5.120000000000000000e+04
3.560000000000000000e+04
4.830000000000000000e+04
4.880000000000000000e+04
5.090000000000000000e+04
5.000000000000000000e+04
5.050000000000000000e+04
5.020000000000000000e+04
5.190000000000000000e+04
4.850000000000000000e+04
4.770000000000000000e+04
4.790000000000000000e+04
5.000000000000000000e+04
4.790000000000000000e+04
4.900000000000000000e+04
4.410000000000000000e+04
4.960000000000000000e+04
3.120000000000000000e+04
4.920000000000000000e+04
5.170000000000000000e+04
5.140000000000000000e+04
4.160000000000000000e+04
5.020000000000000000e+04
4.520000000000000000e+04
5.080000000000000000e+04
2.520000000000000000e+04
5.050000000000000000e+04
4.150000000000000000e+04
5.400000000000000000e+04
2.230000000000000000e+04
4.760000000000000000e+04
1.780000000000000000e+04
4.490000000000000000e+04
4.100000000000000000e+03
5.020000000000000000e+04
5.260000000000000000e+04
5.090000000000000000e+04
4.980000000000000000e+04
4.830000000000000000e+04
5.050000000000000000e+04
5.080000000000000000e+04
4.810000000000000000e+04
4.690000000000000000e+04
5.250000000000000000e+04
4.960000000000000000e+04
4.630000000000000000e+04
4.850000000000000000e+04
4.380000000000000000e+04
4.930000000000000000e+04
2.600000000000000000e+04
5.020000000000000000e+04
5.150000000000000000e+04
5.220000000000000000e+04
4.300000000000000000e+04
5.010000000000000000e+04
4.150000000000000000e+04
4.850000000000000000e+04
1.690000000000000000e+04
5.110000000000000000e+04
3.410000000000000000e+04
4.890000000000000000e+04
1.270000000000000000e+04
4.960000000000000000e+04
9.500000000000000000e+03
4.570000000000000000e+04
1.500000000000000000e+03
5.100000000000000000e+04
4.740000000000000000e+04
5.070000000000000000e+04
3.360000000000000000e+04
5.140000000000000000e+04
3.230000000000000000e+04
5.110000000000000000e+04
9.700000000000000000e+03
4.930000000000000000e+04
2.620000000000000000e+04
5.180000000000000000e+04
8.100000000000000000e+03
4.760000000000000000e+04
4.500000000000000000e+03
4.440000000000000000e+04
4.000000000000000000e+02
5.130000000000000000e+04
1.960000000000000000e+04
5.070000000000000000e+04
4.900000000000000000e+03
4.810000000000000000e+04
3.400000000000000000e+03
3.710000000000000000e+04
0.000000000000000000e+00
4.890000000000000000e+04
1.100000000000000000e+03
3.960000000000000000e+04
0.000000000000000000e+00
3.530000000000000000e+04
0.000000000000000000e+00
1.460000000000000000e+04
0.000000000000000000e+00
5.210000000000000000e+04
4.970000000000000000e+04
4.830000000000000000e+04
5.180000000000000000e+04
5.070000000000000000e+04
4.940000000000000000e+04
4.840000000000000000e+04
4.060000000000000000e+04
5.280000000000000000e+04
4.750000000000000000e+04
5.130000000000000000e+04
3.750000000000000000e+04
5.000000000000000000e+04
3.450000000000000000e+04
4.960000000000000000e+04
1.490000000000000000e+04
4.950000000000000000e+04
4.620000000000000000e+04
5.060000000000000000e+04
3.250000000000000000e+04
4.850000000000000000e+04
2.850000000000000000e+04
4.960000000000000000e+04
7.000000000000000000e+03
5.000000000000000000e+04
2.460000000000000000e+04
4.870000000000000000e+04
6.400000000000000000e+03
5.000000000000000000e+04
4.000000000000000000e+03
4.230000000000000000e+04
2.000000000000000000e+02
4.990000000000000000e+04
4.300000000000000000e+04
4.700000000000000000e+04
2.520000000000000000e+04
5.120000000000000000e+04
1.760000000000000000e+04
5.000000000000000000e+04
3.800000000000000000e+03
4.960000000000000000e+04
1.660000000000000000e+04
4.880000000000000000e+04
2.000000000000000000e+03
4.950000000000000000e+04
1.000000000000000000e+03
4.320000000000000000e+04
0.000000000000000000e+00
4.750000000000000000e+04
1.000000000000000000e+04
4.690000000000000000e+04
1.200000000000000000e+03
4.760000000000000000e+04
9.000000000000000000e+02
3.690000000000000000e+04
0.000000000000000000e+00
4.710000000000000000e+04
6.000000000000000000e+02
3.140000000000000000e+04
0.000000000000000000e+00
2.890000000000000000e+04
0.000000000000000000e+00
1.000000000000000000e+04
0.000000000000000000e+00
5.000000000000000000e+04
3.680000000000000000e+04
4.990000000000000000e+04
1.580000000000000000e+04
4.900000000000000000e+04
1.250000000000000000e+04
4.790000000000000000e+04
1.400000000000000000e+03
4.960000000000000000e+04
7.600000000000000000e+03
4.670000000000000000e+04
1.300000000000000000e+03
4.720000000000000000e+04
2.000000000000000000e+02
3.470000000000000000e+04
0.000000000000000000e+00
4.880000000000000000e+04
6.900000000000000000e+03
4.810000000000000000e+04
1.000000000000000000e+02
4.700000000000000000e+04
1.000000000000000000e+02
2.620000000000000000e+04
0.000000000000000000e+00
4.400000000000000000e+04
0.000000000000000000e+00
2.300000000000000000e+04
0.000000000000000000e+00
1.810000000000000000e+04
0.000000000000000000e+00
3.200000000000000000e+03
0.000000000000000000e+00
5.080000000000000000e+04
3.100000000000000000e+03
4.410000000000000000e+04
1.000000000000000000e+02
4.270000000000000000e+04
1.000000000000000000e+02
2.320000000000000000e+04
0.000000000000000000e+00
3.940000000000000000e+04
0.000000000000000000e+00
1.790000000000000000e+04
0.000000000000000000e+00
1.210000000000000000e+04
0.000000000000000000e+00
2.300000000000000000e+03
0.000000000000000000e+00
3.290000000000000000e+04
0.000000000000000000e+00
1.120000000000000000e+04
0.000000000000000000e+00
8.700000000000000000e+03
0.000000000000000000e+00
9.000000000000000000e+02
0.000000000000000000e+00
6.200000000000000000e+03
0.000000000000000000e+00
6.000000000000000000e+02
0.000000000000000000e+00
4.000000000000000000e+02
0.000000000000000000e+00
0.000000000000000000e+00
0.000000000000000000e+00
5.000000000000000000e+04
4.560000000000000000e+04
5.070000000000000000e+04
5.030000000000000000e+04
4.730000000000000000e+04
4.990000000000000000e+04
5.140000000000000000e+04
4.950000000000000000e+04
5.040000000000000000e+04
5.210000000000000000e+04
5.020000000000000000e+04
4.920000000000000000e+04
4.980000000000000000e+04
4.770000000000000000e+04
4.790000000000000000e+04
4.370000000000000000e+04
4.900000000000000000e+04
5.160000000000000000e+04
4.970000000000000000e+04
5.180000000000000000e+04
5.260000000000000000e+04
5.020000000000000000e+04
5.160000000000000000e+04
4.460000000000000000e+04
5.130000000000000000e+04
5.240000000000000000e+04
4.960000000000000000e+04
4.490000000000000000e+04
4.950000000000000000e+04
4.170000000000000000e+04
4.790000000000000000e+04
2.520000000000000000e+04
4.940000000000000000e+04
4.910000000000000000e+04
4.920000000000000000e+04
4.890000000000000000e+04
4.820000000000000000e+04
4.650000000000000000e+04
4.920000000000000000e+04
4.620000000000000000e+04
4.790000000000000000e+04
5.080000000000000000e+04
5.100000000000000000e+04
4.070000000000000000e+04
5.110000000000000000e+04
3.620000000000000000e+04
4.910000000000000000e+04
1.880000000000000000e+04
5.170000000000000000e+04
5.050000000000000000e+04
5.050000000000000000e+04
3.660000000000000000e+04
4.760000000000000000e+04
3.280000000000000000e+04
5.040000000000000000e+04
1.220000000000000000e+04
4.970000000000000000e+04
2.880000000000000000e+04
5.170000000000000000e+04
8.700000000000000000e+03
5.260000000000000000e+04
5.600000000000000000e+03
4.160000000000000000e+04
5.000000000000000000e+02
5.160000000000000000e+04
4.830000000000000000e+04
4.930000000000000000e+04
4.810000000000000000e+04
4.840000000000000000e+04
4.650000000000000000e+04
5.110000000000000000e+04
3.820000000000000000e+04
5.120000000000000000e+04
4.670000000000000000e+04
4.860000000000000000e+04
3.450000000000000000e+04
5.200000000000000000e+04
2.890000000000000000e+04
4.980000000000000000e+04
1.090000000000000000e+04
4.720000000000000000e+04
4.780000000000000000e+04
5.330000000000000000e+04
2.930000000000000000e+04
5.100000000000000000e+04
2.440000000000000000e+04
5.330000000000000000e+04
8.000000000000000000e+03
4.960000000000000000e+04
2.040000000000000000e+04
4.890000000000000000e+04
3.600000000000000000e+03
5.080000000000000000e+04
2.200000000000000000e+03
4.000000000000000000e+04
2.000000000000000000e+02
4.970000000000000000e+04
3.870000000000000000e+04
5.120000000000000000e+04
2.060000000000000000e+04
5.140000000000000000e+04
1.600000000000000000e+04
5.020000000000000000e+04
2.800000000000000000e+03
5.180000000000000000e+04
1.300000000000000000e+04
4.930000000000000000e+04
1.800000000000000000e+03
4.680000000000000000e+04
1.100000000000000000e+03
3.450000000000000000e+04
0.000000000000000000e+00
5.090000000000000000e+04
6.800000000000000000e+03
4.820000000000000000e+04
1.100000000000000000e+03
4.780000000000000000e+04
6.000000000000000000e+02
3.160000000000000000e+04
0.000000000000000000e+00
4.460000000000000000e+04
2.000000000000000000e+02
2.600000000000000000e+04
0.000000000000000000e+00
2.420000000000000000e+04
0.000000000000000000e+00
6.300000000000000000e+03
0.000000000000000000e+00
5.170000000000000000e+04
5.130000000000000000e+04
5.270000000000000000e+04
4.940000000000000000e+04
4.890000000000000000e+04
4.500000000000000000e+04
5.010000000000000000e+04
2.920000000000000000e+04
4.910000000000000000e+04
4.520000000000000000e+04
5.000000000000000000e+04
2.290000000000000000e+04
5.160000000000000000e+04
1.820000000000000000e+04
5.000000000000000000e+04
3.900000000000000000e+03
4.840000000000000000e+04
3.460000000000000000e+04
4.840000000000000000e+04
1.920000000000000000e+04
5.130000000000000000e+04
1.360000000000000000e+04
4.940000000000000000e+04
2.400000000000000000e+03
5.110000000000000000e+04
7.900000000000000000e+03
4.940000000000000000e+04
8.000000000000000000e+02
4.820000000000000000e+04
5.000000000000000000e+02
3.530000000000000000e+04
0.000000000000000000e+00
4.850000000000000000e+04
3.050000000000000000e+04
5.060000000000000000e+04
1.030000000000000000e+04
4.760000000000000000e+04
7.300000000000000000e+03
4.750000000000000000e+04
7.000000000000000000e+02
5.080000000000000000e+04
5.600000000000000000e+03
4.720000000000000000e+04
4.000000000000000000e+02
4.880000000000000000e+04
2.000000000000000000e+02
3.010000000000000000e+04
0.000000000000000000e+00
5.310000000000000000e+04
4.100000000000000000e+03
4.560000000000000000e+04
0.000000000000000000e+00
4.220000000000000000e+04
0.000000000000000000e+00
2.530000000000000000e+04
0.000000000000000000e+00
4.180000000000000000e+04
0.000000000000000000e+00
1.830000000000000000e+04
0.000000000000000000e+00
1.450000000000000000e+04
0.000000000000000000e+00
3.000000000000000000e+03
0.000000000000000000e+00
5.150000000000000000e+04
2.220000000000000000e+04
4.900000000000000000e+04
5.900000000000000000e+03
4.880000000000000000e+04
3.000000000000000000e+03
4.610000000000000000e+04
3.000000000000000000e+02
4.990000000000000000e+04
2.900000000000000000e+03
4.300000000000000000e+04
0.000000000000000000e+00
4.250000000000000000e+04
0.000000000000000000e+00
2.240000000000000000e+04
0.000000000000000000e+00
4.980000000000000000e+04
1.400000000000000000e+03
4.120000000000000000e+04
0.000000000000000000e+00
3.910000000000000000e+04
0.000000000000000000e+00
1.650000000000000000e+04
0.000000000000000000e+00
3.110000000000000000e+04
0.000000000000000000e+00
1.200000000000000000e+04
0.000000000000000000e+00
8.400000000000000000e+03
0.000000000000000000e+00
1.000000000000000000e+02
0.000000000000000000e+00
4.880000000000000000e+04
3.000000000000000000e+02
3.730000000000000000e+04
1.000000000000000000e+02
2.960000000000000000e+04
0.000000000000000000e+00
1.100000000000000000e+04
0.000000000000000000e+00
2.730000000000000000e+04
0.000000000000000000e+00
8.100000000000000000e+03
0.000000000000000000e+00
4.400000000000000000e+03
0.000000000000000000e+00
2.000000000000000000e+02
0.000000000000000000e+00
1.950000000000000000e+04
0.000000000000000000e+00
3.000000000000000000e+03
0.000000000000000000e+00
2.500000000000000000e+03
0.000000000000000000e+00
1.000000000000000000e+02
0.000000000000000000e+00
1.200000000000000000e+03
0.000000000000000000e+00
0.000000000000000000e+00
0.000000000000000000e+00
0.000000000000000000e+00
0.000000000000000000e+00
0.000000000000000000e+00
0.000000000000000000e+00
4.990000000000000000e+04
5.070000000000000000e+04
5.090000000000000000e+04
4.030000000000000000e+04
5.070000000000000000e+04
3.770000000000000000e+04
4.950000000000000000e+04
1.640000000000000000e+04
5.160000000000000000e+04
3.250000000000000000e+04
5.110000000000000000e+04
1.130000000000000000e+04
5.060000000000000000e+04
7.100000000000000000e+03
4.730000000000000000e+04
5.000000000000000000e+02
5.160000000000000000e+04
2.580000000000000000e+04
5.080000000000000000e+04
7.100000000000000000e+03
4.760000000000000000e+04
4.700000000000000000e+03
4.600000000000000000e+04
1.000000000000000000e+02
5.000000000000000000e+04
2.700000000000000000e+03
4.810000000000000000e+04
2.000000000000000000e+02
4.110000000000000000e+04
0.000000000000000000e+00
2.530000000000000000e+04
0.000000000000000000e+00
4.930000000000000000e+04
1.880000000000000000e+04
5.110000000000000000e+04
3.400000000000000000e+03
4.890000000000000000e+04
2.700000000000000000e+03
4.470000000000000000e+04
0.000000000000000000e+00
4.870000000000000000e+04
9.000000000000000000e+02
4.130000000000000000e+04
0.000000000000000000e+00
4.200000000000000000e+04
0.000000000000000000e+00
2.170000000000000000e+04
0.000000000000000000e+00
4.660000000000000000e+04
1.000000000000000000e+03
3.890000000000000000e+04
0.000000000000000000e+00
3.400000000000000000e+04
0.000000000000000000e+00
1.420000000000000000e+04
0.000000000000000000e+00
3.050000000000000000e+04
0.000000000000000000e+00
9.500000000000000000e+03
0.000000000000000000e+00
7.700000000000000000e+03
0.000000000000000000e+00
6.000000000000000000e+02
0.000000000000000000e+00
5.020000000000000000e+04
1.370000000000000000e+04
4.770000000000000000e+04
2.500000000000000000e+03
4.720000000000000000e+04
9.000000000000000000e+02
3.610000000000000000e+04
2.000000000000000000e+02
4.760000000000000000e+04
7.000000000000000000e+02
3.670000000000000000e+04
0.000000000000000000e+00
3.020000000000000000e+04
0.000000000000000000e+00
9.700000000000000000e+03
0.000000000000000000e+00
4.620000000000000000e+04
2.000000000000000000e+02
2.990000000000000000e+04
0.000000000000000000e+00
2.500000000000000000e+04
0.000000000000000000e+00
6.600000000000000000e+03
0.000000000000000000e+00
2.080000000000000000e+04
0.000000000000000000e+00
3.700000000000000000e+03
0.000000000000000000e+00
3.300000000000000000e+03
0.000000000000000000e+00
1.000000000000000000e+02
0.000000000000000000e+00
4.090000000000000000e+04
1.000000000000000000e+02
2.290000000000000000e+04
0.000000000000000000e+00
1.870000000000000000e+04
0.000000000000000000e+00
3.400000000000000000e+03
0.000000000000000000e+00
1.270000000000000000e+04
0.000000000000000000e+00
2.800000000000000000e+03
0.000000000000000000e+00
1.100000000000000000e+03
0.000000000000000000e+00
0.000000000000000000e+00
0.000000000000000000e+00
9.000000000000000000e+03
0.000000000000000000e+00
8.000000000000000000e+02
0.000000000000000000e+00
1.200000000000000000e+03
0.000000000000000000e+00
0.000000000000000000e+00
0.000000000000000000e+00
3.000000000000000000e+02
0.000000000000000000e+00
0.000000000000000000e+00
0.000000000000000000e+00
0.000000000000000000e+00
0.000000000000000000e+00
0.000000000000000000e+00
0.000000000000000000e+00
5.040000000000000000e+04
7.000000000000000000e+03
4.900000000000000000e+04
7.000000000000000000e+02
4.500000000000000000e+04
3.000000000000000000e+02
3.020000000000000000e+04
0.000000000000000000e+00
4.660000000000000000e+04
0.000000000000000000e+00
2.660000000000000000e+04
0.000000000000000000e+00
2.240000000000000000e+04
0.000000000000000000e+00
5.100000000000000000e+03
0.000000000000000000e+00
3.820000000000000000e+04
0.000000000000000000e+00
1.940000000000000000e+04
0.000000000000000000e+00
1.470000000000000000e+04
0.000000000000000000e+00
2.300000000000000000e+03
0.000000000000000000e+00
1.100000000000000000e+04
0.000000000000000000e+00
1.600000000000000000e+03
0.000000000000000000e+00
7.000000000000000000e+02
0.000000000000000000e+00
0.000000000000000000e+00
0.000000000000000000e+00
3.510000000000000000e+04
0.000000000000000000e+00
1.160000000000000000e+04
0.000000000000000000e+00
7.800000000000000000e+03
0.000000000000000000e+00
4.000000000000000000e+02
0.000000000000000000e+00
5.300000000000000000e+03
0.000000000000000000e+00
3.000000000000000000e+02
0.000000000000000000e+00
1.000000000000000000e+02
0.000000000000000000e+00
0.000000000000000000e+00
0.000000000000000000e+00
3.100000000000000000e+03
0.000000000000000000e+00
0.000000000000000000e+00
0.000000000000000000e+00
2.000000000000000000e+02
0.000000000000000000e+00
0.000000000000000000e+00
0.000000000000000000e+00
0.000000000000000000e+00
0.000000000000000000e+00
0.000000000000000000e+00
0.000000000000000000e+00
0.000000000000000000e+00
0.000000000000000000e+00
0.000000000000000000e+00
0.000000000000000000e+00
2.350000000000000000e+04
0.000000000000000000e+00
6.100000000000000000e+03
0.000000000000000000e+00
4.000000000000000000e+03
0.000000000000000000e+00
3.000000000000000000e+02
0.000000000000000000e+00
1.700000000000000000e+03
0.000000000000000000e+00
0.000000000000000000e+00
0.000000000000000000e+00
0.000000000000000000e+00
0.000000000000000000e+00
0.000000000000000000e+00
0.000000000000000000e+00
1.500000000000000000e+03
0.000000000000000000e+00
1.000000000000000000e+02
0.000000000000000000e+00
1.000000000000000000e+02
0.000000000000000000e+00
0.000000000000000000e+00
0.000000000000000000e+00
0.000000000000000000e+00
0.000000000000000000e+00
0.000000000000000000e+00
0.000000000000000000e+00
0.000000000000000000e+00
0.000000000000000000e+00
0.000000000000000000e+00
0.000000000000000000e+00
1.300000000000000000e+03
0.000000000000000000e+00
0.000000000000000000e+00
0.000000000000000000e+00
0.000000000000000000e+00
0.000000000000000000e+00
0.000000000000000000e+00
0.000000000000000000e+00
0.000000000000000000e+00
0.000000000000000000e+00
0.000000000000000000e+00
0.000000000000000000e+00
0.000000000000000000e+00
0.000000000000000000e+00
0.000000000000000000e+00
0.000000000000000000e+00
0.000000000000000000e+00
0.000000000000000000e+00
0.000000000000000000e+00
0.000000000000000000e+00
0.000000000000000000e+00
0.000000000000000000e+00
0.000000000000000000e+00
0.000000000000000000e+00
0.000000000000000000e+00
0.000000000000000000e+00
0.000000000000000000e+00
0.000000000000000000e+00
0.000000000000000000e+00
0.000000000000000000e+00
0.000000000000000000e+00
0.000000000000000000e+00
