5.097000000000000000e+05
5.023000000000000000e+05
5.045000000000000000e+05
5.040000000000000000e+05
4.987000000000000000e+05
4.996000000000000000e+05
4.958000000000000000e+05
4.939000000000000000e+05
5.033000000000000000e+05
4.987000000000000000e+05
4.941000000000000000e+05
4.969000000000000000e+05
4.944000000000000000e+05
5.045000000000000000e+05
5.048000000000000000e+05
4.997000000000000000e+05
5.025000000000000000e+05
4.958000000000000000e+05
4.967000000000000000e+05
5.097000000000000000e+05
5.060000000000000000e+05
5.023000000000000000e+05
4.907000000000000000e+05
4.957000000000000000e+05
4.986000000000000000e+05
5.049000000000000000e+05
5.040000000000000000e+05
4.940000000000000000e+05
4.953000000000000000e+05
4.950000000000000000e+05
5.007000000000000000e+05
5.003000000000000000e+05
5.045000000000000000e+05
4.923000000000000000e+05
5.009000000000000000e+05
4.996000000000000000e+05
4.951000000000000000e+05
4.989000000000000000e+05
4.953000000000000000e+05
5.029000000000000000e+05
4.946000000000000000e+05
4.990000000000000000e+05
5.052000000000000000e+05
4.905000000000000000e+05
4.987000000000000000e+05
5.044000000000000000e+05
5.034000000000000000e+05
4.968000000000000000e+05
4.975000000000000000e+05
5.112000000000000000e+05
5.069000000000000000e+05
5.001000000000000000e+05
4.973000000000000000e+05
5.047000000000000000e+05
4.968000000000000000e+05
4.979000000000000000e+05
5.129000000000000000e+05
4.992000000000000000e+05
4.985000000000000000e+05
5.043000000000000000e+05
5.023000000000000000e+05
4.874000000000000000e+05
4.986000000000000000e+05
4.008000000000000000e+05
5.066000000000000000e+05
5.043000000000000000e+05
4.957000000000000000e+05
4.982000000000000000e+05
5.119000000000000000e+05
5.050000000000000000e+05
4.983000000000000000e+05
5.026000000000000000e+05
4.985000000000000000e+05
4.923000000000000000e+05
4.989000000000000000e+05
5.005000000000000000e+05
4.974000000000000000e+05
5.009000000000000000e+05
4.969000000000000000e+05
4.909000000000000000e+05
5.020000000000000000e+05
5.027000000000000000e+05
4.995000000000000000e+05
5.023000000000000000e+05
4.979000000000000000e+05
5.017000000000000000e+05
4.975000000000000000e+05
4.883000000000000000e+05
4.944000000000000000e+05
4.907000000000000000e+05
5.087000000000000000e+05
4.857000000000000000e+05
4.935000000000000000e+05
4.769000000000000000e+05
4.999000000000000000e+05
3.519000000000000000e+05
4.953000000000000000e+05
5.022000000000000000e+05
5.003000000000000000e+05
5.053000000000000000e+05
4.984000000000000000e+05
4.971000000000000000e+05
4.939000000000000000e+05
4.871000000000000000e+05
4.994000000000000000e+05
4.960000000000000000e+05
5.078000000000000000e+05
4.671000000000000000e+05
5.070000000000000000e+05
4.647000000000000000e+05
5.046000000000000000e+05
3.129000000000000000e+05
5.014000000000000000e+05
4.948000000000000000e+05
5.075000000000000000e+05
4.559000000000000000e+05
4.992000000000000000e+05
4.466000000000000000e+05
5.025000000000000000e+05
2.595000000000000000e+05
4.973000000000000000e+05
4.110000000000000000e+05
4.931000000000000000e+05
2.226000000000000000e+05
4.987000000000000000e+05
1.745000000000000000e+05
4.279000000000000000e+05
2.970000000000000000e+04
4.874000000000000000e+05
4.971000000000000000e+05
4.945000000000000000e+05
5.015000000000000000e+05
5.103000000000000000e+05
4.924000000000000000e+05
4.985000000000000000e+05
4.983000000000000000e+05
4.975000000000000000e+05
5.002000000000000000e+05
5.004000000000000000e+05
4.939000000000000000e+05
4.996000000000000000e+05
4.878000000000000000e+05
5.013000000000000000e+05
4.867000000000000000e+05
4.971000000000000000e+05
4.950000000000000000e+05
4.889000000000000000e+05
4.967000000000000000e+05
5.011000000000000000e+05
5.031000000000000000e+05
5.039000000000000000e+05
4.748000000000000000e+05
5.031000000000000000e+05
4.855000000000000000e+05
5.007000000000000000e+05
4.554000000000000000e+05
4.936000000000000000e+05
4.537000000000000000e+05
4.976000000000000000e+05
2.762000000000000000e+05
4.987000000000000000e+05
4.976000000000000000e+05
4.952000000000000000e+05
5.044000000000000000e+05
4.947000000000000000e+05
4.899000000000000000e+05
5.018000000000000000e+05
4.511000000000000000e+05
4.968000000000000000e+05
4.889000000000000000e+05
5.071000000000000000e+05
4.318000000000000000e+05
5.016000000000000000e+05
4.183000000000000000e+05
4.991000000000000000e+05
2.165000000000000000e+05
5.042000000000000000e+05
4.865000000000000000e+05
5.091000000000000000e+05
4.013000000000000000e+05
5.025000000000000000e+05
3.771000000000000000e+05
4.947000000000000000e+05
1.691000000000000000e+05
5.001000000000000000e+05
3.291000000000000000e+05
4.965000000000000000e+05
1.188000000000000000e+05
4.861000000000000000e+05
8.970000000000000000e+04
3.906000000000000000e+05
7.400000000000000000e+03
4.978000000000000000e+05
5.012000000000000000e+05
5.020000000000000000e+05
4.995000000000000000e+05
4.984000000000000000e+05
4.947000000000000000e+05
5.054000000000000000e+05
4.048000000000000000e+05
4.976000000000000000e+05
4.900000000000000000e+05
4.989000000000000000e+05
3.744000000000000000e+05
4.993000000000000000e+05
3.499000000000000000e+05
5.008000000000000000e+05
1.368000000000000000e+05
4.965000000000000000e+05
4.728000000000000000e+05
4.979000000000000000e+05
3.300000000000000000e+05
5.062000000000000000e+05
2.948000000000000000e+05
4.902000000000000000e+05
9.620000000000000000e+04
5.026000000000000000e+05
2.339000000000000000e+05
4.795000000000000000e+05
5.640000000000000000e+04
4.805000000000000000e+05
3.820000000000000000e+04
3.501000000000000000e+05
1.100000000000000000e+03
4.994000000000000000e+05
4.435000000000000000e+05
4.974000000000000000e+05
2.477000000000000000e+05
5.046000000000000000e+05
2.044000000000000000e+05
4.843000000000000000e+05
4.140000000000000000e+04
5.028000000000000000e+05
1.593000000000000000e+05
4.756000000000000000e+05
2.810000000000000000e+04
4.652000000000000000e+05
1.900000000000000000e+04
3.135000000000000000e+05
2.000000000000000000e+02
4.969000000000000000e+05
1.100000000000000000e+05
4.545000000000000000e+05
1.390000000000000000e+04
4.446000000000000000e+05
7.600000000000000000e+03
2.602000000000000000e+05
1.000000000000000000e+02
4.214000000000000000e+05
4.000000000000000000e+03
2.136000000000000000e+05
0.000000000000000000e+00
1.769000000000000000e+05
0.000000000000000000e+00
2.960000000000000000e+04
0.000000000000000000e+00
4.968000000000000000e+05
5.061000000000000000e+05
4.916000000000000000e+05
4.971000000000000000e+05
4.998000000000000000e+05
4.949000000000000000e+05
4.916000000000000000e+05
4.943000000000000000e+05
4.932000000000000000e+05
5.082000000000000000e+05
4.968000000000000000e+05
4.954000000000000000e+05
5.017000000000000000e+05
5.036000000000000000e+05
5.072000000000000000e+05
4.419000000000000000e+05
4.957000000000000000e+05
5.044000000000000000e+05
5.013000000000000000e+05
5.040000000000000000e+05
5.049000000000000000e+05
5.034000000000000000e+05
4.940000000000000000e+05
4.287000000000000000e+05
5.042000000000000000e+05
4.826000000000000000e+05
4.994000000000000000e+05
3.935000000000000000e+05
5.008000000000000000e+05
3.672000000000000000e+05
4.938000000000000000e+05
1.671000000000000000e+05
5.065000000000000000e+05
5.076000000000000000e+05
4.993000000000000000e+05
4.897000000000000000e+05
4.952000000000000000e+05
4.880000000000000000e+05
4.973000000000000000e+05
3.759000000000000000e+05
4.989000000000000000e+05
4.760000000000000000e+05
5.106000000000000000e+05
3.366000000000000000e+05
4.892000000000000000e+05
3.069000000000000000e+05
4.940000000000000000e+05
1.002000000000000000e+05
5.066000000000000000e+05
4.631000000000000000e+05
5.072000000000000000e+05
2.802000000000000000e+05
5.024000000000000000e+05
2.402000000000000000e+05
4.823000000000000000e+05
5.810000000000000000e+04
4.929000000000000000e+05
1.842000000000000000e+05
4.799000000000000000e+05
3.560000000000000000e+04
4.734000000000000000e+05
2.290000000000000000e+04
3.360000000000000000e+05
3.000000000000000000e+02
4.996000000000000000e+05
5.026000000000000000e+05
4.976000000000000000e+05
4.681000000000000000e+05
4.985000000000000000e+05
4.681000000000000000e+05
4.976000000000000000e+05
3.020000000000000000e+05
5.035000000000000000e+05
4.433000000000000000e+05
4.994000000000000000e+05
2.534000000000000000e+05
4.973000000000000000e+05
2.138000000000000000e+05
4.808000000000000000e+05
4.400000000000000000e+04
4.974000000000000000e+05
3.990000000000000000e+05
5.006000000000000000e+05
1.863000000000000000e+05
4.963000000000000000e+05
1.488000000000000000e+05
4.629000000000000000e+05
2.110000000000000000e+04
5.135000000000000000e+05
1.062000000000000000e+05
4.665000000000000000e+05
1.350000000000000000e+04
4.620000000000000000e+05
8.100000000000000000e+03
2.801000000000000000e+05
0.000000000000000000e+00
5.053000000000000000e+05
3.390000000000000000e+05
4.994000000000000000e+05
1.249000000000000000e+05
5.043000000000000000e+05
9.470000000000000000e+04
4.550000000000000000e+05
7.700000000000000000e+03
4.979000000000000000e+05
5.700000000000000000e+04
4.354000000000000000e+05
3.600000000000000000e+03
4.181000000000000000e+05
2.300000000000000000e+03
2.250000000000000000e+05
0.000000000000000000e+00
4.974000000000000000e+05
3.590000000000000000e+04
4.029000000000000000e+05
1.300000000000000000e+03
3.721000000000000000e+05
7.000000000000000000e+02
1.682000000000000000e+05
0.000000000000000000e+00
3.279000000000000000e+05
4.000000000000000000e+02
1.274000000000000000e+05
0.000000000000000000e+00
8.650000000000000000e+04
0.000000000000000000e+00
9.000000000000000000e+03
0.000000000000000000e+00
4.986000000000000000e+05
4.880000000000000000e+05
5.018000000000000000e+05
4.237000000000000000e+05
5.003000000000000000e+05
4.049000000000000000e+05
4.918000000000000000e+05
1.885000000000000000e+05
5.064000000000000000e+05
3.577000000000000000e+05
4.991000000000000000e+05
1.466000000000000000e+05
4.942000000000000000e+05
1.112000000000000000e+05
4.677000000000000000e+05
1.180000000000000000e+04
5.009000000000000000e+05
2.896000000000000000e+05
4.930000000000000000e+05
9.140000000000000000e+04
4.955000000000000000e+05
6.520000000000000000e+04
4.371000000000000000e+05
5.400000000000000000e+03
4.944000000000000000e+05
4.360000000000000000e+04
4.177000000000000000e+05
1.900000000000000000e+03
4.108000000000000000e+05
1.300000000000000000e+03
1.942000000000000000e+05
0.000000000000000000e+00
5.006000000000000000e+05
2.184000000000000000e+05
4.917000000000000000e+05
4.860000000000000000e+04
4.890000000000000000e+05
3.280000000000000000e+04
3.981000000000000000e+05
1.000000000000000000e+03
4.924000000000000000e+05
1.950000000000000000e+04
3.835000000000000000e+05
2.000000000000000000e+02
3.420000000000000000e+05
5.000000000000000000e+02
1.407000000000000000e+05
0.000000000000000000e+00
4.736000000000000000e+05
1.030000000000000000e+04
3.354000000000000000e+05
0.000000000000000000e+00
2.816000000000000000e+05
0.000000000000000000e+00
9.230000000000000000e+04
0.000000000000000000e+00
2.341000000000000000e+05
0.000000000000000000e+00
5.870000000000000000e+04
0.000000000000000000e+00
4.040000000000000000e+04
0.000000000000000000e+00
1.500000000000000000e+03
0.000000000000000000e+00
5.012000000000000000e+05
1.560000000000000000e+05
4.858000000000000000e+05
2.300000000000000000e+04
4.797000000000000000e+05
1.670000000000000000e+04
3.443000000000000000e+05
1.000000000000000000e+02
4.593000000000000000e+05
7.400000000000000000e+03
2.985000000000000000e+05
1.000000000000000000e+02
2.587000000000000000e+05
0.000000000000000000e+00
7.400000000000000000e+04
0.000000000000000000e+00
4.405000000000000000e+05
4.600000000000000000e+03
2.371000000000000000e+05
0.000000000000000000e+00
1.909000000000000000e+05
0.000000000000000000e+00
3.660000000000000000e+04
0.000000000000000000e+00
1.460000000000000000e+05
0.000000000000000000e+00
2.210000000000000000e+04
0.000000000000000000e+00
1.510000000000000000e+04
0.000000000000000000e+00
1.000000000000000000e+02
0.000000000000000000e+00
3.722000000000000000e+05
1.900000000000000000e+03
1.689000000000000000e+05
0.000000000000000000e+00
1.311000000000000000e+05
0.000000000000000000e+00
1.790000000000000000e+04
0.000000000000000000e+00
9.060000000000000000e+04
0.000000000000000000e+00
9.100000000000000000e+03
0.000000000000000000e+00
6.100000000000000000e+03
0.000000000000000000e+00
0.000000000000000000e+00
0.000000000000000000e+00
5.660000000000000000e+04
0.000000000000000000e+00
4.000000000000000000e+03
0.000000000000000000e+00
2.800000000000000000e+03
0.000000000000000000e+00
0.000000000000000000e+00
0.000000000000000000e+00
1.200000000000000000e+03
0.000000000000000000e+00
0.000000000000000000e+00
0.000000000000000000e+00
0.000000000000000000e+00
0.000000000000000000e+00
0.000000000000000000e+00
0.000000000000000000e+00
4.944000000000000000e+05
4.939000000000000000e+05
5.040000000000000000e+05
4.977000000000000000e+05
5.077000000000000000e+05
5.032000000000000000e+05
5.056000000000000000e+05
4.907000000000000000e+05
4.891000000000000000e+05
4.934000000000000000e+05
4.987000000000000000e+05
4.809000000000000000e+05
4.901000000000000000e+05
4.842000000000000000e+05
4.888000000000000000e+05
3.483000000000000000e+05
4.952000000000000000e+05
5.043000000000000000e+05
4.991000000000000000e+05
4.732000000000000000e+05
5.002000000000000000e+05
4.671000000000000000e+05
4.982000000000000000e+05
2.912000000000000000e+05
4.987000000000000000e+05
4.430000000000000000e+05
4.996000000000000000e+05
2.489000000000000000e+05
4.977000000000000000e+05
2.184000000000000000e+05
4.749000000000000000e+05
4.450000000000000000e+04
5.034000000000000000e+05
4.979000000000000000e+05
4.997000000000000000e+05
4.444000000000000000e+05
5.041000000000000000e+05
4.264000000000000000e+05
4.993000000000000000e+05
2.246000000000000000e+05
4.993000000000000000e+05
3.834000000000000000e+05
5.065000000000000000e+05
1.749000000000000000e+05
5.035000000000000000e+05
1.412000000000000000e+05
4.644000000000000000e+05
1.810000000000000000e+04
5.012000000000000000e+05
3.331000000000000000e+05
4.942000000000000000e+05
1.235000000000000000e+05
5.031000000000000000e+05
9.130000000000000000e+04
4.479000000000000000e+05
7.900000000000000000e+03
4.933000000000000000e+05
6.110000000000000000e+04
4.400000000000000000e+05
4.100000000000000000e+03
4.143000000000000000e+05
2.300000000000000000e+03
2.288000000000000000e+05
0.000000000000000000e+00
4.986000000000000000e+05
4.939000000000000000e+05
4.983000000000000000e+05
3.961000000000000000e+05
4.913000000000000000e+05
3.538000000000000000e+05
4.986000000000000000e+05
1.387000000000000000e+05
5.042000000000000000e+05
3.050000000000000000e+05
4.960000000000000000e+05
1.003000000000000000e+05
5.023000000000000000e+05
6.770000000000000000e+04
4.452000000000000000e+05
4.800000000000000000e+03
5.004000000000000000e+05
2.392000000000000000e+05
4.951000000000000000e+05
6.000000000000000000e+04
4.966000000000000000e+05
4.010000000000000000e+04
4.252000000000000000e+05
2.100000000000000000e+03
4.875000000000000000e+05
2.130000000000000000e+04
3.981000000000000000e+05
7.000000000000000000e+02
3.642000000000000000e+05
2.000000000000000000e+02
1.646000000000000000e+05
0.000000000000000000e+00
4.951000000000000000e+05
1.696000000000000000e+05
4.907000000000000000e+05
2.930000000000000000e+04
4.831000000000000000e+05
1.670000000000000000e+04
3.763000000000000000e+05
5.000000000000000000e+02
4.785000000000000000e+05
1.040000000000000000e+04
3.458000000000000000e+05
2.000000000000000000e+02
3.068000000000000000e+05
0.000000000000000000e+00
1.082000000000000000e+05
0.000000000000000000e+00
4.613000000000000000e+05
5.300000000000000000e+03
2.869000000000000000e+05
1.000000000000000000e+02
2.445000000000000000e+05
0.000000000000000000e+00
6.870000000000000000e+04
0.000000000000000000e+00
1.945000000000000000e+05
0.000000000000000000e+00
4.000000000000000000e+04
0.000000000000000000e+00
2.470000000000000000e+04
0.000000000000000000e+00
1.200000000000000000e+03
0.000000000000000000e+00
5.027000000000000000e+05
4.553000000000000000e+05
4.966000000000000000e+05
2.889000000000000000e+05
5.006000000000000000e+05
2.468000000000000000e+05
5.044000000000000000e+05
6.340000000000000000e+04
5.006000000000000000e+05
1.936000000000000000e+05
4.879000000000000000e+05
3.610000000000000000e+04
4.931000000000000000e+05
2.510000000000000000e+04
3.945000000000000000e+05
7.000000000000000000e+02
4.977000000000000000e+05
1.387000000000000000e+05
4.897000000000000000e+05
2.020000000000000000e+04
4.846000000000000000e+05
1.420000000000000000e+04
3.569000000000000000e+05
1.000000000000000000e+02
4.716000000000000000e+05
6.200000000000000000e+03
3.168000000000000000e+05
0.000000000000000000e+00
2.830000000000000000e+05
0.000000000000000000e+00
8.600000000000000000e+04
0.000000000000000000e+00
5.003000000000000000e+05
9.100000000000000000e+04
4.764000000000000000e+05
7.900000000000000000e+03
4.505000000000000000e+05
5.000000000000000000e+03
2.934000000000000000e+05
2.000000000000000000e+02
4.307000000000000000e+05
2.800000000000000000e+03
2.414000000000000000e+05
0.000000000000000000e+00
1.994000000000000000e+05
0.000000000000000000e+00
4.300000000000000000e+04
0.000000000000000000e+00
3.995000000000000000e+05
1.200000000000000000e+03
1.857000000000000000e+05
0.000000000000000000e+00
1.454000000000000000e+05
0.000000000000000000e+00
2.300000000000000000e+04
0.000000000000000000e+00
1.035000000000000000e+05
0.000000000000000000e+00
1.160000000000000000e+04
0.000000000000000000e+00
6.400000000000000000e+03
0.000000000000000000e+00
0.000000000000000000e+00
0.000000000000000000e+00
5.021000000000000000e+05
5.200000000000000000e+04
4.304000000000000000e+05
2.700000000000000000e+03
4.101000000000000000e+05
1.800000000000000000e+03
2.085000000000000000e+05
0.000000000000000000e+00
3.599000000000000000e+05
8.000000000000000000e+02
1.547000000000000000e+05
0.000000000000000000e+00
1.224000000000000000e+05
0.000000000000000000e+00
1.540000000000000000e+04
0.000000000000000000e+00
3.131000000000000000e+05
4.000000000000000000e+02
1.108000000000000000e+05
0.000000000000000000e+00
7.670000000000000000e+04
0.000000000000000000e+00
6.900000000000000000e+03
0.000000000000000000e+00
5.230000000000000000e+04
0.000000000000000000e+00
3.100000000000000000e+03
0.000000000000000000e+00
2.200000000000000000e+03
0.000000000000000000e+00
0.000000000000000000e+00
0.000000000000000000e+00
2.372000000000000000e+05
2.000000000000000000e+02
5.950000000000000000e+04
0.000000000000000000e+00
4.040000000000000000e+04
0.000000000000000000e+00
2.500000000000000000e+03
0.000000000000000000e+00
2.450000000000000000e+04
0.000000000000000000e+00
1.200000000000000000e+03
0.000000000000000000e+00
4.000000000000000000e+02
0.000000000000000000e+00
0.000000000000000000e+00
0.000000000000000000e+00
1.450000000000000000e+04
0.000000000000000000e+00
2.000000000000000000e+02
0.000000000000000000e+00
1.000000000000000000e+02
0.000000000000000000e+00
0.000000000000000000e+00
0.000000000000000000e+00
1.000000000000000000e+02
0.000000000000000000e+00
0.000000000000000000e+00
0.000000000000000000e+00
0.000000000000000000e+00
0.000000000000000000e+00
0.000000000000000000e+00
0.000000000000000000e+00
5.016000000000000000e+05
3.906000000000000000e+05
4.990000000000000000e+05
1.705000000000000000e+05
4.960000000000000000e+05
1.413000000000000000e+05
4.742000000000000000e+05
2.020000000000000000e+04
5.002000000000000000e+05
9.690000000000000000e+04
4.690000000000000000e+05
9.700000000000000000e+03
4.594000000000000000e+05
7.100000000000000000e+03
2.942000000000000000e+05
2.000000000000000000e+02
4.947000000000000000e+05
6.130000000000000000e+04
4.494000000000000000e+05
4.600000000000000000e+03
4.351000000000000000e+05
2.800000000000000000e+03
2.403000000000000000e+05
0.000000000000000000e+00
4.041000000000000000e+05
1.200000000000000000e+03
2.007000000000000000e+05
0.000000000000000000e+00
1.579000000000000000e+05
0.000000000000000000e+00
2.660000000000000000e+04
0.000000000000000000e+00
4.890000000000000000e+05
3.590000000000000000e+04
4.124000000000000000e+05
1.700000000000000000e+03
3.841000000000000000e+05
1.000000000000000000e+03
1.707000000000000000e+05
0.000000000000000000e+00
3.380000000000000000e+05
3.000000000000000000e+02
1.312000000000000000e+05
0.000000000000000000e+00
9.600000000000000000e+04
0.000000000000000000e+00
9.400000000000000000e+03
0.000000000000000000e+00
2.718000000000000000e+05
2.000000000000000000e+02
8.180000000000000000e+04
0.000000000000000000e+00
5.810000000000000000e+04
0.000000000000000000e+00
3.100000000000000000e+03
0.000000000000000000e+00
3.600000000000000000e+04
0.000000000000000000e+00
1.700000000000000000e+03
0.000000000000000000e+00
1.500000000000000000e+03
0.000000000000000000e+00
0.000000000000000000e+00
0.000000000000000000e+00
4.765000000000000000e+05
2.070000000000000000e+04
3.400000000000000000e+05
5.000000000000000000e+02
3.017000000000000000e+05
1.000000000000000000e+02
9.700000000000000000e+04
0.000000000000000000e+00
2.451000000000000000e+05
1.000000000000000000e+02
6.380000000000000000e+04
0.000000000000000000e+00
4.320000000000000000e+04
0.000000000000000000e+00
2.200000000000000000e+03
0.000000000000000000e+00
1.774000000000000000e+05
1.000000000000000000e+02
3.620000000000000000e+04
0.000000000000000000e+00
2.370000000000000000e+04
0.000000000000000000e+00
1.200000000000000000e+03
0.000000000000000000e+00
1.280000000000000000e+04
0.000000000000000000e+00
1.000000000000000000e+02
0.000000000000000000e+00
0.000000000000000000e+00
0.000000000000000000e+00
0.000000000000000000e+00
0.000000000000000000e+00
1.242000000000000000e+05
0.000000000000000000e+00
1.810000000000000000e+04
0.000000000000000000e+00
1.080000000000000000e+04
0.000000000000000000e+00
0.000000000000000000e+00
0.000000000000000000e+00
5.500000000000000000e+03
0.000000000000000000e+00
0.000000000000000000e+00
0.000000000000000000e+00
0.000000000000000000e+00
0.000000000000000000e+00
0.000000000000000000e+00
0.000000000000000000e+00
3.500000000000000000e+03
0.000000000000000000e+00
1.000000000000000000e+02
0.000000000000000000e+00
0.000000000000000000e+00
0.000000000000000000e+00
0.000000000000000000e+00
0.000000000000000000e+00
0.000000000000000000e+00
0.000000000000000000e+00
0.000000000000000000e+00
0.000000000000000000e+00
0.000000000000000000e+00
0.000000000000000000e+00
0.000000000000000000e+00
0.000000000000000000e+00
4.382000000000000000e+05
9.500000000000000000e+03
2.434000000000000000e+05
1.000000000000000000e+02
2.001000000000000000e+05
1.000000000000000000e+02
4.390000000000000000e+04
0.000000000000000000e+00
1.509000000000000000e+05
0.000000000000000000e+00
2.410000000000000000e+04
0.000000000000000000e+00
1.410000000000000000e+04
0.000000000000000000e+00
0.000000000000000000e+00
0.000000000000000000e+00
1.054000000000000000e+05
0.000000000000000000e+00
1.060000000000000000e+04
0.000000000000000000e+00
7.400000000000000000e+03
0.000000000000000000e+00
0.000000000000000000e+00
0.000000000000000000e+00
3.200000000000000000e+03
0.000000000000000000e+00
0.000000000000000000e+00
0.000000000000000000e+00
0.000000000000000000e+00
0.000000000000000000e+00
0.000000000000000000e+00
0.000000000000000000e+00
6.420000000000000000e+04
0.000000000000000000e+00
5.500000000000000000e+03
0.000000000000000000e+00
2.400000000000000000e+03
0.000000000000000000e+00
0.000000000000000000e+00
0.000000000000000000e+00
1.800000000000000000e+03
0.000000000000000000e+00
0.000000000000000000e+00
0.000000000000000000e+00
0.000000000000000000e+00
0.000000000000000000e+00
0.000000000000000000e+00
0.000000000000000000e+00
1.100000000000000000e+03
0.000000000000000000e+00
0.000000000000000000e+00
0.000000000000000000e+00
0.000000000000000000e+00
0.000000000000000000e+00
0.000000000000000000e+00
0.000000000000000000e+00
0.000000000000000000e+00
0.000000000000000000e+00
0.000000000000000000e+00
0.000000000000000000e+00
0.000000000000000000e+00
0.000000000000000000e+00
0.000000000000000000e+00
0.000000000000000000e+00
3.520000000000000000e+04
0.000000000000000000e+00
1.500000000000000000e+03
0.000000000000000000e+00
1.800000000000000000e+03
0.000000000000000000e+00
1.000000000000000000e+02
0.000000000000000000e+00
6.000000000000000000e+02
0.000000000000000000e+00
0.000000000000000000e+00
0.000000000000000000e+00
0.000000000000000000e+00
0.000000000000000000e+00
0.000000000000000000e+00
0.000000000000000000e+00
2.000000000000000000e+02
0.000000000000000000e+00
0.000000000000000000e+00
0.000000000000000000e+00
0.000000000000000000e+00
0.000000000000000000e+00
0.000000000000000000e+00
0.000000000000000000e+00
0.000000000000000000e+00
0.000000000000000000e+00
0.000000000000000000e+00
0.000000000000000000e+00
0.000000000000000000e+00
0.000000000000000000e+00
0.000000000000000000e+00
0.000000000000000000e+00
0.000000000000000000e+00
0.000000000000000000e+00
0.000000000000000000e+00
0.000000000000000000e+00
0.000000000000000000e+00
0.000000000000000000e+00
0.000000000000000000e+00
0.000000000000000000e+00
0.000000000000000000e+00
0.000000000000000000e+00
0.000000000000000000e+00
0.000000000000000000e+00
0.000000000000000000e+00
0.000000000000000000e+00
0.000000000000000000e+00
0.000000000000000000e+00
0.000000000000000000e+00
0.000000000000000000e+00
0.000000000000000000e+00
0.000000000000000000e+00
0.000000000000000000e+00
0.000000000000000000e+00
0.000000000000000000e+00
0.000000000000000000e+00
0.000000000000000000e+00
0.000000000000000000e+00
0.000000000000000000e+00
0.000000000000000000e+00
0.000000000000000000e+00
0.000000000000000000e+00
0.000000000000000000e+00
0.000000000000000000e+00
