4.999000000000000000e+05
5.004000000000000000e+05
4.986000000000000000e+05
5.124000000000000000e+05
5.079000000000000000e+05
5.027000000000000000e+05
5.050000000000000000e+05
5.024000000000000000e+05
5.004000000000000000e+05
5.026000000000000000e+05
4.968000000000000000e+05
5.010000000000000000e+05
5.056000000000000000e+05
4.922000000000000000e+05
4.984000000000000000e+05
4.216000000000000000e+05
5.047000000000000000e+05
5.014000000000000000e+05
5.011000000000000000e+05
4.888000000000000000e+05
4.932000000000000000e+05
4.967000000000000000e+05
4.935000000000000000e+05
4.017000000000000000e+05
4.974000000000000000e+05
4.902000000000000000e+05
4.909000000000000000e+05
3.566000000000000000e+05
4.945000000000000000e+05
3.269000000000000000e+05
4.353000000000000000e+05
1.175000000000000000e+05
5.003000000000000000e+05
5.006000000000000000e+05
4.903000000000000000e+05
4.878000000000000000e+05
5.141000000000000000e+05
4.745000000000000000e+05
5.040000000000000000e+05
3.507000000000000000e+05
4.932000000000000000e+05
4.661000000000000000e+05
4.928000000000000000e+05
2.956000000000000000e+05
4.856000000000000000e+05
2.580000000000000000e+05
4.018000000000000000e+05
6.310000000000000000e+04
5.000000000000000000e+05
4.341000000000000000e+05
4.880000000000000000e+05
2.350000000000000000e+05
4.890000000000000000e+05
1.889000000000000000e+05
3.605000000000000000e+05
3.660000000000000000e+04
4.841000000000000000e+05
1.402000000000000000e+05
3.131000000000000000e+05
1.770000000000000000e+04
2.759000000000000000e+05
1.140000000000000000e+04
7.580000000000000000e+04
0.000000000000000000e+00
5.081000000000000000e+05
4.990000000000000000e+05
5.011000000000000000e+05
4.590000000000000000e+05
4.983000000000000000e+05
4.458000000000000000e+05
4.888000000000000000e+05
2.619000000000000000e+05
4.963000000000000000e+05
4.159000000000000000e+05
4.942000000000000000e+05
2.048000000000000000e+05
4.813000000000000000e+05
1.630000000000000000e+05
3.388000000000000000e+05
2.220000000000000000e+04
4.932000000000000000e+05
3.591000000000000000e+05
4.676000000000000000e+05
1.473000000000000000e+05
4.574000000000000000e+05
1.093000000000000000e+05
2.839000000000000000e+05
8.900000000000000000e+03
4.323000000000000000e+05
6.950000000000000000e+04
2.390000000000000000e+05
5.100000000000000000e+03
1.905000000000000000e+05
2.500000000000000000e+03
3.750000000000000000e+04
0.000000000000000000e+00
4.966000000000000000e+05
2.828000000000000000e+05
4.562000000000000000e+05
8.930000000000000000e+04
4.208000000000000000e+05
5.360000000000000000e+04
2.057000000000000000e+05
3.100000000000000000e+03
3.758000000000000000e+05
3.170000000000000000e+04
1.576000000000000000e+05
3.000000000000000000e+02
1.189000000000000000e+05
3.000000000000000000e+02
1.450000000000000000e+04
0.000000000000000000e+00
3.221000000000000000e+05
1.730000000000000000e+04
1.028000000000000000e+05
3.000000000000000000e+02
7.850000000000000000e+04
3.000000000000000000e+02
5.100000000000000000e+03
0.000000000000000000e+00
5.220000000000000000e+04
0.000000000000000000e+00
3.100000000000000000e+03
0.000000000000000000e+00
1.700000000000000000e+03
0.000000000000000000e+00
0.000000000000000000e+00
0.000000000000000000e+00
4.918000000000000000e+05
4.827000000000000000e+05
5.017000000000000000e+05
3.876000000000000000e+05
5.017000000000000000e+05
3.600000000000000000e+05
4.677000000000000000e+05
1.444000000000000000e+05
4.964000000000000000e+05
3.078000000000000000e+05
4.558000000000000000e+05
9.550000000000000000e+04
4.375000000000000000e+05
6.820000000000000000e+04
2.292000000000000000e+05
4.100000000000000000e+03
5.034000000000000000e+05
2.430000000000000000e+05
4.286000000000000000e+05
6.270000000000000000e+04
3.984000000000000000e+05
3.650000000000000000e+04
1.695000000000000000e+05
1.300000000000000000e+03
3.498000000000000000e+05
2.070000000000000000e+04
1.349000000000000000e+05
4.000000000000000000e+02
9.280000000000000000e+04
1.000000000000000000e+02
9.000000000000000000e+03
0.000000000000000000e+00
4.820000000000000000e+05
1.651000000000000000e+05
3.530000000000000000e+05
2.350000000000000000e+04
3.216000000000000000e+05
1.340000000000000000e+04
1.097000000000000000e+05
4.000000000000000000e+02
2.742000000000000000e+05
7.500000000000000000e+03
7.140000000000000000e+04
2.000000000000000000e+02
4.990000000000000000e+04
3.000000000000000000e+02
2.900000000000000000e+03
0.000000000000000000e+00
2.007000000000000000e+05
3.500000000000000000e+03
4.050000000000000000e+04
0.000000000000000000e+00
2.650000000000000000e+04
0.000000000000000000e+00
1.000000000000000000e+03
0.000000000000000000e+00
1.500000000000000000e+04
0.000000000000000000e+00
3.000000000000000000e+02
0.000000000000000000e+00
2.000000000000000000e+02
0.000000000000000000e+00
0.000000000000000000e+00
0.000000000000000000e+00
4.649000000000000000e+05
9.880000000000000000e+04
2.582000000000000000e+05
8.400000000000000000e+03
2.259000000000000000e+05
4.900000000000000000e+03
5.300000000000000000e+04
0.000000000000000000e+00
1.778000000000000000e+05
2.000000000000000000e+03
3.060000000000000000e+04
0.000000000000000000e+00
1.930000000000000000e+04
0.000000000000000000e+00
2.000000000000000000e+02
0.000000000000000000e+00
1.253000000000000000e+05
1.000000000000000000e+03
1.400000000000000000e+04
0.000000000000000000e+00
9.700000000000000000e+03
0.000000000000000000e+00
3.000000000000000000e+02
0.000000000000000000e+00
3.600000000000000000e+03
0.000000000000000000e+00
0.000000000000000000e+00
0.000000000000000000e+00
0.000000000000000000e+00
0.000000000000000000e+00
0.000000000000000000e+00
0.000000000000000000e+00
7.640000000000000000e+04
5.000000000000000000e+02
6.800000000000000000e+03
0.000000000000000000e+00
3.000000000000000000e+03
0.000000000000000000e+00
0.000000000000000000e+00
0.000000000000000000e+00
1.700000000000000000e+03
0.000000000000000000e+00
0.000000000000000000e+00
0.000000000000000000e+00
0.000000000000000000e+00
0.000000000000000000e+00
0.000000000000000000e+00
0.000000000000000000e+00
1.100000000000000000e+03
0.000000000000000000e+00
0.000000000000000000e+00
0.000000000000000000e+00
0.000000000000000000e+00
0.000000000000000000e+00
0.000000000000000000e+00
0.000000000000000000e+00
0.000000000000000000e+00
0.000000000000000000e+00
0.000000000000000000e+00
0.000000000000000000e+00
0.000000000000000000e+00
0.000000000000000000e+00
0.000000000000000000e+00
0.000000000000000000e+00
4.987000000000000000e+05
4.583000000000000000e+05
4.954000000000000000e+05
2.768000000000000000e+05
4.992000000000000000e+05
2.415000000000000000e+05
4.062000000000000000e+05
5.450000000000000000e+04
4.878000000000000000e+05
1.798000000000000000e+05
3.705000000000000000e+05
3.100000000000000000e+04
3.284000000000000000e+05
1.760000000000000000e+04
1.199000000000000000e+05
2.000000000000000000e+02
4.715000000000000000e+05
1.250000000000000000e+05
3.063000000000000000e+05
1.320000000000000000e+04
2.760000000000000000e+05
8.200000000000000000e+03
7.180000000000000000e+04
2.000000000000000000e+02
2.116000000000000000e+05
5.300000000000000000e+03
4.210000000000000000e+04
0.000000000000000000e+00
3.070000000000000000e+04
0.000000000000000000e+00
1.400000000000000000e+03
0.000000000000000000e+00
4.442000000000000000e+05
7.290000000000000000e+04
2.262000000000000000e+05
4.200000000000000000e+03
1.875000000000000000e+05
2.600000000000000000e+03
3.550000000000000000e+04
0.000000000000000000e+00
1.331000000000000000e+05
1.200000000000000000e+03
1.920000000000000000e+04
0.000000000000000000e+00
1.290000000000000000e+04
0.000000000000000000e+00
1.000000000000000000e+02
0.000000000000000000e+00
8.870000000000000000e+04
5.000000000000000000e+02
1.000000000000000000e+04
0.000000000000000000e+00
5.400000000000000000e+03
0.000000000000000000e+00
0.000000000000000000e+00
0.000000000000000000e+00
3.000000000000000000e+03
0.000000000000000000e+00
0.000000000000000000e+00
0.000000000000000000e+00
0.000000000000000000e+00
0.000000000000000000e+00
0.000000000000000000e+00
0.000000000000000000e+00
3.735000000000000000e+05
3.780000000000000000e+04
1.435000000000000000e+05
7.000000000000000000e+02
1.065000000000000000e+05
2.000000000000000000e+02
1.270000000000000000e+04
0.000000000000000000e+00
7.560000000000000000e+04
2.000000000000000000e+02
6.400000000000000000e+03
0.000000000000000000e+00
4.200000000000000000e+03
0.000000000000000000e+00
0.000000000000000000e+00
0.000000000000000000e+00
4.870000000000000000e+04
1.000000000000000000e+02
2.700000000000000000e+03
0.000000000000000000e+00
1.800000000000000000e+03
0.000000000000000000e+00
0.000000000000000000e+00
0.000000000000000000e+00
1.200000000000000000e+03
0.000000000000000000e+00
0.000000000000000000e+00
0.000000000000000000e+00
0.000000000000000000e+00
0.000000000000000000e+00
0.000000000000000000e+00
0.000000000000000000e+00
2.590000000000000000e+04
0.000000000000000000e+00
9.000000000000000000e+02
0.000000000000000000e+00
3.000000000000000000e+02
0.000000000000000000e+00
0.000000000000000000e+00
0.000000000000000000e+00
3.000000000000000000e+02
0.000000000000000000e+00
0.000000000000000000e+00
0.000000000000000000e+00
0.000000000000000000e+00
0.000000000000000000e+00
0.000000000000000000e+00
0.000000000000000000e+00
1.000000000000000000e+02
0.000000000000000000e+00
0.000000000000000000e+00
0.000000000000000000e+00
0.000000000000000000e+00
0.000000000000000000e+00
0.000000000000000000e+00
0.000000000000000000e+00
0.000000000000000000e+00
0.000000000000000000e+00
0.000000000000000000e+00
0.000000000000000000e+00
0.000000000000000000e+00
0.000000000000000000e+00
0.000000000000000000e+00
0.000000000000000000e+00
2.839000000000000000e+05
1.800000000000000000e+04
7.900000000000000000e+04
0.000000000000000000e+00
5.020000000000000000e+04
0.000000000000000000e+00
3.200000000000000000e+03
0.000000000000000000e+00
3.700000000000000000e+04
0.000000000000000000e+00
1.500000000000000000e+03
0.000000000000000000e+00
9.000000000000000000e+02
0.000000000000000000e+00
0.000000000000000000e+00
0.000000000000000000e+00
1.890000000000000000e+04
1.000000000000000000e+02
9.000000000000000000e+02
0.000000000000000000e+00
4.000000000000000000e+02
0.000000000000000000e+00
0.000000000000000000e+00
0.000000000000000000e+00
1.000000000000000000e+02
0.000000000000000000e+00
0.000000000000000000e+00
0.000000000000000000e+00
0.000000000000000000e+00
0.000000000000000000e+00
0.000000000000000000e+00
0.000000000000000000e+00
1.020000000000000000e+04
0.000000000000000000e+00
1.000000000000000000e+02
0.000000000000000000e+00
0.000000000000000000e+00
0.000000000000000000e+00
0.000000000000000000e+00
0.000000000000000000e+00
0.000000000000000000e+00
0.000000000000000000e+00
0.000000000000000000e+00
0.000000000000000000e+00
0.000000000000000000e+00
0.000000000000000000e+00
0.000000000000000000e+00
0.000000000000000000e+00
0.000000000000000000e+00
0.000000000000000000e+00
0.000000000000000000e+00
0.000000000000000000e+00
0.000000000000000000e+00
0.000000000000000000e+00
0.000000000000000000e+00
0.000000000000000000e+00
0.000000000000000000e+00
0.000000000000000000e+00
0.000000000000000000e+00
0.000000000000000000e+00
0.000000000000000000e+00
0.000000000000000000e+00
0.000000000000000000e+00
0.000000000000000000e+00
5.100000000000000000e+03
0.000000000000000000e+00
0.000000000000000000e+00
0.000000000000000000e+00
1.000000000000000000e+02
0.000000000000000000e+00
0.000000000000000000e+00
0.000000000000000000e+00
0.000000000000000000e+00
0.000000000000000000e+00
0.000000000000000000e+00
0.000000000000000000e+00
0.000000000000000000e+00
0.000000000000000000e+00
0.000000000000000000e+00
0.000000000000000000e+00
0.000000000000000000e+00
0.000000000000000000e+00
0.000000000000000000e+00
0.000000000000000000e+00
0.000000000000000000e+00
0.000000000000000000e+00
0.000000000000000000e+00
0.000000000000000000e+00
0.000000000000000000e+00
0.000000000000000000e+00
0.000000000000000000e+00
0.000000000000000000e+00
0.000000000000000000e+00
0.000000000000000000e+00
0.000000000000000000e+00
0.000000000000000000e+00
0.000000000000000000e+00
0.000000000000000000e+00
0.000000000000000000e+00
0.000000000000000000e+00
0.000000000000000000e+00
0.000000000000000000e+00
0.000000000000000000e+00
0.000000000000000000e+00
0.000000000000000000e+00
0.000000000000000000e+00
0.000000000000000000e+00
0.000000000000000000e+00
0.000000000000000000e+00
0.000000000000000000e+00
0.000000000000000000e+00
0.000000000000000000e+00
0.000000000000000000e+00
0.000000000000000000e+00
0.000000000000000000e+00
0.000000000000000000e+00
0.000000000000000000e+00
0.000000000000000000e+00
0.000000000000000000e+00
0.000000000000000000e+00
0.000000000000000000e+00
0.000000000000000000e+00
0.000000000000000000e+00
0.000000000000000000e+00
0.000000000000000000e+00
0.000000000000000000e+00
0.000000000000000000e+00
0.000000000000000000e+00
