4.955000000000000000e+05
4.949000000000000000e+05
5.017000000000000000e+05
5.053000000000000000e+05
5.007000000000000000e+05
4.955000000000000000e+05
5.030000000000000000e+05
4.973000000000000000e+05
5.067000000000000000e+05
5.035000000000000000e+05
5.111000000000000000e+05
4.980000000000000000e+05
5.074000000000000000e+05
4.928000000000000000e+05
5.033000000000000000e+05
5.024000000000000000e+05
5.096000000000000000e+05
4.944000000000000000e+05
5.038000000000000000e+05
4.989000000000000000e+05
4.977000000000000000e+05
5.009000000000000000e+05
5.051000000000000000e+05
5.063000000000000000e+05
5.026000000000000000e+05
4.969000000000000000e+05
5.010000000000000000e+05
4.901000000000000000e+05
4.971000000000000000e+05
4.935000000000000000e+05
4.984000000000000000e+05
3.892000000000000000e+05
4.973000000000000000e+05
5.013000000000000000e+05
4.973000000000000000e+05
4.987000000000000000e+05
4.969000000000000000e+05
4.895000000000000000e+05
5.020000000000000000e+05
4.912000000000000000e+05
5.049000000000000000e+05
4.973000000000000000e+05
5.060000000000000000e+05
4.867000000000000000e+05
4.961000000000000000e+05
4.785000000000000000e+05
4.971000000000000000e+05
3.486000000000000000e+05
5.003000000000000000e+05
4.960000000000000000e+05
5.008000000000000000e+05
4.762000000000000000e+05
5.166000000000000000e+05
4.728000000000000000e+05
4.945000000000000000e+05
3.078000000000000000e+05
5.026000000000000000e+05
4.491000000000000000e+05
5.028000000000000000e+05
2.616000000000000000e+05
5.035000000000000000e+05
2.232000000000000000e+05
3.833000000000000000e+05
5.100000000000000000e+04
5.017000000000000000e+05
4.943000000000000000e+05
5.014000000000000000e+05
4.937000000000000000e+05
4.980000000000000000e+05
4.961000000000000000e+05
5.004000000000000000e+05
4.823000000000000000e+05
4.964000000000000000e+05
5.035000000000000000e+05
5.052000000000000000e+05
4.660000000000000000e+05
4.998000000000000000e+05
4.599000000000000000e+05
5.012000000000000000e+05
2.856000000000000000e+05
5.069000000000000000e+05
4.952000000000000000e+05
4.982000000000000000e+05
4.445000000000000000e+05
4.926000000000000000e+05
4.295000000000000000e+05
4.945000000000000000e+05
2.257000000000000000e+05
4.991000000000000000e+05
3.831000000000000000e+05
4.835000000000000000e+05
1.789000000000000000e+05
4.740000000000000000e+05
1.348000000000000000e+05
3.411000000000000000e+05
1.740000000000000000e+04
5.001000000000000000e+05
4.946000000000000000e+05
5.036000000000000000e+05
3.832000000000000000e+05
5.079000000000000000e+05
3.673000000000000000e+05
4.858000000000000000e+05
1.476000000000000000e+05
4.917000000000000000e+05
3.160000000000000000e+05
4.735000000000000000e+05
1.080000000000000000e+05
4.612000000000000000e+05
8.210000000000000000e+04
2.890000000000000000e+05
6.300000000000000000e+03
5.018000000000000000e+05
2.559000000000000000e+05
4.486000000000000000e+05
6.860000000000000000e+04
4.350000000000000000e+05
3.940000000000000000e+04
2.393000000000000000e+05
1.300000000000000000e+03
4.007000000000000000e+05
2.500000000000000000e+04
1.890000000000000000e+05
3.000000000000000000e+02
1.462000000000000000e+05
2.000000000000000000e+02
2.250000000000000000e+04
0.000000000000000000e+00
4.957000000000000000e+05
5.033000000000000000e+05
5.028000000000000000e+05
5.020000000000000000e+05
5.007000000000000000e+05
4.929000000000000000e+05
5.102000000000000000e+05
4.226000000000000000e+05
4.930000000000000000e+05
4.906000000000000000e+05
5.078000000000000000e+05
4.015000000000000000e+05
4.952000000000000000e+05
3.850000000000000000e+05
4.845000000000000000e+05
1.679000000000000000e+05
5.008000000000000000e+05
4.839000000000000000e+05
5.031000000000000000e+05
3.644000000000000000e+05
4.881000000000000000e+05
3.280000000000000000e+05
4.707000000000000000e+05
1.184000000000000000e+05
5.036000000000000000e+05
2.736000000000000000e+05
4.546000000000000000e+05
7.350000000000000000e+04
4.355000000000000000e+05
5.340000000000000000e+04
2.519000000000000000e+05
1.600000000000000000e+03
4.917000000000000000e+05
4.617000000000000000e+05
4.994000000000000000e+05
2.803000000000000000e+05
5.055000000000000000e+05
2.431000000000000000e+05
4.457000000000000000e+05
5.940000000000000000e+04
4.974000000000000000e+05
1.912000000000000000e+05
4.202000000000000000e+05
3.970000000000000000e+04
4.068000000000000000e+05
2.540000000000000000e+04
1.878000000000000000e+05
4.000000000000000000e+02
4.847000000000000000e+05
1.370000000000000000e+05
3.872000000000000000e+05
1.710000000000000000e+04
3.491000000000000000e+05
1.140000000000000000e+04
1.390000000000000000e+05
1.000000000000000000e+02
3.067000000000000000e+05
5.100000000000000000e+03
9.830000000000000000e+04
0.000000000000000000e+00
7.140000000000000000e+04
0.000000000000000000e+00
5.600000000000000000e+03
0.000000000000000000e+00
5.051000000000000000e+05
4.072000000000000000e+05
4.967000000000000000e+05
1.948000000000000000e+05
5.026000000000000000e+05
1.557000000000000000e+05
3.935000000000000000e+05
2.250000000000000000e+04
4.897000000000000000e+05
1.089000000000000000e+05
3.554000000000000000e+05
1.030000000000000000e+04
3.305000000000000000e+05
6.100000000000000000e+03
1.177000000000000000e+05
1.000000000000000000e+02
4.724000000000000000e+05
7.360000000000000000e+04
3.085000000000000000e+05
4.100000000000000000e+03
2.646000000000000000e+05
2.300000000000000000e+03
7.210000000000000000e+04
0.000000000000000000e+00
2.095000000000000000e+05
9.000000000000000000e+02
4.950000000000000000e+04
0.000000000000000000e+00
2.820000000000000000e+04
0.000000000000000000e+00
7.000000000000000000e+02
0.000000000000000000e+00
4.354000000000000000e+05
3.780000000000000000e+04
2.293000000000000000e+05
1.100000000000000000e+03
1.866000000000000000e+05
9.000000000000000000e+02
3.570000000000000000e+04
0.000000000000000000e+00
1.362000000000000000e+05
3.000000000000000000e+02
2.210000000000000000e+04
0.000000000000000000e+00
1.270000000000000000e+04
0.000000000000000000e+00
4.000000000000000000e+02
0.000000000000000000e+00
8.830000000000000000e+04
0.000000000000000000e+00
9.100000000000000000e+03
0.000000000000000000e+00
4.900000000000000000e+03
0.000000000000000000e+00
0.000000000000000000e+00
0.000000000000000000e+00
3.500000000000000000e+03
0.000000000000000000e+00
0.000000000000000000e+00
0.000000000000000000e+00
0.000000000000000000e+00
0.000000000000000000e+00
0.000000000000000000e+00
0.000000000000000000e+00
5.019000000000000000e+05
5.078000000000000000e+05
5.008000000000000000e+05
4.808000000000000000e+05
4.994000000000000000e+05
4.753000000000000000e+05
5.132000000000000000e+05
3.320000000000000000e+05
5.053000000000000000e+05
4.575000000000000000e+05
4.985000000000000000e+05
2.807000000000000000e+05
4.935000000000000000e+05
2.528000000000000000e+05
4.414000000000000000e+05
6.340000000000000000e+04
5.010000000000000000e+05
4.249000000000000000e+05
4.971000000000000000e+05
2.250000000000000000e+05
4.969000000000000000e+05
1.808000000000000000e+05
4.197000000000000000e+05
3.240000000000000000e+04
4.911000000000000000e+05
1.367000000000000000e+05
3.897000000000000000e+05
1.920000000000000000e+04
3.651000000000000000e+05
1.150000000000000000e+04
1.451000000000000000e+05
0.000000000000000000e+00
5.001000000000000000e+05
3.649000000000000000e+05
4.990000000000000000e+05
1.493000000000000000e+05
4.888000000000000000e+05
1.158000000000000000e+05
3.699000000000000000e+05
1.260000000000000000e+04
4.728000000000000000e+05
7.290000000000000000e+04
3.284000000000000000e+05
5.800000000000000000e+03
2.838000000000000000e+05
3.200000000000000000e+03
9.200000000000000000e+04
0.000000000000000000e+00
4.422000000000000000e+05
4.600000000000000000e+04
2.677000000000000000e+05
2.700000000000000000e+03
2.258000000000000000e+05
6.000000000000000000e+02
5.260000000000000000e+04
0.000000000000000000e+00
1.697000000000000000e+05
5.000000000000000000e+02
2.920000000000000000e+04
0.000000000000000000e+00
2.030000000000000000e+04
0.000000000000000000e+00
2.000000000000000000e+02
0.000000000000000000e+00
5.071000000000000000e+05
2.808000000000000000e+05
4.830000000000000000e+05
8.360000000000000000e+04
4.546000000000000000e+05
5.980000000000000000e+04
2.835000000000000000e+05
3.800000000000000000e+03
4.418000000000000000e+05
3.590000000000000000e+04
2.315000000000000000e+05
1.100000000000000000e+03
1.953000000000000000e+05
5.000000000000000000e+02
3.930000000000000000e+04
0.000000000000000000e+00
3.922000000000000000e+05
2.090000000000000000e+04
1.726000000000000000e+05
4.000000000000000000e+02
1.372000000000000000e+05
0.000000000000000000e+00
1.950000000000000000e+04
0.000000000000000000e+00
9.600000000000000000e+04
1.000000000000000000e+02
7.400000000000000000e+03
0.000000000000000000e+00
5.100000000000000000e+03
0.000000000000000000e+00
2.000000000000000000e+02
0.000000000000000000e+00
3.190000000000000000e+05
1.050000000000000000e+04
1.138000000000000000e+05
1.000000000000000000e+02
7.870000000000000000e+04
1.000000000000000000e+02
5.900000000000000000e+03
0.000000000000000000e+00
4.990000000000000000e+04
0.000000000000000000e+00
2.300000000000000000e+03
0.000000000000000000e+00
2.200000000000000000e+03
0.000000000000000000e+00
0.000000000000000000e+00
0.000000000000000000e+00
3.340000000000000000e+04
0.000000000000000000e+00
1.400000000000000000e+03
0.000000000000000000e+00
1.000000000000000000e+03
0.000000000000000000e+00
0.000000000000000000e+00
0.000000000000000000e+00
3.000000000000000000e+02
0.000000000000000000e+00
0.000000000000000000e+00
0.000000000000000000e+00
0.000000000000000000e+00
0.000000000000000000e+00
0.000000000000000000e+00
0.000000000000000000e+00
4.980000000000000000e+05
1.858000000000000000e+05
4.227000000000000000e+05
3.570000000000000000e+04
3.977000000000000000e+05
2.270000000000000000e+04
1.749000000000000000e+05
7.000000000000000000e+02
3.598000000000000000e+05
1.430000000000000000e+04
1.348000000000000000e+05
0.000000000000000000e+00
1.049000000000000000e+05
1.000000000000000000e+02
9.200000000000000000e+03
0.000000000000000000e+00
2.826000000000000000e+05
7.200000000000000000e+03
8.720000000000000000e+04
0.000000000000000000e+00
5.820000000000000000e+04
0.000000000000000000e+00
4.300000000000000000e+03
0.000000000000000000e+00
4.200000000000000000e+04
0.000000000000000000e+00
1.600000000000000000e+03
0.000000000000000000e+00
1.400000000000000000e+03
0.000000000000000000e+00
0.000000000000000000e+00
0.000000000000000000e+00
2.217000000000000000e+05
2.500000000000000000e+03
4.780000000000000000e+04
0.000000000000000000e+00
3.150000000000000000e+04
1.000000000000000000e+02
1.300000000000000000e+03
0.000000000000000000e+00
2.060000000000000000e+04
0.000000000000000000e+00
5.000000000000000000e+02
0.000000000000000000e+00
3.000000000000000000e+02
0.000000000000000000e+00
0.000000000000000000e+00
0.000000000000000000e+00
9.900000000000000000e+03
0.000000000000000000e+00
0.000000000000000000e+00
0.000000000000000000e+00
2.000000000000000000e+02
0.000000000000000000e+00
0.000000000000000000e+00
0.000000000000000000e+00
0.000000000000000000e+00
0.000000000000000000e+00
0.000000000000000000e+00
0.000000000000000000e+00
0.000000000000000000e+00
0.000000000000000000e+00
0.000000000000000000e+00
0.000000000000000000e+00
1.384000000000000000e+05
9.000000000000000000e+02
2.140000000000000000e+04
0.000000000000000000e+00
1.190000000000000000e+04
0.000000000000000000e+00
2.000000000000000000e+02
0.000000000000000000e+00
7.600000000000000000e+03
0.000000000000000000e+00
1.000000000000000000e+02
0.000000000000000000e+00
0.000000000000000000e+00
0.000000000000000000e+00
0.000000000000000000e+00
0.000000000000000000e+00
4.400000000000000000e+03
0.000000000000000000e+00
0.000000000000000000e+00
0.000000000000000000e+00
0.000000000000000000e+00
0.000000000000000000e+00
0.000000000000000000e+00
0.000000000000000000e+00
0.000000000000000000e+00
0.000000000000000000e+00
0.000000000000000000e+00
0.000000000000000000e+00
0.000000000000000000e+00
0.000000000000000000e+00
0.000000000000000000e+00
0.000000000000000000e+00
1.900000000000000000e+03
0.000000000000000000e+00
0.000000000000000000e+00
0.000000000000000000e+00
0.000000000000000000e+00
0.000000000000000000e+00
0.000000000000000000e+00
0.000000000000000000e+00
0.000000000000000000e+00
0.000000000000000000e+00
0.000000000000000000e+00
0.000000000000000000e+00
0.000000000000000000e+00
0.000000000000000000e+00
0.000000000000000000e+00
0.000000000000000000e+00
0.000000000000000000e+00
0.000000000000000000e+00
0.000000000000000000e+00
0.000000000000000000e+00
0.000000000000000000e+00
0.000000000000000000e+00
0.000000000000000000e+00
0.000000000000000000e+00
0.000000000000000000e+00
0.000000000000000000e+00
0.000000000000000000e+00
0.000000000000000000e+00
0.000000000000000000e+00
0.000000000000000000e+00
0.000000000000000000e+00
0.000000000000000000e+00
5.017000000000000000e+05
4.935000000000000000e+05
5.013000000000000000e+05
4.254000000000000000e+05
5.057000000000000000e+05
3.961000000000000000e+05
4.881000000000000000e+05
1.922000000000000000e+05
5.025000000000000000e+05
3.638000000000000000e+05
4.843000000000000000e+05
1.444000000000000000e+05
4.834000000000000000e+05
1.050000000000000000e+05
3.397000000000000000e+05
1.140000000000000000e+04
5.024000000000000000e+05
2.993000000000000000e+05
4.824000000000000000e+05
8.810000000000000000e+04
4.551000000000000000e+05
6.240000000000000000e+04
2.997000000000000000e+05
3.900000000000000000e+03
4.419000000000000000e+05
4.070000000000000000e+04
2.432000000000000000e+05
8.000000000000000000e+02
2.136000000000000000e+05
6.000000000000000000e+02
4.850000000000000000e+04
0.000000000000000000e+00
4.915000000000000000e+05
2.149000000000000000e+05
4.560000000000000000e+05
4.990000000000000000e+04
4.198000000000000000e+05
3.060000000000000000e+04
2.211000000000000000e+05
7.000000000000000000e+02
3.955000000000000000e+05
1.850000000000000000e+04
1.724000000000000000e+05
0.000000000000000000e+00
1.345000000000000000e+05
0.000000000000000000e+00
1.990000000000000000e+04
0.000000000000000000e+00
3.340000000000000000e+05
8.800000000000000000e+03
1.187000000000000000e+05
1.000000000000000000e+02
8.480000000000000000e+04
0.000000000000000000e+00
8.200000000000000000e+03
0.000000000000000000e+00
5.890000000000000000e+04
0.000000000000000000e+00
3.900000000000000000e+03
0.000000000000000000e+00
1.800000000000000000e+03
0.000000000000000000e+00
0.000000000000000000e+00
0.000000000000000000e+00
4.975000000000000000e+05
1.417000000000000000e+05
3.838000000000000000e+05
1.930000000000000000e+04
3.523000000000000000e+05
1.210000000000000000e+04
1.417000000000000000e+05
0.000000000000000000e+00
2.986000000000000000e+05
5.700000000000000000e+03
9.460000000000000000e+04
0.000000000000000000e+00
6.660000000000000000e+04
0.000000000000000000e+00
5.200000000000000000e+03
0.000000000000000000e+00
2.362000000000000000e+05
2.000000000000000000e+03
5.620000000000000000e+04
0.000000000000000000e+00
3.810000000000000000e+04
0.000000000000000000e+00
1.800000000000000000e+03
0.000000000000000000e+00
2.320000000000000000e+04
0.000000000000000000e+00
6.000000000000000000e+02
0.000000000000000000e+00
1.000000000000000000e+02
0.000000000000000000e+00
0.000000000000000000e+00
0.000000000000000000e+00
1.665000000000000000e+05
1.200000000000000000e+03
2.870000000000000000e+04
0.000000000000000000e+00
1.760000000000000000e+04
0.000000000000000000e+00
4.000000000000000000e+02
0.000000000000000000e+00
1.070000000000000000e+04
0.000000000000000000e+00
0.000000000000000000e+00
0.000000000000000000e+00
0.000000000000000000e+00
0.000000000000000000e+00
0.000000000000000000e+00
0.000000000000000000e+00
6.500000000000000000e+03
0.000000000000000000e+00
0.000000000000000000e+00
0.000000000000000000e+00
0.000000000000000000e+00
0.000000000000000000e+00
0.000000000000000000e+00
0.000000000000000000e+00
0.000000000000000000e+00
0.000000000000000000e+00
0.000000000000000000e+00
0.000000000000000000e+00
0.000000000000000000e+00
0.000000000000000000e+00
0.000000000000000000e+00
0.000000000000000000e+00
4.702000000000000000e+05
8.060000000000000000e+04
2.947000000000000000e+05
5.200000000000000000e+03
2.500000000000000000e+05
3.100000000000000000e+03
6.750000000000000000e+04
0.000000000000000000e+00
1.937000000000000000e+05
1.400000000000000000e+03
4.130000000000000000e+04
0.000000000000000000e+00
2.660000000000000000e+04
0.000000000000000000e+00
6.000000000000000000e+02
0.000000000000000000e+00
1.425000000000000000e+05
9.000000000000000000e+02
2.180000000000000000e+04
0.000000000000000000e+00
1.260000000000000000e+04
0.000000000000000000e+00
0.000000000000000000e+00
0.000000000000000000e+00
7.900000000000000000e+03
0.000000000000000000e+00
1.000000000000000000e+02
0.000000000000000000e+00
0.000000000000000000e+00
0.000000000000000000e+00
0.000000000000000000e+00
0.000000000000000000e+00
8.440000000000000000e+04
1.000000000000000000e+02
8.200000000000000000e+03
0.000000000000000000e+00
5.100000000000000000e+03
0.000000000000000000e+00
1.000000000000000000e+02
0.000000000000000000e+00
3.100000000000000000e+03
0.000000000000000000e+00
1.000000000000000000e+02
0.000000000000000000e+00
0.000000000000000000e+00
0.000000000000000000e+00
0.000000000000000000e+00
0.000000000000000000e+00
2.000000000000000000e+03
0.000000000000000000e+00
0.000000000000000000e+00
0.000000000000000000e+00
0.000000000000000000e+00
0.000000000000000000e+00
0.000000000000000000e+00
0.000000000000000000e+00
0.000000000000000000e+00
0.000000000000000000e+00
0.000000000000000000e+00
0.000000000000000000e+00
0.000000000000000000e+00
0.000000000000000000e+00
0.000000000000000000e+00
0.000000000000000000e+00
5.670000000000000000e+04
0.000000000000000000e+00
3.900000000000000000e+03
0.000000000000000000e+00
3.000000000000000000e+03
0.000000000000000000e+00
0.000000000000000000e+00
0.000000000000000000e+00
9.000000000000000000e+02
0.000000000000000000e+00
0.000000000000000000e+00
0.000000000000000000e+00
0.000000000000000000e+00
0.000000000000000000e+00
0.000000000000000000e+00
0.000000000000000000e+00
8.000000000000000000e+02
0.000000000000000000e+00
0.000000000000000000e+00
0.000000000000000000e+00
0.000000000000000000e+00
0.000000000000000000e+00
0.000000000000000000e+00
0.000000000000000000e+00
0.000000000000000000e+00
0.000000000000000000e+00
0.000000000000000000e+00
0.000000000000000000e+00
0.000000000000000000e+00
0.000000000000000000e+00
0.000000000000000000e+00
0.000000000000000000e+00
2.000000000000000000e+02
0.000000000000000000e+00
0.000000000000000000e+00
0.000000000000000000e+00
0.000000000000000000e+00
0.000000000000000000e+00
0.000000000000000000e+00
0.000000000000000000e+00
0.000000000000000000e+00
0.000000000000000000e+00
0.000000000000000000e+00
0.000000000000000000e+00
0.000000000000000000e+00
0.000000000000000000e+00
0.000000000000000000e+00
0.000000000000000000e+00
0.000000000000000000e+00
0.000000000000000000e+00
0.000000000000000000e+00
0.000000000000000000e+00
0.000000000000000000e+00
0.000000000000000000e+00
0.000000000000000000e+00
0.000000000000000000e+00
0.000000000000000000e+00
0.000000000000000000e+00
0.000000000000000000e+00
0.000000000000000000e+00
0.000000000000000000e+00
0.000000000000000000e+00
0.000000000000000000e+00
0.000000000000000000e+00
3.981000000000000000e+05
4.360000000000000000e+04
1.845000000000000000e+05
1.800000000000000000e+03
1.449000000000000000e+05
7.000000000000000000e+02
2.240000000000000000e+04
0.000000000000000000e+00
1.003000000000000000e+05
2.000000000000000000e+02
1.360000000000000000e+04
0.000000000000000000e+00
7.700000000000000000e+03
0.000000000000000000e+00
1.000000000000000000e+02
0.000000000000000000e+00
7.000000000000000000e+04
1.000000000000000000e+02
5.400000000000000000e+03
0.000000000000000000e+00
3.400000000000000000e+03
0.000000000000000000e+00
0.000000000000000000e+00
0.000000000000000000e+00
2.000000000000000000e+03
0.000000000000000000e+00
0.000000000000000000e+00
0.000000000000000000e+00
0.000000000000000000e+00
0.000000000000000000e+00
0.000000000000000000e+00
0.000000000000000000e+00
3.750000000000000000e+04
0.000000000000000000e+00
2.500000000000000000e+03
0.000000000000000000e+00
1.100000000000000000e+03
0.000000000000000000e+00
0.000000000000000000e+00
0.000000000000000000e+00
5.000000000000000000e+02
0.000000000000000000e+00
0.000000000000000000e+00
0.000000000000000000e+00
0.000000000000000000e+00
0.000000000000000000e+00
0.000000000000000000e+00
0.000000000000000000e+00
3.000000000000000000e+02
0.000000000000000000e+00
0.000000000000000000e+00
0.000000000000000000e+00
0.000000000000000000e+00
0.000000000000000000e+00
0.000000000000000000e+00
0.000000000000000000e+00
0.000000000000000000e+00
0.000000000000000000e+00
0.000000000000000000e+00
0.000000000000000000e+00
0.000000000000000000e+00
0.000000000000000000e+00
0.000000000000000000e+00
0.000000000000000000e+00
2.250000000000000000e+04
0.000000000000000000e+00
7.000000000000000000e+02
0.000000000000000000e+00
5.000000000000000000e+02
0.000000000000000000e+00
0.000000000000000000e+00
0.000000000000000000e+00
4.000000000000000000e+02
0.000000000000000000e+00
0.000000000000000000e+00
0.000000000000000000e+00
0.000000000000000000e+00
0.000000000000000000e+00
0.000000000000000000e+00
0.000000000000000000e+00
1.000000000000000000e+02
0.000000000000000000e+00
0.000000000000000000e+00
0.000000000000000000e+00
0.000000000000000000e+00
0.000000000000000000e+00
0.000000000000000000e+00
0.000000000000000000e+00
0.000000000000000000e+00
0.000000000000000000e+00
0.000000000000000000e+00
0.000000000000000000e+00
0.000000000000000000e+00
0.000000000000000000e+00
0.000000000000000000e+00
0.000000000000000000e+00
2.000000000000000000e+02
0.000000000000000000e+00
0.000000000000000000e+00
0.000000000000000000e+00
0.000000000000000000e+00
0.000000000000000000e+00
0.000000000000000000e+00
0.000000000000000000e+00
0.000000000000000000e+00
0.000000000000000000e+00
0.000000000000000000e+00
0.000000000000000000e+00
0.000000000000000000e+00
0.000000000000000000e+00
0.000000000000000000e+00
0.000000000000000000e+00
0.000000000000000000e+00
0.000000000000000000e+00
0.000000000000000000e+00
0.000000000000000000e+00
0.000000000000000000e+00
0.000000000000000000e+00
0.000000000000000000e+00
0.000000000000000000e+00
0.000000000000000000e+00
0.000000000000000000e+00
0.000000000000000000e+00
0.000000000000000000e+00
0.000000000000000000e+00
0.000000000000000000e+00
0.000000000000000000e+00
0.000000000000000000e+00
1.220000000000000000e+04
0.000000000000000000e+00
4.000000000000000000e+02
0.000000000000000000e+00
2.000000000000000000e+02
0.000000000000000000e+00
0.000000000000000000e+00
0.000000000000000000e+00
0.000000000000000000e+00
0.000000000000000000e+00
0.000000000000000000e+00
0.000000000000000000e+00
0.000000000000000000e+00
0.000000000000000000e+00
0.000000000000000000e+00
0.000000000000000000e+00
0.000000000000000000e+00
0.000000000000000000e+00
0.000000000000000000e+00
0.000000000000000000e+00
0.000000000000000000e+00
0.000000000000000000e+00
0.000000000000000000e+00
0.000000000000000000e+00
0.000000000000000000e+00
0.000000000000000000e+00
0.000000000000000000e+00
0.000000000000000000e+00
0.000000000000000000e+00
0.000000000000000000e+00
0.000000000000000000e+00
0.000000000000000000e+00
0.000000000000000000e+00
0.000000000000000000e+00
0.000000000000000000e+00
0.000000000000000000e+00
0.000000000000000000e+00
0.000000000000000000e+00
0.000000000000000000e+00
0.000000000000000000e+00
0.000000000000000000e+00
0.000000000000000000e+00
0.000000000000000000e+00
0.000000000000000000e+00
0.000000000000000000e+00
0.000000000000000000e+00
0.000000000000000000e+00
0.000000000000000000e+00
0.000000000000000000e+00
0.000000000000000000e+00
0.000000000000000000e+00
0.000000000000000000e+00
0.000000000000000000e+00
0.000000000000000000e+00
0.000000000000000000e+00
0.000000000000000000e+00
0.000000000000000000e+00
0.000000000000000000e+00
0.000000000000000000e+00
0.000000000000000000e+00
0.000000000000000000e+00
0.000000000000000000e+00
0.000000000000000000e+00
0.000000000000000000e+00
0.000000000000000000e+00
0.000000000000000000e+00
0.000000000000000000e+00
0.000000000000000000e+00
0.000000000000000000e+00
0.000000000000000000e+00
0.000000000000000000e+00
0.000000000000000000e+00
0.000000000000000000e+00
0.000000000000000000e+00
0.000000000000000000e+00
0.000000000000000000e+00
0.000000000000000000e+00
0.000000000000000000e+00
0.000000000000000000e+00
0.000000000000000000e+00
0.000000000000000000e+00
0.000000000000000000e+00
0.000000000000000000e+00
0.000000000000000000e+00
0.000000000000000000e+00
0.000000000000000000e+00
0.000000000000000000e+00
0.000000000000000000e+00
0.000000000000000000e+00
0.000000000000000000e+00
0.000000000000000000e+00
0.000000000000000000e+00
0.000000000000000000e+00
0.000000000000000000e+00
0.000000000000000000e+00
0.000000000000000000e+00
0.000000000000000000e+00
0.000000000000000000e+00
0.000000000000000000e+00
0.000000000000000000e+00
0.000000000000000000e+00
0.000000000000000000e+00
0.000000000000000000e+00
0.000000000000000000e+00
0.000000000000000000e+00
0.000000000000000000e+00
0.000000000000000000e+00
0.000000000000000000e+00
0.000000000000000000e+00
0.000000000000000000e+00
0.000000000000000000e+00
0.000000000000000000e+00
0.000000000000000000e+00
0.000000000000000000e+00
0.000000000000000000e+00
0.000000000000000000e+00
0.000000000000000000e+00
0.000000000000000000e+00
0.000000000000000000e+00
0.000000000000000000e+00
0.000000000000000000e+00
0.000000000000000000e+00
0.000000000000000000e+00
0.000000000000000000e+00
0.000000000000000000e+00
0.000000000000000000e+00
0.000000000000000000e+00
0.000000000000000000e+00
