5.036000000000000000e+05
5.111000000000000000e+05
4.994000000000000000e+05
5.112000000000000000e+05
4.971000000000000000e+05
4.909000000000000000e+05
4.969000000000000000e+05
4.952000000000000000e+05
5.031000000000000000e+05
5.064000000000000000e+05
5.074000000000000000e+05
4.947000000000000000e+05
5.067000000000000000e+05
4.986000000000000000e+05
5.025000000000000000e+05
4.310000000000000000e+05
4.973000000000000000e+05
4.901000000000000000e+05
4.971000000000000000e+05
5.035000000000000000e+05
4.986000000000000000e+05
4.937000000000000000e+05
4.901000000000000000e+05
4.011000000000000000e+05
4.966000000000000000e+05
4.966000000000000000e+05
4.987000000000000000e+05
3.694000000000000000e+05
4.964000000000000000e+05
3.322000000000000000e+05
4.266000000000000000e+05
1.206000000000000000e+05
5.117000000000000000e+05
4.912000000000000000e+05
4.975000000000000000e+05
4.855000000000000000e+05
5.010000000000000000e+05
4.821000000000000000e+05
5.026000000000000000e+05
3.485000000000000000e+05
5.000000000000000000e+05
4.648000000000000000e+05
4.925000000000000000e+05
2.979000000000000000e+05
5.022000000000000000e+05
2.666000000000000000e+05
4.033000000000000000e+05
6.930000000000000000e+04
4.944000000000000000e+05
4.305000000000000000e+05
4.949000000000000000e+05
2.345000000000000000e+05
4.836000000000000000e+05
1.961000000000000000e+05
3.515000000000000000e+05
3.760000000000000000e+04
4.737000000000000000e+05
1.410000000000000000e+05
3.202000000000000000e+05
1.820000000000000000e+04
2.762000000000000000e+05
1.100000000000000000e+04
8.200000000000000000e+04
0.000000000000000000e+00
4.934000000000000000e+05
5.086000000000000000e+05
4.941000000000000000e+05
4.567000000000000000e+05
4.968000000000000000e+05
4.417000000000000000e+05
4.905000000000000000e+05
2.493000000000000000e+05
4.954000000000000000e+05
4.132000000000000000e+05
4.884000000000000000e+05
1.980000000000000000e+05
4.822000000000000000e+05
1.588000000000000000e+05
3.335000000000000000e+05
2.190000000000000000e+04
4.955000000000000000e+05
3.678000000000000000e+05
4.755000000000000000e+05
1.441000000000000000e+05
4.628000000000000000e+05
1.109000000000000000e+05
2.837000000000000000e+05
1.000000000000000000e+04
4.425000000000000000e+05
7.330000000000000000e+04
2.374000000000000000e+05
3.300000000000000000e+03
1.881000000000000000e+05
2.200000000000000000e+03
3.680000000000000000e+04
0.000000000000000000e+00
4.959000000000000000e+05
2.848000000000000000e+05
4.391000000000000000e+05
8.230000000000000000e+04
4.201000000000000000e+05
5.650000000000000000e+04
2.073000000000000000e+05
2.400000000000000000e+03
3.837000000000000000e+05
3.050000000000000000e+04
1.593000000000000000e+05
3.000000000000000000e+02
1.183000000000000000e+05
2.000000000000000000e+02
1.460000000000000000e+04
0.000000000000000000e+00
3.232000000000000000e+05
1.700000000000000000e+04
1.045000000000000000e+05
2.000000000000000000e+02
7.430000000000000000e+04
0.000000000000000000e+00
5.900000000000000000e+03
0.000000000000000000e+00
5.380000000000000000e+04
0.000000000000000000e+00
2.800000000000000000e+03
0.000000000000000000e+00
1.600000000000000000e+03
0.000000000000000000e+00
0.000000000000000000e+00
0.000000000000000000e+00
4.899000000000000000e+05
4.858000000000000000e+05
5.055000000000000000e+05
3.996000000000000000e+05
5.105000000000000000e+05
3.587000000000000000e+05
4.634000000000000000e+05
1.437000000000000000e+05
5.007000000000000000e+05
3.118000000000000000e+05
4.540000000000000000e+05
9.980000000000000000e+04
4.290000000000000000e+05
6.810000000000000000e+04
2.351000000000000000e+05
4.600000000000000000e+03
4.930000000000000000e+05
2.461000000000000000e+05
4.165000000000000000e+05
5.860000000000000000e+04
3.923000000000000000e+05
3.740000000000000000e+04
1.741000000000000000e+05
1.400000000000000000e+03
3.462000000000000000e+05
2.210000000000000000e+04
1.273000000000000000e+05
2.000000000000000000e+02
1.008000000000000000e+05
1.000000000000000000e+02
9.100000000000000000e+03
0.000000000000000000e+00
4.939000000000000000e+05
1.651000000000000000e+05
3.551000000000000000e+05
2.820000000000000000e+04
3.214000000000000000e+05
1.620000000000000000e+04
1.102000000000000000e+05
1.000000000000000000e+02
2.694000000000000000e+05
7.800000000000000000e+03
6.950000000000000000e+04
0.000000000000000000e+00
4.810000000000000000e+04
0.000000000000000000e+00
3.300000000000000000e+03
0.000000000000000000e+00
2.000000000000000000e+05
3.100000000000000000e+03
4.230000000000000000e+04
0.000000000000000000e+00
2.730000000000000000e+04
0.000000000000000000e+00
1.000000000000000000e+03
0.000000000000000000e+00
1.510000000000000000e+04
0.000000000000000000e+00
1.000000000000000000e+02
0.000000000000000000e+00
2.000000000000000000e+02
0.000000000000000000e+00
0.000000000000000000e+00
0.000000000000000000e+00
4.648000000000000000e+05
1.046000000000000000e+05
2.691000000000000000e+05
8.900000000000000000e+03
2.221000000000000000e+05
4.100000000000000000e+03
4.860000000000000000e+04
0.000000000000000000e+00
1.724000000000000000e+05
2.200000000000000000e+03
3.350000000000000000e+04
0.000000000000000000e+00
1.800000000000000000e+04
0.000000000000000000e+00
1.000000000000000000e+02
0.000000000000000000e+00
1.171000000000000000e+05
8.000000000000000000e+02
1.560000000000000000e+04
0.000000000000000000e+00
9.600000000000000000e+03
0.000000000000000000e+00
0.000000000000000000e+00
0.000000000000000000e+00
4.700000000000000000e+03
0.000000000000000000e+00
0.000000000000000000e+00
0.000000000000000000e+00
0.000000000000000000e+00
0.000000000000000000e+00
0.000000000000000000e+00
0.000000000000000000e+00
7.660000000000000000e+04
4.000000000000000000e+02
5.000000000000000000e+03
0.000000000000000000e+00
3.400000000000000000e+03
0.000000000000000000e+00
0.000000000000000000e+00
0.000000000000000000e+00
1.900000000000000000e+03
0.000000000000000000e+00
0.000000000000000000e+00
0.000000000000000000e+00
0.000000000000000000e+00
0.000000000000000000e+00
0.000000000000000000e+00
0.000000000000000000e+00
9.000000000000000000e+02
0.000000000000000000e+00
0.000000000000000000e+00
0.000000000000000000e+00
0.000000000000000000e+00
0.000000000000000000e+00
0.000000000000000000e+00
0.000000000000000000e+00
0.000000000000000000e+00
0.000000000000000000e+00
0.000000000000000000e+00
0.000000000000000000e+00
0.000000000000000000e+00
0.000000000000000000e+00
0.000000000000000000e+00
0.000000000000000000e+00
5.028000000000000000e+05
4.500000000000000000e+05
4.909000000000000000e+05
2.811000000000000000e+05
4.953000000000000000e+05
2.305000000000000000e+05
4.048000000000000000e+05
5.260000000000000000e+04
4.967000000000000000e+05
1.765000000000000000e+05
3.638000000000000000e+05
2.860000000000000000e+04
3.287000000000000000e+05
1.760000000000000000e+04
1.158000000000000000e+05
3.000000000000000000e+02
4.696000000000000000e+05
1.259000000000000000e+05
3.088000000000000000e+05
1.090000000000000000e+04
2.688000000000000000e+05
7.700000000000000000e+03
7.480000000000000000e+04
0.000000000000000000e+00
2.127000000000000000e+05
2.400000000000000000e+03
4.450000000000000000e+04
0.000000000000000000e+00
2.940000000000000000e+04
0.000000000000000000e+00
9.000000000000000000e+02
0.000000000000000000e+00
4.459000000000000000e+05
7.300000000000000000e+04
2.297000000000000000e+05
5.600000000000000000e+03
1.797000000000000000e+05
1.600000000000000000e+03
3.350000000000000000e+04
0.000000000000000000e+00
1.385000000000000000e+05
1.000000000000000000e+03
2.000000000000000000e+04
0.000000000000000000e+00
1.150000000000000000e+04
0.000000000000000000e+00
1.000000000000000000e+02
0.000000000000000000e+00
9.300000000000000000e+04
4.000000000000000000e+02
9.000000000000000000e+03
0.000000000000000000e+00
6.500000000000000000e+03
0.000000000000000000e+00
0.000000000000000000e+00
0.000000000000000000e+00
3.300000000000000000e+03
0.000000000000000000e+00
0.000000000000000000e+00
0.000000000000000000e+00
1.000000000000000000e+02
0.000000000000000000e+00
0.000000000000000000e+00
0.000000000000000000e+00
3.663000000000000000e+05
3.710000000000000000e+04
1.415000000000000000e+05
1.200000000000000000e+03
1.136000000000000000e+05
4.000000000000000000e+02
1.380000000000000000e+04
0.000000000000000000e+00
7.510000000000000000e+04
6.000000000000000000e+02
6.000000000000000000e+03
0.000000000000000000e+00
3.400000000000000000e+03
0.000000000000000000e+00
0.000000000000000000e+00
0.000000000000000000e+00
4.830000000000000000e+04
0.000000000000000000e+00
1.900000000000000000e+03
0.000000000000000000e+00
1.300000000000000000e+03
0.000000000000000000e+00
0.000000000000000000e+00
0.000000000000000000e+00
1.500000000000000000e+03
0.000000000000000000e+00
0.000000000000000000e+00
0.000000000000000000e+00
1.000000000000000000e+02
0.000000000000000000e+00
0.000000000000000000e+00
0.000000000000000000e+00
2.750000000000000000e+04
0.000000000000000000e+00
6.000000000000000000e+02
0.000000000000000000e+00
9.000000000000000000e+02
0.000000000000000000e+00
0.000000000000000000e+00
0.000000000000000000e+00
0.000000000000000000e+00
0.000000000000000000e+00
0.000000000000000000e+00
0.000000000000000000e+00
0.000000000000000000e+00
0.000000000000000000e+00
0.000000000000000000e+00
0.000000000000000000e+00
0.000000000000000000e+00
0.000000000000000000e+00
0.000000000000000000e+00
0.000000000000000000e+00
0.000000000000000000e+00
0.000000000000000000e+00
0.000000000000000000e+00
0.000000000000000000e+00
0.000000000000000000e+00
0.000000000000000000e+00
0.000000000000000000e+00
0.000000000000000000e+00
0.000000000000000000e+00
0.000000000000000000e+00
0.000000000000000000e+00
0.000000000000000000e+00
2.773000000000000000e+05
1.870000000000000000e+04
7.010000000000000000e+04
4.000000000000000000e+02
5.450000000000000000e+04
2.000000000000000000e+02
3.900000000000000000e+03
0.000000000000000000e+00
3.660000000000000000e+04
0.000000000000000000e+00
1.800000000000000000e+03
0.000000000000000000e+00
5.000000000000000000e+02
0.000000000000000000e+00
0.000000000000000000e+00
0.000000000000000000e+00
2.070000000000000000e+04
0.000000000000000000e+00
4.000000000000000000e+02
0.000000000000000000e+00
1.000000000000000000e+02
0.000000000000000000e+00
0.000000000000000000e+00
0.000000000000000000e+00
0.000000000000000000e+00
0.000000000000000000e+00
0.000000000000000000e+00
0.000000000000000000e+00
0.000000000000000000e+00
0.000000000000000000e+00
0.000000000000000000e+00
0.000000000000000000e+00
1.030000000000000000e+04
0.000000000000000000e+00
3.000000000000000000e+02
0.000000000000000000e+00
1.000000000000000000e+02
0.000000000000000000e+00
0.000000000000000000e+00
0.000000000000000000e+00
1.000000000000000000e+02
0.000000000000000000e+00
0.000000000000000000e+00
0.000000000000000000e+00
0.000000000000000000e+00
0.000000000000000000e+00
0.000000000000000000e+00
0.000000000000000000e+00
2.000000000000000000e+02
0.000000000000000000e+00
0.000000000000000000e+00
0.000000000000000000e+00
0.000000000000000000e+00
0.000000000000000000e+00
0.000000000000000000e+00
0.000000000000000000e+00
0.000000000000000000e+00
0.000000000000000000e+00
0.000000000000000000e+00
0.000000000000000000e+00
0.000000000000000000e+00
0.000000000000000000e+00
0.000000000000000000e+00
0.000000000000000000e+00
6.400000000000000000e+03
0.000000000000000000e+00
1.000000000000000000e+02
0.000000000000000000e+00
0.000000000000000000e+00
0.000000000000000000e+00
0.000000000000000000e+00
0.000000000000000000e+00
0.000000000000000000e+00
0.000000000000000000e+00
0.000000000000000000e+00
0.000000000000000000e+00
0.000000000000000000e+00
0.000000000000000000e+00
0.000000000000000000e+00
0.000000000000000000e+00
0.000000000000000000e+00
0.000000000000000000e+00
0.000000000000000000e+00
0.000000000000000000e+00
0.000000000000000000e+00
0.000000000000000000e+00
0.000000000000000000e+00
0.000000000000000000e+00
0.000000000000000000e+00
0.000000000000000000e+00
0.000000000000000000e+00
0.000000000000000000e+00
0.000000000000000000e+00
0.000000000000000000e+00
0.000000000000000000e+00
0.000000000000000000e+00
0.000000000000000000e+00
0.000000000000000000e+00
0.000000000000000000e+00
0.000000000000000000e+00
0.000000000000000000e+00
0.000000000000000000e+00
0.000000000000000000e+00
0.000000000000000000e+00
0.000000000000000000e+00
0.000000000000000000e+00
0.000000000000000000e+00
0.000000000000000000e+00
0.000000000000000000e+00
0.000000000000000000e+00
0.000000000000000000e+00
0.000000000000000000e+00
0.000000000000000000e+00
0.000000000000000000e+00
0.000000000000000000e+00
0.000000000000000000e+00
0.000000000000000000e+00
0.000000000000000000e+00
0.000000000000000000e+00
0.000000000000000000e+00
0.000000000000000000e+00
0.000000000000000000e+00
0.000000000000000000e+00
0.000000000000000000e+00
0.000000000000000000e+00
0.000000000000000000e+00
0.000000000000000000e+00
0.000000000000000000e+00
