5.068000000000000000e+05
4.984000000000000000e+05
5.161000000000000000e+05
4.961000000000000000e+05
5.001000000000000000e+05
4.953000000000000000e+05
5.102000000000000000e+05
4.902000000000000000e+05
4.933000000000000000e+05
5.011000000000000000e+05
5.039000000000000000e+05
4.954000000000000000e+05
4.927000000000000000e+05
5.010000000000000000e+05
4.953000000000000000e+05
5.002000000000000000e+05
5.005000000000000000e+05
5.039000000000000000e+05
4.965000000000000000e+05
5.072000000000000000e+05
4.996000000000000000e+05
5.058000000000000000e+05
4.990000000000000000e+05
4.932000000000000000e+05
4.930000000000000000e+05
4.943000000000000000e+05
5.024000000000000000e+05
4.833000000000000000e+05
5.006000000000000000e+05
4.962000000000000000e+05
5.047000000000000000e+05
3.684000000000000000e+05
4.990000000000000000e+05
4.967000000000000000e+05
4.951000000000000000e+05
4.954000000000000000e+05
4.961000000000000000e+05
4.888000000000000000e+05
4.989000000000000000e+05
4.860000000000000000e+05
5.053000000000000000e+05
4.923000000000000000e+05
4.991000000000000000e+05
4.754000000000000000e+05
4.933000000000000000e+05
4.931000000000000000e+05
4.978000000000000000e+05
3.210000000000000000e+05
5.121000000000000000e+05
5.022000000000000000e+05
4.987000000000000000e+05
4.515000000000000000e+05
5.131000000000000000e+05
4.975000000000000000e+05
4.819000000000000000e+05
2.796000000000000000e+05
5.061000000000000000e+05
4.983000000000000000e+05
4.943000000000000000e+05
2.383000000000000000e+05
4.974000000000000000e+05
5.028000000000000000e+05
3.583000000000000000e+05
5.130000000000000000e+04
5.039000000000000000e+05
5.036000000000000000e+05
5.001000000000000000e+05
4.986000000000000000e+05
5.043000000000000000e+05
4.937000000000000000e+05
5.041000000000000000e+05
4.471000000000000000e+05
5.006000000000000000e+05
4.950000000000000000e+05
5.038000000000000000e+05
4.457000000000000000e+05
4.967000000000000000e+05
4.980000000000000000e+05
4.852000000000000000e+05
2.513000000000000000e+05
4.963000000000000000e+05
5.017000000000000000e+05
4.988000000000000000e+05
4.113000000000000000e+05
4.966000000000000000e+05
5.000000000000000000e+05
4.880000000000000000e+05
1.974000000000000000e+05
5.019000000000000000e+05
5.048000000000000000e+05
4.768000000000000000e+05
1.526000000000000000e+05
5.072000000000000000e+05
4.927000000000000000e+05
3.067000000000000000e+05
2.210000000000000000e+04
4.981000000000000000e+05
5.075000000000000000e+05
4.967000000000000000e+05
3.497000000000000000e+05
5.055000000000000000e+05
4.957000000000000000e+05
4.567000000000000000e+05
1.318000000000000000e+05
4.978000000000000000e+05
4.975000000000000000e+05
4.411000000000000000e+05
9.200000000000000000e+04
5.000000000000000000e+05
4.948000000000000000e+05
2.437000000000000000e+05
6.600000000000000000e+03
4.965000000000000000e+05
4.996000000000000000e+05
4.057000000000000000e+05
5.460000000000000000e+04
5.029000000000000000e+05
4.866000000000000000e+05
1.926000000000000000e+05
1.500000000000000000e+03
4.860000000000000000e+05
4.748000000000000000e+05
1.471000000000000000e+05
1.400000000000000000e+03
4.980000000000000000e+05
3.492000000000000000e+05
2.240000000000000000e+04
0.000000000000000000e+00
4.979000000000000000e+05
5.020000000000000000e+05
4.944000000000000000e+05
4.923000000000000000e+05
4.973000000000000000e+05
4.917000000000000000e+05
5.087000000000000000e+05
4.014000000000000000e+05
4.969000000000000000e+05
4.964000000000000000e+05
4.977000000000000000e+05
3.711000000000000000e+05
5.072000000000000000e+05
4.960000000000000000e+05
4.635000000000000000e+05
1.503000000000000000e+05
5.059000000000000000e+05
4.877000000000000000e+05
4.959000000000000000e+05
3.247000000000000000e+05
4.991000000000000000e+05
5.032000000000000000e+05
4.489000000000000000e+05
1.113000000000000000e+05
5.029000000000000000e+05
5.010000000000000000e+05
4.258000000000000000e+05
7.260000000000000000e+04
5.032000000000000000e+05
4.821000000000000000e+05
2.094000000000000000e+05
3.400000000000000000e+03
4.957000000000000000e+05
4.902000000000000000e+05
4.958000000000000000e+05
2.491000000000000000e+05
5.033000000000000000e+05
4.982000000000000000e+05
4.076000000000000000e+05
6.150000000000000000e+04
5.014000000000000000e+05
5.071000000000000000e+05
3.733000000000000000e+05
3.840000000000000000e+04
5.097000000000000000e+05
4.721000000000000000e+05
1.483000000000000000e+05
8.000000000000000000e+02
5.018000000000000000e+05
5.021000000000000000e+05
3.262000000000000000e+05
2.110000000000000000e+04
4.953000000000000000e+05
4.674000000000000000e+05
1.083000000000000000e+05
1.000000000000000000e+02
4.990000000000000000e+05
4.684000000000000000e+05
7.590000000000000000e+04
1.000000000000000000e+02
4.934000000000000000e+05
3.032000000000000000e+05
5.300000000000000000e+03
0.000000000000000000e+00
4.945000000000000000e+05
5.043000000000000000e+05
4.828000000000000000e+05
1.704000000000000000e+05
5.006000000000000000e+05
4.942000000000000000e+05
3.423000000000000000e+05
2.670000000000000000e+04
4.973000000000000000e+05
4.918000000000000000e+05
2.967000000000000000e+05
1.760000000000000000e+04
4.963000000000000000e+05
4.627000000000000000e+05
8.220000000000000000e+04
3.000000000000000000e+02
4.946000000000000000e+05
4.945000000000000000e+05
2.370000000000000000e+05
7.500000000000000000e+03
5.050000000000000000e+05
4.459000000000000000e+05
5.920000000000000000e+04
0.000000000000000000e+00
5.054000000000000000e+05
4.407000000000000000e+05
3.780000000000000000e+04
0.000000000000000000e+00
4.914000000000000000e+05
2.501000000000000000e+05
2.100000000000000000e+03
0.000000000000000000e+00
4.877000000000000000e+05
4.913000000000000000e+05
1.720000000000000000e+05
2.700000000000000000e+03
4.989000000000000000e+05
4.180000000000000000e+05
2.860000000000000000e+04
0.000000000000000000e+00
5.083000000000000000e+05
3.995000000000000000e+05
1.950000000000000000e+04
0.000000000000000000e+00
5.041000000000000000e+05
1.992000000000000000e+05
4.000000000000000000e+02
0.000000000000000000e+00
5.000000000000000000e+05
3.556000000000000000e+05
1.020000000000000000e+04
0.000000000000000000e+00
4.881000000000000000e+05
1.448000000000000000e+05
0.000000000000000000e+00
0.000000000000000000e+00
5.073000000000000000e+05
1.117000000000000000e+05
1.000000000000000000e+02
0.000000000000000000e+00
4.322000000000000000e+05
1.100000000000000000e+04
0.000000000000000000e+00
0.000000000000000000e+00
5.002000000000000000e+05
4.996000000000000000e+05
5.087000000000000000e+05
4.594000000000000000e+05
5.040000000000000000e+05
4.965000000000000000e+05
4.967000000000000000e+05
2.906000000000000000e+05
4.974000000000000000e+05
4.958000000000000000e+05
4.877000000000000000e+05
2.550000000000000000e+05
4.931000000000000000e+05
4.961000000000000000e+05
4.008000000000000000e+05
5.560000000000000000e+04
5.072000000000000000e+05
4.923000000000000000e+05
4.842000000000000000e+05
1.866000000000000000e+05
5.019000000000000000e+05
4.974000000000000000e+05
3.617000000000000000e+05
3.410000000000000000e+04
5.018000000000000000e+05
5.031000000000000000e+05
3.175000000000000000e+05
1.970000000000000000e+04
5.019000000000000000e+05
4.678000000000000000e+05
1.099000000000000000e+05
2.000000000000000000e+02
4.950000000000000000e+05
5.014000000000000000e+05
4.692000000000000000e+05
1.305000000000000000e+05
4.992000000000000000e+05
4.997000000000000000e+05
2.984000000000000000e+05
1.340000000000000000e+04
5.077000000000000000e+05
5.036000000000000000e+05
2.507000000000000000e+05
7.900000000000000000e+03
4.884000000000000000e+05
4.472000000000000000e+05
6.150000000000000000e+04
0.000000000000000000e+00
5.042000000000000000e+05
4.889000000000000000e+05
1.927000000000000000e+05
4.400000000000000000e+03
5.039000000000000000e+05
4.327000000000000000e+05
3.720000000000000000e+04
2.000000000000000000e+02
5.097000000000000000e+05
4.126000000000000000e+05
2.480000000000000000e+04
0.000000000000000000e+00
5.010000000000000000e+05
2.196000000000000000e+05
7.000000000000000000e+02
0.000000000000000000e+00
4.961000000000000000e+05
5.013000000000000000e+05
4.285000000000000000e+05
7.940000000000000000e+04
4.973000000000000000e+05
4.989000000000000000e+05
2.186000000000000000e+05
5.500000000000000000e+03
5.036000000000000000e+05
4.896000000000000000e+05
1.678000000000000000e+05
2.100000000000000000e+03
5.057000000000000000e+05
4.152000000000000000e+05
2.550000000000000000e+04
0.000000000000000000e+00
5.029000000000000000e+05
4.915000000000000000e+05
1.215000000000000000e+05
1.000000000000000000e+03
5.011000000000000000e+05
3.958000000000000000e+05
1.490000000000000000e+04
0.000000000000000000e+00
4.935000000000000000e+05
3.700000000000000000e+05
8.300000000000000000e+03
0.000000000000000000e+00
5.016000000000000000e+05
1.558000000000000000e+05
2.000000000000000000e+02
0.000000000000000000e+00
5.064000000000000000e+05
4.814000000000000000e+05
7.380000000000000000e+04
2.000000000000000000e+02
5.083000000000000000e+05
3.442000000000000000e+05
5.300000000000000000e+03
0.000000000000000000e+00
4.923000000000000000e+05
3.257000000000000000e+05
3.600000000000000000e+03
0.000000000000000000e+00
5.003000000000000000e+05
1.108000000000000000e+05
0.000000000000000000e+00
0.000000000000000000e+00
4.976000000000000000e+05
2.708000000000000000e+05
2.100000000000000000e+03
0.000000000000000000e+00
5.056000000000000000e+05
7.360000000000000000e+04
0.000000000000000000e+00
0.000000000000000000e+00
4.936000000000000000e+05
5.350000000000000000e+04
1.000000000000000000e+02
0.000000000000000000e+00
4.167000000000000000e+05
2.000000000000000000e+03
0.000000000000000000e+00
0.000000000000000000e+00
5.030000000000000000e+05
4.992000000000000000e+05
3.487000000000000000e+05
3.760000000000000000e+04
5.017000000000000000e+05
4.927000000000000000e+05
1.265000000000000000e+05
5.000000000000000000e+02
5.000000000000000000e+05
4.879000000000000000e+05
9.340000000000000000e+04
3.000000000000000000e+02
5.075000000000000000e+05
3.655000000000000000e+05
7.400000000000000000e+03
0.000000000000000000e+00
5.062000000000000000e+05
4.674000000000000000e+05
6.120000000000000000e+04
0.000000000000000000e+00
4.978000000000000000e+05
3.263000000000000000e+05
4.100000000000000000e+03
0.000000000000000000e+00
4.933000000000000000e+05
2.945000000000000000e+05
2.800000000000000000e+03
0.000000000000000000e+00
5.017000000000000000e+05
9.110000000000000000e+04
0.000000000000000000e+00
0.000000000000000000e+00
5.038000000000000000e+05
4.534000000000000000e+05
3.690000000000000000e+04
1.000000000000000000e+02
5.076000000000000000e+05
2.749000000000000000e+05
1.200000000000000000e+03
0.000000000000000000e+00
4.968000000000000000e+05
2.277000000000000000e+05
1.200000000000000000e+03
0.000000000000000000e+00
4.868000000000000000e+05
5.510000000000000000e+04
0.000000000000000000e+00
0.000000000000000000e+00
4.985000000000000000e+05
1.742000000000000000e+05
5.000000000000000000e+02
0.000000000000000000e+00
4.827000000000000000e+05
3.060000000000000000e+04
0.000000000000000000e+00
0.000000000000000000e+00
4.817000000000000000e+05
2.080000000000000000e+04
0.000000000000000000e+00
0.000000000000000000e+00
3.838000000000000000e+05
4.000000000000000000e+02
0.000000000000000000e+00
0.000000000000000000e+00
5.000000000000000000e+05
4.017000000000000000e+05
1.930000000000000000e+04
0.000000000000000000e+00
4.962000000000000000e+05
1.939000000000000000e+05
8.000000000000000000e+02
0.000000000000000000e+00
5.038000000000000000e+05
1.527000000000000000e+05
3.000000000000000000e+02
0.000000000000000000e+00
4.897000000000000000e+05
2.430000000000000000e+04
0.000000000000000000e+00
0.000000000000000000e+00
4.987000000000000000e+05
1.076000000000000000e+05
0.000000000000000000e+00
0.000000000000000000e+00
4.852000000000000000e+05
1.170000000000000000e+04
0.000000000000000000e+00
0.000000000000000000e+00
4.862000000000000000e+05
6.900000000000000000e+03
0.000000000000000000e+00
0.000000000000000000e+00
3.465000000000000000e+05
0.000000000000000000e+00
0.000000000000000000e+00
0.000000000000000000e+00
5.030000000000000000e+05
6.820000000000000000e+04
1.000000000000000000e+02
0.000000000000000000e+00
4.748000000000000000e+05
5.000000000000000000e+03
0.000000000000000000e+00
0.000000000000000000e+00
4.683000000000000000e+05
3.000000000000000000e+03
0.000000000000000000e+00
0.000000000000000000e+00
2.976000000000000000e+05
0.000000000000000000e+00
0.000000000000000000e+00
0.000000000000000000e+00
4.455000000000000000e+05
1.300000000000000000e+03
0.000000000000000000e+00
0.000000000000000000e+00
2.580000000000000000e+05
0.000000000000000000e+00
0.000000000000000000e+00
0.000000000000000000e+00
2.264000000000000000e+05
0.000000000000000000e+00
0.000000000000000000e+00
0.000000000000000000e+00
5.090000000000000000e+04
0.000000000000000000e+00
0.000000000000000000e+00
0.000000000000000000e+00
4.988000000000000000e+05
4.938000000000000000e+05
4.946000000000000000e+05
4.012000000000000000e+05
4.979000000000000000e+05
5.091000000000000000e+05
4.717000000000000000e+05
1.760000000000000000e+05
5.005000000000000000e+05
5.011000000000000000e+05
4.547000000000000000e+05
1.303000000000000000e+05
5.007000000000000000e+05
4.940000000000000000e+05
2.722000000000000000e+05
1.250000000000000000e+04
5.010000000000000000e+05
5.043000000000000000e+05
4.305000000000000000e+05
8.500000000000000000e+04
4.971000000000000000e+05
4.913000000000000000e+05
2.144000000000000000e+05
6.300000000000000000e+03
5.051000000000000000e+05
4.862000000000000000e+05
1.716000000000000000e+05
3.700000000000000000e+03
5.007000000000000000e+05
4.223000000000000000e+05
2.870000000000000000e+04
1.000000000000000000e+02
4.947000000000000000e+05
4.974000000000000000e+05
3.727000000000000000e+05
4.850000000000000000e+04
5.051000000000000000e+05
4.955000000000000000e+05
1.445000000000000000e+05
1.400000000000000000e+03
4.940000000000000000e+05
4.957000000000000000e+05
1.129000000000000000e+05
9.000000000000000000e+02
4.992000000000000000e+05
3.735000000000000000e+05
1.220000000000000000e+04
0.000000000000000000e+00
4.952000000000000000e+05
4.772000000000000000e+05
7.270000000000000000e+04
3.000000000000000000e+02
4.923000000000000000e+05
3.557000000000000000e+05
6.100000000000000000e+03
0.000000000000000000e+00
4.973000000000000000e+05
3.248000000000000000e+05
4.600000000000000000e+03
0.000000000000000000e+00
4.900000000000000000e+05
1.145000000000000000e+05
0.000000000000000000e+00
0.000000000000000000e+00
4.935000000000000000e+05
5.000000000000000000e+05
3.103000000000000000e+05
2.520000000000000000e+04
5.070000000000000000e+05
4.854000000000000000e+05
8.590000000000000000e+04
6.000000000000000000e+02
5.034000000000000000e+05
4.836000000000000000e+05
6.030000000000000000e+04
1.000000000000000000e+02
4.992000000000000000e+05
3.331000000000000000e+05
4.700000000000000000e+03
0.000000000000000000e+00
4.964000000000000000e+05
4.652000000000000000e+05
4.020000000000000000e+04
2.000000000000000000e+02
5.045000000000000000e+05
2.942000000000000000e+05
1.300000000000000000e+03
0.000000000000000000e+00
5.015000000000000000e+05
2.617000000000000000e+05
1.200000000000000000e+03
0.000000000000000000e+00
4.958000000000000000e+05
7.140000000000000000e+04
0.000000000000000000e+00
0.000000000000000000e+00
5.038000000000000000e+05
4.273000000000000000e+05
2.270000000000000000e+04
0.000000000000000000e+00
4.968000000000000000e+05
2.376000000000000000e+05
6.000000000000000000e+02
0.000000000000000000e+00
4.985000000000000000e+05
1.849000000000000000e+05
3.000000000000000000e+02
0.000000000000000000e+00
4.990000000000000000e+05
3.700000000000000000e+04
0.000000000000000000e+00
0.000000000000000000e+00
4.952000000000000000e+05
1.434000000000000000e+05
1.000000000000000000e+02
0.000000000000000000e+00
4.920000000000000000e+05
2.070000000000000000e+04
0.000000000000000000e+00
0.000000000000000000e+00
4.815000000000000000e+05
1.340000000000000000e+04
0.000000000000000000e+00
0.000000000000000000e+00
3.631000000000000000e+05
1.000000000000000000e+02
0.000000000000000000e+00
0.000000000000000000e+00
5.035000000000000000e+05
5.004000000000000000e+05
2.140000000000000000e+05
8.900000000000000000e+03
5.019000000000000000e+05
4.533000000000000000e+05
4.320000000000000000e+04
3.000000000000000000e+02
5.001000000000000000e+05
4.426000000000000000e+05
2.600000000000000000e+04
0.000000000000000000e+00
4.974000000000000000e+05
2.549000000000000000e+05
1.700000000000000000e+03
0.000000000000000000e+00
4.972000000000000000e+05
4.154000000000000000e+05
1.590000000000000000e+04
0.000000000000000000e+00
5.041000000000000000e+05
1.985000000000000000e+05
3.000000000000000000e+02
0.000000000000000000e+00
4.947000000000000000e+05
1.695000000000000000e+05
0.000000000000000000e+00
0.000000000000000000e+00
4.841000000000000000e+05
2.890000000000000000e+04
0.000000000000000000e+00
0.000000000000000000e+00
4.972000000000000000e+05
3.657000000000000000e+05
9.000000000000000000e+03
0.000000000000000000e+00
4.993000000000000000e+05
1.448000000000000000e+05
1.000000000000000000e+02
0.000000000000000000e+00
4.940000000000000000e+05
1.120000000000000000e+05
0.000000000000000000e+00
0.000000000000000000e+00
4.802000000000000000e+05
1.340000000000000000e+04
0.000000000000000000e+00
0.000000000000000000e+00
4.955000000000000000e+05
7.750000000000000000e+04
0.000000000000000000e+00
0.000000000000000000e+00
4.780000000000000000e+05
6.600000000000000000e+03
0.000000000000000000e+00
0.000000000000000000e+00
4.747000000000000000e+05
3.600000000000000000e+03
0.000000000000000000e+00
0.000000000000000000e+00
3.205000000000000000e+05
1.000000000000000000e+02
0.000000000000000000e+00
0.000000000000000000e+00
4.900000000000000000e+05
2.826000000000000000e+05
5.300000000000000000e+03
0.000000000000000000e+00
5.023000000000000000e+05
8.510000000000000000e+04
0.000000000000000000e+00
0.000000000000000000e+00
4.982000000000000000e+05
6.100000000000000000e+04
1.000000000000000000e+02
0.000000000000000000e+00
4.724000000000000000e+05
4.700000000000000000e+03
0.000000000000000000e+00
0.000000000000000000e+00
4.895000000000000000e+05
3.910000000000000000e+04
0.000000000000000000e+00
0.000000000000000000e+00
4.562000000000000000e+05
2.600000000000000000e+03
0.000000000000000000e+00
0.000000000000000000e+00
4.412000000000000000e+05
1.400000000000000000e+03
0.000000000000000000e+00
0.000000000000000000e+00
2.723000000000000000e+05
0.000000000000000000e+00
0.000000000000000000e+00
0.000000000000000000e+00
4.977000000000000000e+05
2.530000000000000000e+04
1.000000000000000000e+02
0.000000000000000000e+00
4.293000000000000000e+05
1.000000000000000000e+03
0.000000000000000000e+00
0.000000000000000000e+00
4.155000000000000000e+05
5.000000000000000000e+02
0.000000000000000000e+00
0.000000000000000000e+00
2.146000000000000000e+05
0.000000000000000000e+00
0.000000000000000000e+00
0.000000000000000000e+00
3.776000000000000000e+05
5.000000000000000000e+02
0.000000000000000000e+00
0.000000000000000000e+00
1.724000000000000000e+05
0.000000000000000000e+00
0.000000000000000000e+00
0.000000000000000000e+00
1.344000000000000000e+05
0.000000000000000000e+00
0.000000000000000000e+00
0.000000000000000000e+00
1.930000000000000000e+04
0.000000000000000000e+00
0.000000000000000000e+00
0.000000000000000000e+00
5.043000000000000000e+05
4.879000000000000000e+05
1.284000000000000000e+05
3.400000000000000000e+03
4.947000000000000000e+05
3.941000000000000000e+05
1.630000000000000000e+04
0.000000000000000000e+00
5.006000000000000000e+05
3.640000000000000000e+05
1.150000000000000000e+04
0.000000000000000000e+00
5.005000000000000000e+05
1.588000000000000000e+05
1.000000000000000000e+02
0.000000000000000000e+00
4.969000000000000000e+05
3.295000000000000000e+05
6.300000000000000000e+03
0.000000000000000000e+00
5.042000000000000000e+05
1.110000000000000000e+05
0.000000000000000000e+00
0.000000000000000000e+00
5.010000000000000000e+05
8.030000000000000000e+04
0.000000000000000000e+00
0.000000000000000000e+00
4.778000000000000000e+05
6.600000000000000000e+03
0.000000000000000000e+00
0.000000000000000000e+00
5.070000000000000000e+05
2.580000000000000000e+05
2.400000000000000000e+03
0.000000000000000000e+00
5.020000000000000000e+05
6.780000000000000000e+04
0.000000000000000000e+00
0.000000000000000000e+00
5.010000000000000000e+05
4.380000000000000000e+04
1.000000000000000000e+02
0.000000000000000000e+00
4.675000000000000000e+05
1.800000000000000000e+03
0.000000000000000000e+00
0.000000000000000000e+00
4.973000000000000000e+05
2.690000000000000000e+04
0.000000000000000000e+00
0.000000000000000000e+00
4.429000000000000000e+05
6.000000000000000000e+02
0.000000000000000000e+00
0.000000000000000000e+00
4.296000000000000000e+05
3.000000000000000000e+02
0.000000000000000000e+00
0.000000000000000000e+00
2.411000000000000000e+05
0.000000000000000000e+00
0.000000000000000000e+00
0.000000000000000000e+00
5.020000000000000000e+05
1.925000000000000000e+05
1.300000000000000000e+03
0.000000000000000000e+00
4.965000000000000000e+05
4.030000000000000000e+04
0.000000000000000000e+00
0.000000000000000000e+00
5.008000000000000000e+05
2.550000000000000000e+04
0.000000000000000000e+00
0.000000000000000000e+00
4.390000000000000000e+05
4.000000000000000000e+02
0.000000000000000000e+00
0.000000000000000000e+00
4.976000000000000000e+05
1.490000000000000000e+04
0.000000000000000000e+00
0.000000000000000000e+00
4.155000000000000000e+05
5.000000000000000000e+02
0.000000000000000000e+00
0.000000000000000000e+00
3.913000000000000000e+05
1.000000000000000000e+02
0.000000000000000000e+00
0.000000000000000000e+00
1.825000000000000000e+05
0.000000000000000000e+00
0.000000000000000000e+00
0.000000000000000000e+00
4.840000000000000000e+05
8.800000000000000000e+03
0.000000000000000000e+00
0.000000000000000000e+00
3.674000000000000000e+05
0.000000000000000000e+00
0.000000000000000000e+00
0.000000000000000000e+00
3.419000000000000000e+05
2.000000000000000000e+02
0.000000000000000000e+00
0.000000000000000000e+00
1.345000000000000000e+05
0.000000000000000000e+00
0.000000000000000000e+00
0.000000000000000000e+00
2.926000000000000000e+05
0.000000000000000000e+00
0.000000000000000000e+00
0.000000000000000000e+00
9.230000000000000000e+04
0.000000000000000000e+00
0.000000000000000000e+00
0.000000000000000000e+00
6.660000000000000000e+04
0.000000000000000000e+00
0.000000000000000000e+00
0.000000000000000000e+00
5.600000000000000000e+03
0.000000000000000000e+00
0.000000000000000000e+00
0.000000000000000000e+00
5.040000000000000000e+05
1.194000000000000000e+05
8.000000000000000000e+02
0.000000000000000000e+00
4.995000000000000000e+05
1.470000000000000000e+04
0.000000000000000000e+00
0.000000000000000000e+00
4.840000000000000000e+05
1.090000000000000000e+04
0.000000000000000000e+00
0.000000000000000000e+00
3.741000000000000000e+05
2.000000000000000000e+02
0.000000000000000000e+00
0.000000000000000000e+00
4.837000000000000000e+05
6.700000000000000000e+03
0.000000000000000000e+00
0.000000000000000000e+00
3.498000000000000000e+05
2.000000000000000000e+02
0.000000000000000000e+00
0.000000000000000000e+00
3.146000000000000000e+05
0.000000000000000000e+00
0.000000000000000000e+00
0.000000000000000000e+00
1.203000000000000000e+05
0.000000000000000000e+00
0.000000000000000000e+00
0.000000000000000000e+00
4.627000000000000000e+05
2.800000000000000000e+03
0.000000000000000000e+00
0.000000000000000000e+00
2.851000000000000000e+05
0.000000000000000000e+00
0.000000000000000000e+00
0.000000000000000000e+00
2.563000000000000000e+05
0.000000000000000000e+00
0.000000000000000000e+00
0.000000000000000000e+00
7.120000000000000000e+04
0.000000000000000000e+00
0.000000000000000000e+00
0.000000000000000000e+00
2.087000000000000000e+05
0.000000000000000000e+00
0.000000000000000000e+00
0.000000000000000000e+00
4.580000000000000000e+04
0.000000000000000000e+00
0.000000000000000000e+00
0.000000000000000000e+00
3.100000000000000000e+04
0.000000000000000000e+00
0.000000000000000000e+00
0.000000000000000000e+00
1.200000000000000000e+03
0.000000000000000000e+00
0.000000000000000000e+00
0.000000000000000000e+00
4.217000000000000000e+05
1.100000000000000000e+03
0.000000000000000000e+00
0.000000000000000000e+00
2.283000000000000000e+05
0.000000000000000000e+00
0.000000000000000000e+00
0.000000000000000000e+00
1.813000000000000000e+05
0.000000000000000000e+00
0.000000000000000000e+00
0.000000000000000000e+00
3.590000000000000000e+04
0.000000000000000000e+00
0.000000000000000000e+00
0.000000000000000000e+00
1.387000000000000000e+05
0.000000000000000000e+00
0.000000000000000000e+00
0.000000000000000000e+00
2.190000000000000000e+04
0.000000000000000000e+00
0.000000000000000000e+00
0.000000000000000000e+00
1.370000000000000000e+04
0.000000000000000000e+00
0.000000000000000000e+00
0.000000000000000000e+00
1.000000000000000000e+02
0.000000000000000000e+00
0.000000000000000000e+00
0.000000000000000000e+00
8.560000000000000000e+04
0.000000000000000000e+00
0.000000000000000000e+00
0.000000000000000000e+00
1.010000000000000000e+04
0.000000000000000000e+00
0.000000000000000000e+00
0.000000000000000000e+00
4.300000000000000000e+03
0.000000000000000000e+00
0.000000000000000000e+00
0.000000000000000000e+00
0.000000000000000000e+00
0.000000000000000000e+00
0.000000000000000000e+00
0.000000000000000000e+00
2.500000000000000000e+03
0.000000000000000000e+00
0.000000000000000000e+00
0.000000000000000000e+00
0.000000000000000000e+00
0.000000000000000000e+00
0.000000000000000000e+00
0.000000000000000000e+00
0.000000000000000000e+00
0.000000000000000000e+00
0.000000000000000000e+00
0.000000000000000000e+00
0.000000000000000000e+00
0.000000000000000000e+00
0.000000000000000000e+00
0.000000000000000000e+00
