1.000000000000000000e+06
4.912000000000000000e+05
5.025000000000000000e+05
5.013000000000000000e+05
1.000000000000000000e+06
5.006000000000000000e+05
4.940000000000000000e+05
4.957000000000000000e+05
1.000000000000000000e+06
5.001000000000000000e+05
4.960000000000000000e+05
5.052000000000000000e+05
5.012000000000000000e+05
4.912000000000000000e+05
5.095000000000000000e+05
5.000000000000000000e+05
1.000000000000000000e+06
4.985000000000000000e+05
4.944000000000000000e+05
5.062000000000000000e+05
5.013000000000000000e+05
4.937000000000000000e+05
4.990000000000000000e+05
4.982000000000000000e+05
4.958000000000000000e+05
5.020000000000000000e+05
5.094000000000000000e+05
5.040000000000000000e+05
4.978000000000000000e+05
4.952000000000000000e+05
5.089000000000000000e+05
5.048000000000000000e+05
1.000000000000000000e+06
4.948000000000000000e+05
4.985000000000000000e+05
4.962000000000000000e+05
4.880000000000000000e+05
4.891000000000000000e+05
5.027000000000000000e+05
5.042000000000000000e+05
4.952000000000000000e+05
5.057000000000000000e+05
5.046000000000000000e+05
5.082000000000000000e+05
4.952000000000000000e+05
4.923000000000000000e+05
5.058000000000000000e+05
5.074000000000000000e+05
5.022000000000000000e+05
4.965000000000000000e+05
4.997000000000000000e+05
4.975000000000000000e+05
4.954000000000000000e+05
4.971000000000000000e+05
5.006000000000000000e+05
5.049000000000000000e+05
4.999000000000000000e+05
5.049000000000000000e+05
5.006000000000000000e+05
5.060000000000000000e+05
5.007000000000000000e+05
4.983000000000000000e+05
5.011000000000000000e+05
4.570000000000000000e+05
1.000000000000000000e+06
5.003000000000000000e+05
5.041000000000000000e+05
4.930000000000000000e+05
4.916000000000000000e+05
4.916000000000000000e+05
5.002000000000000000e+05
5.020000000000000000e+05
5.034000000000000000e+05
5.066000000000000000e+05
4.958000000000000000e+05
4.964000000000000000e+05
4.965000000000000000e+05
4.976000000000000000e+05
5.065000000000000000e+05
4.982000000000000000e+05
5.009000000000000000e+05
4.965000000000000000e+05
4.970000000000000000e+05
5.022000000000000000e+05
4.970000000000000000e+05
4.964000000000000000e+05
4.946000000000000000e+05
4.903000000000000000e+05
4.927000000000000000e+05
5.011000000000000000e+05
5.017000000000000000e+05
4.947000000000000000e+05
4.968000000000000000e+05
5.053000000000000000e+05
4.872000000000000000e+05
4.424000000000000000e+05
5.047000000000000000e+05
5.053000000000000000e+05
4.998000000000000000e+05
5.025000000000000000e+05
5.057000000000000000e+05
4.968000000000000000e+05
4.933000000000000000e+05
4.980000000000000000e+05
5.034000000000000000e+05
5.061000000000000000e+05
4.931000000000000000e+05
5.027000000000000000e+05
5.041000000000000000e+05
5.059000000000000000e+05
4.988000000000000000e+05
4.194000000000000000e+05
5.004000000000000000e+05
5.011000000000000000e+05
4.944000000000000000e+05
4.919000000000000000e+05
5.018000000000000000e+05
4.971000000000000000e+05
5.078000000000000000e+05
3.987000000000000000e+05
5.077000000000000000e+05
5.010000000000000000e+05
5.075000000000000000e+05
3.806000000000000000e+05
5.027000000000000000e+05
5.030000000000000000e+05
4.856000000000000000e+05
1.655000000000000000e+05
1.000000000000000000e+06
4.972000000000000000e+05
4.997000000000000000e+05
4.926000000000000000e+05
4.941000000000000000e+05
4.966000000000000000e+05
4.916000000000000000e+05
4.989000000000000000e+05
4.987000000000000000e+05
5.031000000000000000e+05
4.968000000000000000e+05
4.980000000000000000e+05
5.023000000000000000e+05
5.035000000000000000e+05
4.884000000000000000e+05
4.864000000000000000e+05
5.064000000000000000e+05
4.985000000000000000e+05
4.946000000000000000e+05
4.959000000000000000e+05
5.002000000000000000e+05
4.981000000000000000e+05
4.962000000000000000e+05
4.987000000000000000e+05
5.043000000000000000e+05
4.983000000000000000e+05
4.971000000000000000e+05
4.947000000000000000e+05
5.039000000000000000e+05
5.077000000000000000e+05
4.983000000000000000e+05
4.073000000000000000e+05
4.976000000000000000e+05
4.901000000000000000e+05
5.010000000000000000e+05
4.977000000000000000e+05
5.022000000000000000e+05
4.951000000000000000e+05
4.924000000000000000e+05
4.971000000000000000e+05
5.017000000000000000e+05
4.992000000000000000e+05
5.126000000000000000e+05
5.010000000000000000e+05
4.989000000000000000e+05
5.076000000000000000e+05
5.035000000000000000e+05
3.782000000000000000e+05
5.054000000000000000e+05
4.999000000000000000e+05
4.947000000000000000e+05
4.818000000000000000e+05
5.009000000000000000e+05
5.058000000000000000e+05
4.982000000000000000e+05
3.347000000000000000e+05
4.973000000000000000e+05
4.990000000000000000e+05
4.973000000000000000e+05
3.166000000000000000e+05
5.034000000000000000e+05
4.960000000000000000e+05
4.779000000000000000e+05
1.055000000000000000e+05
5.109000000000000000e+05
4.989000000000000000e+05
4.960000000000000000e+05
4.975000000000000000e+05
5.025000000000000000e+05
4.996000000000000000e+05
4.991000000000000000e+05
4.827000000000000000e+05
5.018000000000000000e+05
5.009000000000000000e+05
4.932000000000000000e+05
4.602000000000000000e+05
4.940000000000000000e+05
5.087000000000000000e+05
5.035000000000000000e+05
3.138000000000000000e+05
4.912000000000000000e+05
4.994000000000000000e+05
4.999000000000000000e+05
4.513000000000000000e+05
5.010000000000000000e+05
4.989000000000000000e+05
5.045000000000000000e+05
2.721000000000000000e+05
4.960000000000000000e+05
4.938000000000000000e+05
4.998000000000000000e+05
2.420000000000000000e+05
4.972000000000000000e+05
4.980000000000000000e+05
4.549000000000000000e+05
5.720000000000000000e+04
4.943000000000000000e+05
5.082000000000000000e+05
5.016000000000000000e+05
4.186000000000000000e+05
4.911000000000000000e+05
5.030000000000000000e+05
5.028000000000000000e+05
2.091000000000000000e+05
5.016000000000000000e+05
4.923000000000000000e+05
4.960000000000000000e+05
1.684000000000000000e+05
5.039000000000000000e+05
5.027000000000000000e+05
4.423000000000000000e+05
2.870000000000000000e+04
4.991000000000000000e+05
5.003000000000000000e+05
4.987000000000000000e+05
1.200000000000000000e+05
4.917000000000000000e+05
4.890000000000000000e+05
4.133000000000000000e+05
1.550000000000000000e+04
4.986000000000000000e+05
5.113000000000000000e+05
3.981000000000000000e+05
8.200000000000000000e+03
4.957000000000000000e+05
4.978000000000000000e+05
2.066000000000000000e+05
2.000000000000000000e+02
1.000000000000000000e+06
4.982000000000000000e+05
4.960000000000000000e+05
4.999000000000000000e+05
4.995000000000000000e+05
5.007000000000000000e+05
5.039000000000000000e+05
4.964000000000000000e+05
5.005000000000000000e+05
5.040000000000000000e+05
4.980000000000000000e+05
4.941000000000000000e+05
5.041000000000000000e+05
4.972000000000000000e+05
4.995000000000000000e+05
4.873000000000000000e+05
5.057000000000000000e+05
4.979000000000000000e+05
4.949000000000000000e+05
5.044000000000000000e+05
5.043000000000000000e+05
5.050000000000000000e+05
4.948000000000000000e+05
4.846000000000000000e+05
4.979000000000000000e+05
5.003000000000000000e+05
5.074000000000000000e+05
4.721000000000000000e+05
5.005000000000000000e+05
5.042000000000000000e+05
4.926000000000000000e+05
3.382000000000000000e+05
4.956000000000000000e+05
4.989000000000000000e+05
5.010000000000000000e+05
5.064000000000000000e+05
4.901000000000000000e+05
5.053000000000000000e+05
5.037000000000000000e+05
4.662000000000000000e+05
4.990000000000000000e+05
4.942000000000000000e+05
5.040000000000000000e+05
4.667000000000000000e+05
4.957000000000000000e+05
5.000000000000000000e+05
5.001000000000000000e+05
2.889000000000000000e+05
4.909000000000000000e+05
4.989000000000000000e+05
4.986000000000000000e+05
4.348000000000000000e+05
4.956000000000000000e+05
5.025000000000000000e+05
5.065000000000000000e+05
2.366000000000000000e+05
5.067000000000000000e+05
4.966000000000000000e+05
4.983000000000000000e+05
1.951000000000000000e+05
5.038000000000000000e+05
5.004000000000000000e+05
4.434000000000000000e+05
3.980000000000000000e+04
5.028000000000000000e+05
4.965000000000000000e+05
5.050000000000000000e+05
5.060000000000000000e+05
4.991000000000000000e+05
5.033000000000000000e+05
5.178000000000000000e+05
4.345000000000000000e+05
5.018000000000000000e+05
5.025000000000000000e+05
5.001000000000000000e+05
4.195000000000000000e+05
4.988000000000000000e+05
5.059000000000000000e+05
4.983000000000000000e+05
2.129000000000000000e+05
4.965000000000000000e+05
5.016000000000000000e+05
4.977000000000000000e+05
3.743000000000000000e+05
5.050000000000000000e+05
5.052000000000000000e+05
5.034000000000000000e+05
1.650000000000000000e+05
5.056000000000000000e+05
5.037000000000000000e+05
4.962000000000000000e+05
1.247000000000000000e+05
4.995000000000000000e+05
4.960000000000000000e+05
4.252000000000000000e+05
1.570000000000000000e+04
4.955000000000000000e+05
5.020000000000000000e+05
5.055000000000000000e+05
3.176000000000000000e+05
4.989000000000000000e+05
5.008000000000000000e+05
4.924000000000000000e+05
1.104000000000000000e+05
4.873000000000000000e+05
5.086000000000000000e+05
4.920000000000000000e+05
8.650000000000000000e+04
5.003000000000000000e+05
5.001000000000000000e+05
4.016000000000000000e+05
7.700000000000000000e+03
5.020000000000000000e+05
4.961000000000000000e+05
4.894000000000000000e+05
5.240000000000000000e+04
5.005000000000000000e+05
5.043000000000000000e+05
3.779000000000000000e+05
3.900000000000000000e+03
4.998000000000000000e+05
5.028000000000000000e+05
3.439000000000000000e+05
1.000000000000000000e+03
4.988000000000000000e+05
4.953000000000000000e+05
1.381000000000000000e+05
0.000000000000000000e+00
5.024000000000000000e+05
5.022000000000000000e+05
5.138000000000000000e+05
4.957000000000000000e+05
4.942000000000000000e+05
5.065000000000000000e+05
4.923000000000000000e+05
3.714000000000000000e+05
4.991000000000000000e+05
5.080000000000000000e+05
4.991000000000000000e+05
3.379000000000000000e+05
5.090000000000000000e+05
5.006000000000000000e+05
4.937000000000000000e+05
1.270000000000000000e+05
4.988000000000000000e+05
4.955000000000000000e+05
5.011000000000000000e+05
2.903000000000000000e+05
5.036000000000000000e+05
4.907000000000000000e+05
4.928000000000000000e+05
8.700000000000000000e+04
4.955000000000000000e+05
5.027000000000000000e+05
4.824000000000000000e+05
6.730000000000000000e+04
4.967000000000000000e+05
5.107000000000000000e+05
3.804000000000000000e+05
3.800000000000000000e+03
5.024000000000000000e+05
5.067000000000000000e+05
4.997000000000000000e+05
2.156000000000000000e+05
5.018000000000000000e+05
4.957000000000000000e+05
4.849000000000000000e+05
5.180000000000000000e+04
5.081000000000000000e+05
5.039000000000000000e+05
4.723000000000000000e+05
3.480000000000000000e+04
5.131000000000000000e+05
4.958000000000000000e+05
3.455000000000000000e+05
1.400000000000000000e+03
5.080000000000000000e+05
5.047000000000000000e+05
4.652000000000000000e+05
1.890000000000000000e+04
5.045000000000000000e+05
4.938000000000000000e+05
3.055000000000000000e+05
3.000000000000000000e+02
5.090000000000000000e+05
4.976000000000000000e+05
2.699000000000000000e+05
0.000000000000000000e+00
5.041000000000000000e+05
4.907000000000000000e+05
7.600000000000000000e+04
0.000000000000000000e+00
4.998000000000000000e+05
5.005000000000000000e+05
5.000000000000000000e+05
1.526000000000000000e+05
5.038000000000000000e+05
5.076000000000000000e+05
4.677000000000000000e+05
2.490000000000000000e+04
5.051000000000000000e+05
5.028000000000000000e+05
4.632000000000000000e+05
1.560000000000000000e+04
5.040000000000000000e+05
4.987000000000000000e+05
2.835000000000000000e+05
3.000000000000000000e+02
4.985000000000000000e+05
5.055000000000000000e+05
4.347000000000000000e+05
9.400000000000000000e+03
4.965000000000000000e+05
5.061000000000000000e+05
2.312000000000000000e+05
2.000000000000000000e+02
5.089000000000000000e+05
4.982000000000000000e+05
2.035000000000000000e+05
1.000000000000000000e+02
5.040000000000000000e+05
4.876000000000000000e+05
3.990000000000000000e+04
0.000000000000000000e+00
5.004000000000000000e+05
4.887000000000000000e+05
3.932000000000000000e+05
4.300000000000000000e+03
4.983000000000000000e+05
4.865000000000000000e+05
1.797000000000000000e+05
1.000000000000000000e+02
4.995000000000000000e+05
5.062000000000000000e+05
1.452000000000000000e+05
0.000000000000000000e+00
4.995000000000000000e+05
4.846000000000000000e+05
2.230000000000000000e+04
0.000000000000000000e+00
5.026000000000000000e+05
5.000000000000000000e+05
9.870000000000000000e+04
1.000000000000000000e+02
4.965000000000000000e+05
4.734000000000000000e+05
9.700000000000000000e+03
0.000000000000000000e+00
4.946000000000000000e+05
4.597000000000000000e+05
6.900000000000000000e+03
0.000000000000000000e+00
4.951000000000000000e+05
3.139000000000000000e+05
0.000000000000000000e+00
0.000000000000000000e+00
1.000000000000000000e+06
4.942000000000000000e+05
5.042000000000000000e+05
5.013000000000000000e+05
4.918000000000000000e+05
5.056000000000000000e+05
4.983000000000000000e+05
4.970000000000000000e+05
4.928000000000000000e+05
5.032000000000000000e+05
5.053000000000000000e+05
4.930000000000000000e+05
5.013000000000000000e+05
4.866000000000000000e+05
5.008000000000000000e+05
4.516000000000000000e+05
4.931000000000000000e+05
4.926000000000000000e+05
5.016000000000000000e+05
4.962000000000000000e+05
5.007000000000000000e+05
5.066000000000000000e+05
5.009000000000000000e+05
4.381000000000000000e+05
5.000000000000000000e+05
5.033000000000000000e+05
4.972000000000000000e+05
4.100000000000000000e+05
4.970000000000000000e+05
4.900000000000000000e+05
4.973000000000000000e+05
2.048000000000000000e+05
4.956000000000000000e+05
5.031000000000000000e+05
5.082000000000000000e+05
4.900000000000000000e+05
4.979000000000000000e+05
5.056000000000000000e+05
4.990000000000000000e+05
3.989000000000000000e+05
4.899000000000000000e+05
5.011000000000000000e+05
5.042000000000000000e+05
3.669000000000000000e+05
5.057000000000000000e+05
5.014000000000000000e+05
4.889000000000000000e+05
1.612000000000000000e+05
5.019000000000000000e+05
5.001000000000000000e+05
4.948000000000000000e+05
3.206000000000000000e+05
5.039000000000000000e+05
5.086000000000000000e+05
4.900000000000000000e+05
1.121000000000000000e+05
4.973000000000000000e+05
5.032000000000000000e+05
4.898000000000000000e+05
8.110000000000000000e+04
5.014000000000000000e+05
4.874000000000000000e+05
3.936000000000000000e+05
7.100000000000000000e+03
4.981000000000000000e+05
5.031000000000000000e+05
5.053000000000000000e+05
4.763000000000000000e+05
4.958000000000000000e+05
4.994000000000000000e+05
4.921000000000000000e+05
3.376000000000000000e+05
5.016000000000000000e+05
4.941000000000000000e+05
5.066000000000000000e+05
3.054000000000000000e+05
4.981000000000000000e+05
4.999000000000000000e+05
4.893000000000000000e+05
9.920000000000000000e+04
4.938000000000000000e+05
4.923000000000000000e+05
4.939000000000000000e+05
2.416000000000000000e+05
4.969000000000000000e+05
5.060000000000000000e+05
4.898000000000000000e+05
6.040000000000000000e+04
5.017000000000000000e+05
5.011000000000000000e+05
4.841000000000000000e+05
4.350000000000000000e+04
4.991000000000000000e+05
5.004000000000000000e+05
3.634000000000000000e+05
2.200000000000000000e+03
5.049000000000000000e+05
4.991000000000000000e+05
4.987000000000000000e+05
1.778000000000000000e+05
4.991000000000000000e+05
4.910000000000000000e+05
4.768000000000000000e+05
3.590000000000000000e+04
4.936000000000000000e+05
4.924000000000000000e+05
4.776000000000000000e+05
2.100000000000000000e+04
4.980000000000000000e+05
4.991000000000000000e+05
3.186000000000000000e+05
6.000000000000000000e+02
4.997000000000000000e+05
4.971000000000000000e+05
4.516000000000000000e+05
1.320000000000000000e+04
4.988000000000000000e+05
5.053000000000000000e+05
2.745000000000000000e+05
2.000000000000000000e+02
4.940000000000000000e+05
4.945000000000000000e+05
2.418000000000000000e+05
1.000000000000000000e+02
4.945000000000000000e+05
4.896000000000000000e+05
6.170000000000000000e+04
0.000000000000000000e+00
5.031000000000000000e+05
4.915000000000000000e+05
5.082000000000000000e+05
4.399000000000000000e+05
4.938000000000000000e+05
5.020000000000000000e+05
4.904000000000000000e+05
2.458000000000000000e+05
5.024000000000000000e+05
4.956000000000000000e+05
4.927000000000000000e+05
2.040000000000000000e+05
5.033000000000000000e+05
5.000000000000000000e+05
4.811000000000000000e+05
4.620000000000000000e+04
4.987000000000000000e+05
5.004000000000000000e+05
4.983000000000000000e+05
1.522000000000000000e+05
4.991000000000000000e+05
5.047000000000000000e+05
4.674000000000000000e+05
2.510000000000000000e+04
4.957000000000000000e+05
4.905000000000000000e+05
4.590000000000000000e+05
1.410000000000000000e+04
5.039000000000000000e+05
4.929000000000000000e+05
2.879000000000000000e+05
0.000000000000000000e+00
4.972000000000000000e+05
5.039000000000000000e+05
4.872000000000000000e+05
1.083000000000000000e+05
5.049000000000000000e+05
4.924000000000000000e+05
4.541000000000000000e+05
1.130000000000000000e+04
5.113000000000000000e+05
4.960000000000000000e+05
4.398000000000000000e+05
6.700000000000000000e+03
5.052000000000000000e+05
5.099000000000000000e+05
2.441000000000000000e+05
3.000000000000000000e+02
4.956000000000000000e+05
5.028000000000000000e+05
4.014000000000000000e+05
2.000000000000000000e+03
4.929000000000000000e+05
4.993000000000000000e+05
1.932000000000000000e+05
0.000000000000000000e+00
5.001000000000000000e+05
5.084000000000000000e+05
1.546000000000000000e+05
0.000000000000000000e+00
5.025000000000000000e+05
4.782000000000000000e+05
2.860000000000000000e+04
0.000000000000000000e+00
4.999000000000000000e+05
4.975000000000000000e+05
4.917000000000000000e+05
6.590000000000000000e+04
5.057000000000000000e+05
4.867000000000000000e+05
4.089000000000000000e+05
5.200000000000000000e+03
4.937000000000000000e+05
4.963000000000000000e+05
3.803000000000000000e+05
2.100000000000000000e+03
5.011000000000000000e+05
4.968000000000000000e+05
1.776000000000000000e+05
0.000000000000000000e+00
5.035000000000000000e+05
4.967000000000000000e+05
3.411000000000000000e+05
2.200000000000000000e+03
4.992000000000000000e+05
5.000000000000000000e+05
1.339000000000000000e+05
0.000000000000000000e+00
5.086000000000000000e+05
5.053000000000000000e+05
9.520000000000000000e+04
0.000000000000000000e+00
4.895000000000000000e+05
4.687000000000000000e+05
9.700000000000000000e+03
0.000000000000000000e+00
5.005000000000000000e+05
4.990000000000000000e+05
2.860000000000000000e+05
5.000000000000000000e+02
4.975000000000000000e+05
4.965000000000000000e+05
7.980000000000000000e+04
0.000000000000000000e+00
4.993000000000000000e+05
5.010000000000000000e+05
5.620000000000000000e+04
0.000000000000000000e+00
5.001000000000000000e+05
4.642000000000000000e+05
4.300000000000000000e+03
0.000000000000000000e+00
4.982000000000000000e+05
4.988000000000000000e+05
3.180000000000000000e+04
0.000000000000000000e+00
4.986000000000000000e+05
4.541000000000000000e+05
1.600000000000000000e+03
0.000000000000000000e+00
4.983000000000000000e+05
4.316000000000000000e+05
1.500000000000000000e+03
0.000000000000000000e+00
4.893000000000000000e+05
2.593000000000000000e+05
0.000000000000000000e+00
0.000000000000000000e+00
5.058000000000000000e+05
4.990000000000000000e+05
4.988000000000000000e+05
3.594000000000000000e+05
4.937000000000000000e+05
5.025000000000000000e+05
4.994000000000000000e+05
1.443000000000000000e+05
5.014000000000000000e+05
4.989000000000000000e+05
4.974000000000000000e+05
1.161000000000000000e+05
5.035000000000000000e+05
4.927000000000000000e+05
4.371000000000000000e+05
1.320000000000000000e+04
5.018000000000000000e+05
4.927000000000000000e+05
4.999000000000000000e+05
7.700000000000000000e+04
5.008000000000000000e+05
4.999000000000000000e+05
4.282000000000000000e+05
6.000000000000000000e+03
5.064000000000000000e+05
4.973000000000000000e+05
4.015000000000000000e+05
3.600000000000000000e+03
4.954000000000000000e+05
5.013000000000000000e+05
1.999000000000000000e+05
0.000000000000000000e+00
4.970000000000000000e+05
5.117000000000000000e+05
4.994000000000000000e+05
4.520000000000000000e+04
5.021000000000000000e+05
5.046000000000000000e+05
3.883000000000000000e+05
2.300000000000000000e+03
4.982000000000000000e+05
5.027000000000000000e+05
3.487000000000000000e+05
1.700000000000000000e+03
5.035000000000000000e+05
4.964000000000000000e+05
1.514000000000000000e+05
0.000000000000000000e+00
4.995000000000000000e+05
5.026000000000000000e+05
3.077000000000000000e+05
3.000000000000000000e+02
5.005000000000000000e+05
4.929000000000000000e+05
1.026000000000000000e+05
0.000000000000000000e+00
4.933000000000000000e+05
4.998000000000000000e+05
7.240000000000000000e+04
0.000000000000000000e+00
4.926000000000000000e+05
4.686000000000000000e+05
7.200000000000000000e+03
0.000000000000000000e+00
5.056000000000000000e+05
4.986000000000000000e+05
4.718000000000000000e+05
2.780000000000000000e+04
5.031000000000000000e+05
5.088000000000000000e+05
3.244000000000000000e+05
8.000000000000000000e+02
4.992000000000000000e+05
4.976000000000000000e+05
2.896000000000000000e+05
3.000000000000000000e+02
4.980000000000000000e+05
4.982000000000000000e+05
9.190000000000000000e+04
0.000000000000000000e+00
5.037000000000000000e+05
5.050000000000000000e+05
2.354000000000000000e+05
1.000000000000000000e+02
5.014000000000000000e+05
5.008000000000000000e+05
5.790000000000000000e+04
0.000000000000000000e+00
5.105000000000000000e+05
5.032000000000000000e+05
3.800000000000000000e+04
0.000000000000000000e+00
5.041000000000000000e+05
4.541000000000000000e+05
1.600000000000000000e+03
0.000000000000000000e+00
4.976000000000000000e+05
5.008000000000000000e+05
1.710000000000000000e+05
0.000000000000000000e+00
4.994000000000000000e+05
5.010000000000000000e+05
3.050000000000000000e+04
0.000000000000000000e+00
4.984000000000000000e+05
5.074000000000000000e+05
2.120000000000000000e+04
0.000000000000000000e+00
5.040000000000000000e+05
4.376000000000000000e+05
4.000000000000000000e+02
0.000000000000000000e+00
5.018000000000000000e+05
5.020000000000000000e+05
1.090000000000000000e+04
0.000000000000000000e+00
4.866000000000000000e+05
4.142000000000000000e+05
2.000000000000000000e+02
0.000000000000000000e+00
5.022000000000000000e+05
3.918000000000000000e+05
0.000000000000000000e+00
0.000000000000000000e+00
4.829000000000000000e+05
1.913000000000000000e+05
0.000000000000000000e+00
0.000000000000000000e+00
5.052000000000000000e+05
5.042000000000000000e+05
4.318000000000000000e+05
1.420000000000000000e+04
4.988000000000000000e+05
5.036000000000000000e+05
2.354000000000000000e+05
1.000000000000000000e+02
4.967000000000000000e+05
5.017000000000000000e+05
1.963000000000000000e+05
2.000000000000000000e+02
4.980000000000000000e+05
5.022000000000000000e+05
4.170000000000000000e+04
0.000000000000000000e+00
5.076000000000000000e+05
4.907000000000000000e+05
1.463000000000000000e+05
0.000000000000000000e+00
5.008000000000000000e+05
5.002000000000000000e+05
2.300000000000000000e+04
0.000000000000000000e+00
5.061000000000000000e+05
4.955000000000000000e+05
1.200000000000000000e+04
0.000000000000000000e+00
5.052000000000000000e+05
4.223000000000000000e+05
2.000000000000000000e+02
0.000000000000000000e+00
5.037000000000000000e+05
5.010000000000000000e+05
1.007000000000000000e+05
0.000000000000000000e+00
4.988000000000000000e+05
4.904000000000000000e+05
1.110000000000000000e+04
0.000000000000000000e+00
5.082000000000000000e+05
4.996000000000000000e+05
7.900000000000000000e+03
0.000000000000000000e+00
4.995000000000000000e+05
3.987000000000000000e+05
0.000000000000000000e+00
0.000000000000000000e+00
5.067000000000000000e+05
4.866000000000000000e+05
2.400000000000000000e+03
0.000000000000000000e+00
5.006000000000000000e+05
3.715000000000000000e+05
0.000000000000000000e+00
0.000000000000000000e+00
4.972000000000000000e+05
3.423000000000000000e+05
0.000000000000000000e+00
0.000000000000000000e+00
4.801000000000000000e+05
1.390000000000000000e+05
0.000000000000000000e+00
0.000000000000000000e+00
5.092000000000000000e+05
4.970000000000000000e+05
6.470000000000000000e+04
0.000000000000000000e+00
5.001000000000000000e+05
4.847000000000000000e+05
2.900000000000000000e+03
0.000000000000000000e+00
4.938000000000000000e+05
4.863000000000000000e+05
2.300000000000000000e+03
0.000000000000000000e+00
4.974000000000000000e+05
3.484000000000000000e+05
0.000000000000000000e+00
0.000000000000000000e+00
5.038000000000000000e+05
4.707000000000000000e+05
9.000000000000000000e+02
0.000000000000000000e+00
4.966000000000000000e+05
3.096000000000000000e+05
0.000000000000000000e+00
0.000000000000000000e+00
5.027000000000000000e+05
2.837000000000000000e+05
0.000000000000000000e+00
0.000000000000000000e+00
4.631000000000000000e+05
8.610000000000000000e+04
0.000000000000000000e+00
0.000000000000000000e+00
4.988000000000000000e+05
4.484000000000000000e+05
1.000000000000000000e+03
0.000000000000000000e+00
4.967000000000000000e+05
2.464000000000000000e+05
0.000000000000000000e+00
0.000000000000000000e+00
4.974000000000000000e+05
2.109000000000000000e+05
0.000000000000000000e+00
0.000000000000000000e+00
4.525000000000000000e+05
4.960000000000000000e+04
0.000000000000000000e+00
0.000000000000000000e+00
4.983000000000000000e+05
1.573000000000000000e+05
0.000000000000000000e+00
0.000000000000000000e+00
4.410000000000000000e+05
2.980000000000000000e+04
0.000000000000000000e+00
0.000000000000000000e+00
4.223000000000000000e+05
1.780000000000000000e+04
0.000000000000000000e+00
0.000000000000000000e+00
2.309000000000000000e+05
6.000000000000000000e+02
0.000000000000000000e+00
0.000000000000000000e+00
