4.972000000000000000e+05
4.973000000000000000e+05
4.932000000000000000e+05
5.042000000000000000e+05
4.993000000000000000e+05
4.976000000000000000e+05
5.021000000000000000e+05
4.915000000000000000e+05
5.010000000000000000e+05
4.954000000000000000e+05
4.996000000000000000e+05
4.988000000000000000e+05
5.137000000000000000e+05
5.018000000000000000e+05
4.943000000000000000e+05
4.607000000000000000e+05
5.001000000000000000e+05
4.995000000000000000e+05
4.946000000000000000e+05
4.983000000000000000e+05
4.999000000000000000e+05
4.989000000000000000e+05
4.995000000000000000e+05
4.540000000000000000e+05
5.045000000000000000e+05
4.964000000000000000e+05
5.110000000000000000e+05
4.299000000000000000e+05
5.054000000000000000e+05
4.991000000000000000e+05
4.781000000000000000e+05
2.130000000000000000e+05
5.046000000000000000e+05
5.030000000000000000e+05
4.981000000000000000e+05
4.915000000000000000e+05
4.937000000000000000e+05
4.988000000000000000e+05
5.000000000000000000e+05
4.056000000000000000e+05
5.036000000000000000e+05
4.892000000000000000e+05
5.046000000000000000e+05
3.822000000000000000e+05
5.033000000000000000e+05
5.001000000000000000e+05
4.478000000000000000e+05
1.623000000000000000e+05
5.039000000000000000e+05
5.004000000000000000e+05
4.956000000000000000e+05
3.313000000000000000e+05
5.045000000000000000e+05
5.008000000000000000e+05
4.228000000000000000e+05
1.203000000000000000e+05
5.005000000000000000e+05
4.947000000000000000e+05
3.929000000000000000e+05
7.570000000000000000e+04
4.993000000000000000e+05
4.440000000000000000e+05
1.634000000000000000e+05
4.100000000000000000e+03
4.926000000000000000e+05
5.009000000000000000e+05
4.981000000000000000e+05
4.740000000000000000e+05
5.144000000000000000e+05
4.973000000000000000e+05
5.037000000000000000e+05
3.402000000000000000e+05
4.872000000000000000e+05
5.006000000000000000e+05
4.959000000000000000e+05
2.989000000000000000e+05
5.005000000000000000e+05
4.917000000000000000e+05
4.016000000000000000e+05
8.570000000000000000e+04
5.044000000000000000e+05
5.044000000000000000e+05
4.842000000000000000e+05
2.390000000000000000e+05
5.026000000000000000e+05
4.940000000000000000e+05
3.642000000000000000e+05
5.080000000000000000e+04
4.989000000000000000e+05
5.020000000000000000e+05
3.176000000000000000e+05
3.220000000000000000e+04
4.965000000000000000e+05
4.262000000000000000e+05
1.014000000000000000e+05
6.000000000000000000e+02
4.926000000000000000e+05
5.025000000000000000e+05
4.717000000000000000e+05
1.581000000000000000e+05
5.014000000000000000e+05
4.904000000000000000e+05
2.879000000000000000e+05
2.090000000000000000e+04
4.962000000000000000e+05
4.909000000000000000e+05
2.448000000000000000e+05
1.240000000000000000e+04
4.978000000000000000e+05
3.885000000000000000e+05
6.050000000000000000e+04
2.000000000000000000e+02
4.947000000000000000e+05
4.747000000000000000e+05
1.864000000000000000e+05
6.300000000000000000e+03
5.024000000000000000e+05
3.481000000000000000e+05
3.350000000000000000e+04
0.000000000000000000e+00
4.950000000000000000e+05
3.162000000000000000e+05
2.210000000000000000e+04
0.000000000000000000e+00
4.773000000000000000e+05
1.091000000000000000e+05
4.000000000000000000e+02
0.000000000000000000e+00
5.067000000000000000e+05
5.027000000000000000e+05
5.020000000000000000e+05
4.415000000000000000e+05
4.941000000000000000e+05
5.041000000000000000e+05
4.890000000000000000e+05
2.466000000000000000e+05
4.950000000000000000e+05
4.937000000000000000e+05
4.777000000000000000e+05
1.877000000000000000e+05
4.903000000000000000e+05
4.893000000000000000e+05
3.074000000000000000e+05
3.270000000000000000e+04
4.970000000000000000e+05
4.940000000000000000e+05
4.629000000000000000e+05
1.387000000000000000e+05
5.004000000000000000e+05
4.905000000000000000e+05
2.649000000000000000e+05
1.350000000000000000e+04
5.054000000000000000e+05
4.737000000000000000e+05
2.075000000000000000e+05
6.900000000000000000e+03
4.979000000000000000e+05
3.664000000000000000e+05
4.050000000000000000e+04
0.000000000000000000e+00
5.013000000000000000e+05
4.926000000000000000e+05
4.216000000000000000e+05
8.680000000000000000e+04
5.020000000000000000e+05
4.806000000000000000e+05
1.846000000000000000e+05
5.100000000000000000e+03
4.960000000000000000e+05
4.803000000000000000e+05
1.382000000000000000e+05
2.900000000000000000e+03
4.984000000000000000e+05
3.247000000000000000e+05
1.910000000000000000e+04
0.000000000000000000e+00
5.029000000000000000e+05
4.632000000000000000e+05
9.790000000000000000e+04
8.000000000000000000e+02
5.011000000000000000e+05
2.802000000000000000e+05
9.900000000000000000e+03
0.000000000000000000e+00
4.935000000000000000e+05
2.414000000000000000e+05
4.500000000000000000e+03
0.000000000000000000e+00
4.542000000000000000e+05
5.980000000000000000e+04
0.000000000000000000e+00
0.000000000000000000e+00
4.944000000000000000e+05
4.977000000000000000e+05
3.362000000000000000e+05
4.550000000000000000e+04
4.990000000000000000e+05
4.584000000000000000e+05
1.070000000000000000e+05
8.000000000000000000e+02
4.988000000000000000e+05
4.500000000000000000e+05
7.650000000000000000e+04
7.000000000000000000e+02
5.039000000000000000e+05
2.518000000000000000e+05
6.700000000000000000e+03
0.000000000000000000e+00
4.978000000000000000e+05
4.133000000000000000e+05
5.010000000000000000e+04
1.000000000000000000e+02
4.939000000000000000e+05
2.053000000000000000e+05
3.900000000000000000e+03
0.000000000000000000e+00
4.991000000000000000e+05
1.712000000000000000e+05
1.700000000000000000e+03
0.000000000000000000e+00
4.189000000000000000e+05
2.780000000000000000e+04
0.000000000000000000e+00
0.000000000000000000e+00
5.009000000000000000e+05
3.596000000000000000e+05
3.000000000000000000e+04
0.000000000000000000e+00
5.025000000000000000e+05
1.441000000000000000e+05
8.000000000000000000e+02
0.000000000000000000e+00
4.916000000000000000e+05
1.117000000000000000e+05
7.000000000000000000e+02
0.000000000000000000e+00
4.035000000000000000e+05
1.410000000000000000e+04
0.000000000000000000e+00
0.000000000000000000e+00
4.862000000000000000e+05
6.890000000000000000e+04
4.000000000000000000e+02
0.000000000000000000e+00
3.785000000000000000e+05
4.300000000000000000e+03
0.000000000000000000e+00
0.000000000000000000e+00
3.573000000000000000e+05
3.000000000000000000e+03
0.000000000000000000e+00
0.000000000000000000e+00
1.430000000000000000e+05
1.000000000000000000e+02
0.000000000000000000e+00
0.000000000000000000e+00
4.997000000000000000e+05
4.994000000000000000e+05
4.986000000000000000e+05
3.543000000000000000e+05
5.070000000000000000e+05
4.945000000000000000e+05
4.428000000000000000e+05
1.287000000000000000e+05
4.900000000000000000e+05
5.066000000000000000e+05
4.177000000000000000e+05
9.340000000000000000e+04
4.952000000000000000e+05
4.731000000000000000e+05
1.840000000000000000e+05
4.100000000000000000e+03
4.962000000000000000e+05
4.927000000000000000e+05
3.747000000000000000e+05
5.250000000000000000e+04
4.997000000000000000e+05
4.647000000000000000e+05
1.244000000000000000e+05
2.300000000000000000e+03
4.981000000000000000e+05
4.552000000000000000e+05
9.690000000000000000e+04
7.000000000000000000e+02
5.032000000000000000e+05
2.718000000000000000e+05
9.300000000000000000e+03
0.000000000000000000e+00
5.038000000000000000e+05
5.004000000000000000e+05
2.935000000000000000e+05
2.800000000000000000e+04
4.956000000000000000e+05
4.360000000000000000e+05
7.980000000000000000e+04
2.000000000000000000e+02
5.018000000000000000e+05
4.128000000000000000e+05
5.410000000000000000e+04
1.000000000000000000e+02
4.939000000000000000e+05
2.166000000000000000e+05
3.500000000000000000e+03
0.000000000000000000e+00
5.033000000000000000e+05
3.809000000000000000e+05
3.500000000000000000e+04
0.000000000000000000e+00
5.032000000000000000e+05
1.690000000000000000e+05
1.200000000000000000e+03
0.000000000000000000e+00
4.913000000000000000e+05
1.333000000000000000e+05
6.000000000000000000e+02
0.000000000000000000e+00
4.208000000000000000e+05
1.790000000000000000e+04
0.000000000000000000e+00
0.000000000000000000e+00
4.970000000000000000e+05
4.888000000000000000e+05
2.104000000000000000e+05
1.310000000000000000e+04
4.970000000000000000e+05
3.880000000000000000e+05
3.670000000000000000e+04
0.000000000000000000e+00
4.989000000000000000e+05
3.590000000000000000e+05
2.520000000000000000e+04
1.000000000000000000e+02
5.039000000000000000e+05
1.547000000000000000e+05
1.000000000000000000e+03
0.000000000000000000e+00
4.985000000000000000e+05
3.184000000000000000e+05
1.360000000000000000e+04
0.000000000000000000e+00
4.965000000000000000e+05
1.064000000000000000e+05
5.000000000000000000e+02
0.000000000000000000e+00
4.898000000000000000e+05
7.630000000000000000e+04
2.000000000000000000e+02
0.000000000000000000e+00
3.925000000000000000e+05
5.500000000000000000e+03
0.000000000000000000e+00
0.000000000000000000e+00
5.033000000000000000e+05
2.494000000000000000e+05
8.100000000000000000e+03
0.000000000000000000e+00
4.826000000000000000e+05
6.570000000000000000e+04
0.000000000000000000e+00
0.000000000000000000e+00
4.852000000000000000e+05
4.640000000000000000e+04
1.000000000000000000e+02
0.000000000000000000e+00
3.522000000000000000e+05
2.200000000000000000e+03
0.000000000000000000e+00
0.000000000000000000e+00
4.722000000000000000e+05
2.490000000000000000e+04
0.000000000000000000e+00
0.000000000000000000e+00
3.175000000000000000e+05
7.000000000000000000e+02
0.000000000000000000e+00
0.000000000000000000e+00
2.877000000000000000e+05
3.000000000000000000e+02
0.000000000000000000e+00
0.000000000000000000e+00
8.710000000000000000e+04
0.000000000000000000e+00
0.000000000000000000e+00
0.000000000000000000e+00
5.160000000000000000e+05
4.643000000000000000e+05
1.301000000000000000e+05
3.800000000000000000e+03
5.039000000000000000e+05
3.091000000000000000e+05
1.540000000000000000e+04
0.000000000000000000e+00
5.010000000000000000e+05
2.726000000000000000e+05
9.200000000000000000e+03
0.000000000000000000e+00
4.883000000000000000e+05
7.930000000000000000e+04
1.000000000000000000e+02
0.000000000000000000e+00
4.905000000000000000e+05
2.135000000000000000e+05
5.600000000000000000e+03
0.000000000000000000e+00
4.801000000000000000e+05
4.550000000000000000e+04
0.000000000000000000e+00
0.000000000000000000e+00
4.776000000000000000e+05
3.020000000000000000e+04
0.000000000000000000e+00
0.000000000000000000e+00
3.394000000000000000e+05
1.500000000000000000e+03
0.000000000000000000e+00
0.000000000000000000e+00
4.982000000000000000e+05
1.475000000000000000e+05
2.600000000000000000e+03
0.000000000000000000e+00
4.786000000000000000e+05
2.420000000000000000e+04
0.000000000000000000e+00
0.000000000000000000e+00
4.618000000000000000e+05
1.470000000000000000e+04
0.000000000000000000e+00
0.000000000000000000e+00
2.915000000000000000e+05
3.000000000000000000e+02
0.000000000000000000e+00
0.000000000000000000e+00
4.377000000000000000e+05
6.200000000000000000e+03
0.000000000000000000e+00
0.000000000000000000e+00
2.413000000000000000e+05
0.000000000000000000e+00
0.000000000000000000e+00
0.000000000000000000e+00
2.045000000000000000e+05
0.000000000000000000e+00
0.000000000000000000e+00
0.000000000000000000e+00
4.300000000000000000e+04
0.000000000000000000e+00
0.000000000000000000e+00
0.000000000000000000e+00
4.975000000000000000e+05
1.051000000000000000e+05
1.000000000000000000e+03
0.000000000000000000e+00
4.354000000000000000e+05
1.010000000000000000e+04
0.000000000000000000e+00
0.000000000000000000e+00
4.117000000000000000e+05
7.600000000000000000e+03
0.000000000000000000e+00
0.000000000000000000e+00
2.258000000000000000e+05
0.000000000000000000e+00
0.000000000000000000e+00
0.000000000000000000e+00
3.898000000000000000e+05
3.900000000000000000e+03
0.000000000000000000e+00
0.000000000000000000e+00
1.722000000000000000e+05
0.000000000000000000e+00
0.000000000000000000e+00
0.000000000000000000e+00
1.374000000000000000e+05
0.000000000000000000e+00
0.000000000000000000e+00
0.000000000000000000e+00
1.930000000000000000e+04
0.000000000000000000e+00
0.000000000000000000e+00
0.000000000000000000e+00
3.292000000000000000e+05
2.400000000000000000e+03
0.000000000000000000e+00
0.000000000000000000e+00
1.172000000000000000e+05
0.000000000000000000e+00
0.000000000000000000e+00
0.000000000000000000e+00
8.680000000000000000e+04
0.000000000000000000e+00
0.000000000000000000e+00
0.000000000000000000e+00
9.000000000000000000e+03
0.000000000000000000e+00
0.000000000000000000e+00
0.000000000000000000e+00
5.790000000000000000e+04
0.000000000000000000e+00
0.000000000000000000e+00
0.000000000000000000e+00
5.000000000000000000e+03
0.000000000000000000e+00
0.000000000000000000e+00
0.000000000000000000e+00
2.300000000000000000e+03
0.000000000000000000e+00
0.000000000000000000e+00
0.000000000000000000e+00
0.000000000000000000e+00
0.000000000000000000e+00
0.000000000000000000e+00
0.000000000000000000e+00
5.040000000000000000e+05
4.916000000000000000e+05
4.913000000000000000e+05
2.483000000000000000e+05
5.021000000000000000e+05
4.996000000000000000e+05
3.329000000000000000e+05
4.740000000000000000e+04
5.035000000000000000e+05
5.013000000000000000e+05
2.848000000000000000e+05
2.840000000000000000e+04
5.010000000000000000e+05
4.221000000000000000e+05
7.430000000000000000e+04
1.000000000000000000e+03
5.049000000000000000e+05
4.911000000000000000e+05
2.241000000000000000e+05
1.510000000000000000e+04
4.909000000000000000e+05
3.879000000000000000e+05
4.380000000000000000e+04
1.000000000000000000e+02
4.989000000000000000e+05
3.699000000000000000e+05
2.810000000000000000e+04
0.000000000000000000e+00
4.955000000000000000e+05
1.521000000000000000e+05
4.000000000000000000e+02
0.000000000000000000e+00
4.909000000000000000e+05
4.768000000000000000e+05
1.485000000000000000e+05
5.200000000000000000e+03
5.026000000000000000e+05
3.391000000000000000e+05
2.040000000000000000e+04
1.000000000000000000e+02
4.913000000000000000e+05
2.950000000000000000e+05
1.410000000000000000e+04
0.000000000000000000e+00
4.974000000000000000e+05
9.730000000000000000e+04
3.000000000000000000e+02
0.000000000000000000e+00
4.978000000000000000e+05
2.439000000000000000e+05
7.600000000000000000e+03
0.000000000000000000e+00
4.845000000000000000e+05
6.160000000000000000e+04
1.000000000000000000e+02
0.000000000000000000e+00
4.834000000000000000e+05
4.470000000000000000e+04
0.000000000000000000e+00
0.000000000000000000e+00
3.613000000000000000e+05
2.500000000000000000e+03
0.000000000000000000e+00
0.000000000000000000e+00
4.996000000000000000e+05
4.641000000000000000e+05
9.920000000000000000e+04
2.100000000000000000e+03
5.021000000000000000e+05
2.685000000000000000e+05
9.200000000000000000e+03
0.000000000000000000e+00
5.099000000000000000e+05
2.302000000000000000e+05
3.800000000000000000e+03
0.000000000000000000e+00
4.829000000000000000e+05
5.390000000000000000e+04
1.000000000000000000e+02
0.000000000000000000e+00
4.909000000000000000e+05
1.745000000000000000e+05
2.400000000000000000e+03
0.000000000000000000e+00
4.803000000000000000e+05
3.150000000000000000e+04
0.000000000000000000e+00
0.000000000000000000e+00
4.679000000000000000e+05
1.860000000000000000e+04
0.000000000000000000e+00
0.000000000000000000e+00
3.074000000000000000e+05
1.000000000000000000e+02
0.000000000000000000e+00
0.000000000000000000e+00
4.955000000000000000e+05
1.175000000000000000e+05
1.300000000000000000e+03
0.000000000000000000e+00
4.638000000000000000e+05
1.440000000000000000e+04
0.000000000000000000e+00
0.000000000000000000e+00
4.501000000000000000e+05
8.900000000000000000e+03
0.000000000000000000e+00
0.000000000000000000e+00
2.692000000000000000e+05
1.000000000000000000e+02
0.000000000000000000e+00
0.000000000000000000e+00
4.193000000000000000e+05
5.800000000000000000e+03
0.000000000000000000e+00
0.000000000000000000e+00
2.181000000000000000e+05
1.000000000000000000e+02
0.000000000000000000e+00
0.000000000000000000e+00
1.722000000000000000e+05
0.000000000000000000e+00
0.000000000000000000e+00
0.000000000000000000e+00
3.570000000000000000e+04
0.000000000000000000e+00
0.000000000000000000e+00
0.000000000000000000e+00
4.952000000000000000e+05
3.861000000000000000e+05
5.660000000000000000e+04
7.000000000000000000e+02
4.981000000000000000e+05
1.665000000000000000e+05
3.200000000000000000e+03
0.000000000000000000e+00
5.038000000000000000e+05
1.336000000000000000e+05
1.700000000000000000e+03
0.000000000000000000e+00
4.632000000000000000e+05
1.980000000000000000e+04
0.000000000000000000e+00
0.000000000000000000e+00
5.016000000000000000e+05
9.940000000000000000e+04
8.000000000000000000e+02
0.000000000000000000e+00
4.464000000000000000e+05
1.130000000000000000e+04
0.000000000000000000e+00
0.000000000000000000e+00
4.299000000000000000e+05
6.700000000000000000e+03
0.000000000000000000e+00
0.000000000000000000e+00
2.390000000000000000e+05
1.000000000000000000e+02
0.000000000000000000e+00
0.000000000000000000e+00
4.880000000000000000e+05
6.450000000000000000e+04
8.000000000000000000e+02
0.000000000000000000e+00
4.111000000000000000e+05
5.100000000000000000e+03
0.000000000000000000e+00
0.000000000000000000e+00
3.956000000000000000e+05
2.500000000000000000e+03
0.000000000000000000e+00
0.000000000000000000e+00
1.902000000000000000e+05
0.000000000000000000e+00
0.000000000000000000e+00
0.000000000000000000e+00
3.476000000000000000e+05
1.400000000000000000e+03
0.000000000000000000e+00
0.000000000000000000e+00
1.412000000000000000e+05
0.000000000000000000e+00
0.000000000000000000e+00
0.000000000000000000e+00
1.081000000000000000e+05
0.000000000000000000e+00
0.000000000000000000e+00
0.000000000000000000e+00
1.250000000000000000e+04
0.000000000000000000e+00
0.000000000000000000e+00
0.000000000000000000e+00
4.875000000000000000e+05
3.390000000000000000e+04
5.000000000000000000e+02
0.000000000000000000e+00
3.711000000000000000e+05
1.700000000000000000e+03
0.000000000000000000e+00
0.000000000000000000e+00
3.334000000000000000e+05
1.300000000000000000e+03
0.000000000000000000e+00
0.000000000000000000e+00
1.227000000000000000e+05
0.000000000000000000e+00
0.000000000000000000e+00
0.000000000000000000e+00
2.764000000000000000e+05
3.000000000000000000e+02
0.000000000000000000e+00
0.000000000000000000e+00
8.700000000000000000e+04
0.000000000000000000e+00
0.000000000000000000e+00
0.000000000000000000e+00
5.780000000000000000e+04
0.000000000000000000e+00
0.000000000000000000e+00
0.000000000000000000e+00
4.700000000000000000e+03
0.000000000000000000e+00
0.000000000000000000e+00
0.000000000000000000e+00
2.128000000000000000e+05
3.000000000000000000e+02
0.000000000000000000e+00
0.000000000000000000e+00
4.790000000000000000e+04
0.000000000000000000e+00
0.000000000000000000e+00
0.000000000000000000e+00
3.110000000000000000e+04
0.000000000000000000e+00
0.000000000000000000e+00
0.000000000000000000e+00
1.000000000000000000e+03
0.000000000000000000e+00
0.000000000000000000e+00
0.000000000000000000e+00
1.990000000000000000e+04
0.000000000000000000e+00
0.000000000000000000e+00
0.000000000000000000e+00
7.000000000000000000e+02
0.000000000000000000e+00
0.000000000000000000e+00
0.000000000000000000e+00
2.000000000000000000e+02
0.000000000000000000e+00
0.000000000000000000e+00
0.000000000000000000e+00
0.000000000000000000e+00
0.000000000000000000e+00
0.000000000000000000e+00
0.000000000000000000e+00
5.031000000000000000e+05
2.971000000000000000e+05
2.980000000000000000e+04
0.000000000000000000e+00
4.909000000000000000e+05
9.240000000000000000e+04
7.000000000000000000e+02
0.000000000000000000e+00
4.981000000000000000e+05
6.470000000000000000e+04
6.000000000000000000e+02
0.000000000000000000e+00
4.199000000000000000e+05
5.100000000000000000e+03
0.000000000000000000e+00
0.000000000000000000e+00
4.866000000000000000e+05
4.830000000000000000e+04
2.000000000000000000e+02
0.000000000000000000e+00
3.876000000000000000e+05
2.100000000000000000e+03
0.000000000000000000e+00
0.000000000000000000e+00
3.546000000000000000e+05
1.400000000000000000e+03
0.000000000000000000e+00
0.000000000000000000e+00
1.476000000000000000e+05
0.000000000000000000e+00
0.000000000000000000e+00
0.000000000000000000e+00
4.756000000000000000e+05
2.580000000000000000e+04
0.000000000000000000e+00
0.000000000000000000e+00
3.338000000000000000e+05
5.000000000000000000e+02
0.000000000000000000e+00
0.000000000000000000e+00
2.907000000000000000e+05
4.000000000000000000e+02
0.000000000000000000e+00
0.000000000000000000e+00
9.880000000000000000e+04
0.000000000000000000e+00
0.000000000000000000e+00
0.000000000000000000e+00
2.475000000000000000e+05
3.000000000000000000e+02
0.000000000000000000e+00
0.000000000000000000e+00
6.560000000000000000e+04
0.000000000000000000e+00
0.000000000000000000e+00
0.000000000000000000e+00
4.350000000000000000e+04
0.000000000000000000e+00
0.000000000000000000e+00
0.000000000000000000e+00
2.700000000000000000e+03
0.000000000000000000e+00
0.000000000000000000e+00
0.000000000000000000e+00
4.654000000000000000e+05
1.630000000000000000e+04
1.000000000000000000e+02
0.000000000000000000e+00
2.673000000000000000e+05
0.000000000000000000e+00
0.000000000000000000e+00
0.000000000000000000e+00
2.270000000000000000e+05
0.000000000000000000e+00
0.000000000000000000e+00
0.000000000000000000e+00
5.460000000000000000e+04
0.000000000000000000e+00
0.000000000000000000e+00
0.000000000000000000e+00
1.703000000000000000e+05
1.000000000000000000e+02
0.000000000000000000e+00
0.000000000000000000e+00
3.080000000000000000e+04
0.000000000000000000e+00
0.000000000000000000e+00
0.000000000000000000e+00
2.060000000000000000e+04
0.000000000000000000e+00
0.000000000000000000e+00
0.000000000000000000e+00
7.000000000000000000e+02
0.000000000000000000e+00
0.000000000000000000e+00
0.000000000000000000e+00
1.119000000000000000e+05
1.000000000000000000e+02
0.000000000000000000e+00
0.000000000000000000e+00
1.490000000000000000e+04
0.000000000000000000e+00
0.000000000000000000e+00
0.000000000000000000e+00
1.000000000000000000e+04
0.000000000000000000e+00
0.000000000000000000e+00
0.000000000000000000e+00
2.000000000000000000e+02
0.000000000000000000e+00
0.000000000000000000e+00
0.000000000000000000e+00
5.300000000000000000e+03
0.000000000000000000e+00
0.000000000000000000e+00
0.000000000000000000e+00
2.000000000000000000e+02
0.000000000000000000e+00
0.000000000000000000e+00
0.000000000000000000e+00
0.000000000000000000e+00
0.000000000000000000e+00
0.000000000000000000e+00
0.000000000000000000e+00
0.000000000000000000e+00
0.000000000000000000e+00
0.000000000000000000e+00
0.000000000000000000e+00
3.997000000000000000e+05
8.300000000000000000e+03
0.000000000000000000e+00
0.000000000000000000e+00
1.854000000000000000e+05
0.000000000000000000e+00
0.000000000000000000e+00
0.000000000000000000e+00
1.441000000000000000e+05
1.000000000000000000e+02
0.000000000000000000e+00
0.000000000000000000e+00
2.280000000000000000e+04
0.000000000000000000e+00
0.000000000000000000e+00
0.000000000000000000e+00
1.045000000000000000e+05
0.000000000000000000e+00
0.000000000000000000e+00
0.000000000000000000e+00
9.700000000000000000e+03
0.000000000000000000e+00
0.000000000000000000e+00
0.000000000000000000e+00
5.200000000000000000e+03
0.000000000000000000e+00
0.000000000000000000e+00
0.000000000000000000e+00
1.000000000000000000e+02
0.000000000000000000e+00
0.000000000000000000e+00
0.000000000000000000e+00
6.690000000000000000e+04
0.000000000000000000e+00
0.000000000000000000e+00
0.000000000000000000e+00
6.000000000000000000e+03
0.000000000000000000e+00
0.000000000000000000e+00
0.000000000000000000e+00
2.900000000000000000e+03
0.000000000000000000e+00
0.000000000000000000e+00
0.000000000000000000e+00
0.000000000000000000e+00
0.000000000000000000e+00
0.000000000000000000e+00
0.000000000000000000e+00
1.400000000000000000e+03
0.000000000000000000e+00
0.000000000000000000e+00
0.000000000000000000e+00
0.000000000000000000e+00
0.000000000000000000e+00
0.000000000000000000e+00
0.000000000000000000e+00
0.000000000000000000e+00
0.000000000000000000e+00
0.000000000000000000e+00
0.000000000000000000e+00
0.000000000000000000e+00
0.000000000000000000e+00
0.000000000000000000e+00
0.000000000000000000e+00
3.910000000000000000e+04
0.000000000000000000e+00
0.000000000000000000e+00
0.000000000000000000e+00
1.900000000000000000e+03
0.000000000000000000e+00
0.000000000000000000e+00
0.000000000000000000e+00
1.100000000000000000e+03
0.000000000000000000e+00
0.000000000000000000e+00
0.000000000000000000e+00
0.000000000000000000e+00
0.000000000000000000e+00
0.000000000000000000e+00
0.000000000000000000e+00
6.000000000000000000e+02
0.000000000000000000e+00
0.000000000000000000e+00
0.000000000000000000e+00
0.000000000000000000e+00
0.000000000000000000e+00
0.000000000000000000e+00
0.000000000000000000e+00
0.000000000000000000e+00
0.000000000000000000e+00
0.000000000000000000e+00
0.000000000000000000e+00
0.000000000000000000e+00
0.000000000000000000e+00
0.000000000000000000e+00
0.000000000000000000e+00
2.000000000000000000e+02
0.000000000000000000e+00
0.000000000000000000e+00
0.000000000000000000e+00
0.000000000000000000e+00
0.000000000000000000e+00
0.000000000000000000e+00
0.000000000000000000e+00
0.000000000000000000e+00
0.000000000000000000e+00
0.000000000000000000e+00
0.000000000000000000e+00
0.000000000000000000e+00
0.000000000000000000e+00
0.000000000000000000e+00
0.000000000000000000e+00
0.000000000000000000e+00
0.000000000000000000e+00
0.000000000000000000e+00
0.000000000000000000e+00
0.000000000000000000e+00
0.000000000000000000e+00
0.000000000000000000e+00
0.000000000000000000e+00
0.000000000000000000e+00
0.000000000000000000e+00
0.000000000000000000e+00
0.000000000000000000e+00
0.000000000000000000e+00
0.000000000000000000e+00
0.000000000000000000e+00
0.000000000000000000e+00
