4.969000000000000000e+05
4.972000000000000000e+05
4.960000000000000000e+05
4.939000000000000000e+05
4.977000000000000000e+05
4.963000000000000000e+05
4.906000000000000000e+05
4.914000000000000000e+05
4.968000000000000000e+05
5.009000000000000000e+05
4.967000000000000000e+05
5.017000000000000000e+05
5.069000000000000000e+05
4.995000000000000000e+05
4.921000000000000000e+05
4.890000000000000000e+05
5.031000000000000000e+05
4.965000000000000000e+05
5.057000000000000000e+05
5.040000000000000000e+05
4.957000000000000000e+05
5.043000000000000000e+05
5.038000000000000000e+05
4.828000000000000000e+05
5.029000000000000000e+05
4.906000000000000000e+05
5.009000000000000000e+05
4.765000000000000000e+05
5.033000000000000000e+05
4.954000000000000000e+05
4.956000000000000000e+05
3.212000000000000000e+05
4.985000000000000000e+05
4.896000000000000000e+05
5.022000000000000000e+05
4.971000000000000000e+05
4.983000000000000000e+05
5.028000000000000000e+05
4.921000000000000000e+05
4.675000000000000000e+05
5.038000000000000000e+05
5.005000000000000000e+05
5.052000000000000000e+05
4.526000000000000000e+05
5.018000000000000000e+05
4.928000000000000000e+05
4.890000000000000000e+05
2.692000000000000000e+05
4.952000000000000000e+05
5.022000000000000000e+05
4.944000000000000000e+05
4.265000000000000000e+05
5.062000000000000000e+05
5.056000000000000000e+05
4.687000000000000000e+05
2.191000000000000000e+05
4.889000000000000000e+05
5.011000000000000000e+05
4.759000000000000000e+05
1.814000000000000000e+05
5.023000000000000000e+05
4.945000000000000000e+05
2.982000000000000000e+05
2.510000000000000000e+04
4.962000000000000000e+05
4.973000000000000000e+05
5.001000000000000000e+05
4.934000000000000000e+05
4.979000000000000000e+05
5.053000000000000000e+05
5.017000000000000000e+05
4.220000000000000000e+05
4.945000000000000000e+05
4.972000000000000000e+05
5.087000000000000000e+05
4.141000000000000000e+05
5.005000000000000000e+05
4.940000000000000000e+05
4.741000000000000000e+05
1.918000000000000000e+05
5.012000000000000000e+05
5.031000000000000000e+05
4.971000000000000000e+05
3.630000000000000000e+05
5.012000000000000000e+05
4.926000000000000000e+05
4.671000000000000000e+05
1.391000000000000000e+05
4.949000000000000000e+05
5.067000000000000000e+05
4.396000000000000000e+05
1.016000000000000000e+05
4.986000000000000000e+05
4.811000000000000000e+05
2.323000000000000000e+05
8.500000000000000000e+03
4.981000000000000000e+05
5.083000000000000000e+05
4.977000000000000000e+05
2.873000000000000000e+05
4.998000000000000000e+05
4.949000000000000000e+05
4.181000000000000000e+05
7.910000000000000000e+04
5.019000000000000000e+05
5.036000000000000000e+05
3.886000000000000000e+05
5.230000000000000000e+04
4.977000000000000000e+05
4.733000000000000000e+05
1.714000000000000000e+05
2.000000000000000000e+03
4.965000000000000000e+05
4.959000000000000000e+05
3.390000000000000000e+05
3.050000000000000000e+04
4.962000000000000000e+05
4.591000000000000000e+05
1.261000000000000000e+05
0.000000000000000000e+00
4.991000000000000000e+05
4.430000000000000000e+05
8.840000000000000000e+04
5.000000000000000000e+02
4.981000000000000000e+05
2.694000000000000000e+05
7.600000000000000000e+03
0.000000000000000000e+00
5.042000000000000000e+05
4.937000000000000000e+05
5.041000000000000000e+05
4.839000000000000000e+05
4.994000000000000000e+05
4.911000000000000000e+05
4.941000000000000000e+05
3.537000000000000000e+05
5.012000000000000000e+05
4.920000000000000000e+05
4.979000000000000000e+05
3.090000000000000000e+05
5.002000000000000000e+05
5.003000000000000000e+05
4.302000000000000000e+05
9.950000000000000000e+04
4.932000000000000000e+05
5.002000000000000000e+05
4.925000000000000000e+05
2.632000000000000000e+05
5.040000000000000000e+05
5.014000000000000000e+05
4.100000000000000000e+05
6.320000000000000000e+04
5.019000000000000000e+05
4.995000000000000000e+05
3.648000000000000000e+05
3.890000000000000000e+04
4.991000000000000000e+05
4.590000000000000000e+05
1.397000000000000000e+05
5.000000000000000000e+02
4.976000000000000000e+05
4.935000000000000000e+05
4.878000000000000000e+05
1.850000000000000000e+05
4.966000000000000000e+05
5.011000000000000000e+05
3.357000000000000000e+05
3.200000000000000000e+04
5.045000000000000000e+05
5.044000000000000000e+05
2.978000000000000000e+05
1.740000000000000000e+04
5.022000000000000000e+05
4.478000000000000000e+05
8.680000000000000000e+04
1.000000000000000000e+02
4.989000000000000000e+05
5.020000000000000000e+05
2.461000000000000000e+05
1.030000000000000000e+04
5.009000000000000000e+05
4.268000000000000000e+05
5.440000000000000000e+04
0.000000000000000000e+00
4.993000000000000000e+05
4.167000000000000000e+05
3.580000000000000000e+04
1.000000000000000000e+02
4.974000000000000000e+05
2.127000000000000000e+05
1.500000000000000000e+03
0.000000000000000000e+00
5.000000000000000000e+05
4.946000000000000000e+05
4.563000000000000000e+05
1.201000000000000000e+05
5.030000000000000000e+05
4.916000000000000000e+05
2.610000000000000000e+05
1.140000000000000000e+04
4.970000000000000000e+05
4.887000000000000000e+05
2.092000000000000000e+05
6.900000000000000000e+03
4.969000000000000000e+05
4.129000000000000000e+05
4.410000000000000000e+04
0.000000000000000000e+00
4.919000000000000000e+05
4.828000000000000000e+05
1.579000000000000000e+05
2.400000000000000000e+03
4.998000000000000000e+05
3.884000000000000000e+05
2.720000000000000000e+04
0.000000000000000000e+00
4.937000000000000000e+05
3.689000000000000000e+05
1.460000000000000000e+04
0.000000000000000000e+00
4.822000000000000000e+05
1.576000000000000000e+05
5.000000000000000000e+02
0.000000000000000000e+00
5.044000000000000000e+05
4.769000000000000000e+05
1.057000000000000000e+05
8.000000000000000000e+02
5.033000000000000000e+05
3.447000000000000000e+05
1.290000000000000000e+04
0.000000000000000000e+00
4.980000000000000000e+05
3.162000000000000000e+05
6.500000000000000000e+03
0.000000000000000000e+00
4.876000000000000000e+05
1.090000000000000000e+05
1.000000000000000000e+02
0.000000000000000000e+00
4.977000000000000000e+05
2.534000000000000000e+05
3.200000000000000000e+03
0.000000000000000000e+00
4.928000000000000000e+05
7.020000000000000000e+04
0.000000000000000000e+00
0.000000000000000000e+00
4.883000000000000000e+05
4.480000000000000000e+04
0.000000000000000000e+00
0.000000000000000000e+00
3.622000000000000000e+05
1.800000000000000000e+03
0.000000000000000000e+00
0.000000000000000000e+00
4.987000000000000000e+05
4.962000000000000000e+05
5.039000000000000000e+05
4.358000000000000000e+05
4.970000000000000000e+05
5.017000000000000000e+05
4.975000000000000000e+05
2.369000000000000000e+05
5.037000000000000000e+05
4.941000000000000000e+05
4.761000000000000000e+05
1.920000000000000000e+05
5.072000000000000000e+05
4.977000000000000000e+05
3.398000000000000000e+05
3.000000000000000000e+04
5.084000000000000000e+05
5.068000000000000000e+05
4.693000000000000000e+05
1.307000000000000000e+05
4.987000000000000000e+05
4.968000000000000000e+05
2.860000000000000000e+05
1.590000000000000000e+04
5.008000000000000000e+05
4.971000000000000000e+05
2.360000000000000000e+05
8.500000000000000000e+03
4.979000000000000000e+05
4.210000000000000000e+05
5.540000000000000000e+04
1.000000000000000000e+02
4.994000000000000000e+05
4.950000000000000000e+05
4.317000000000000000e+05
8.620000000000000000e+04
4.969000000000000000e+05
4.990000000000000000e+05
2.126000000000000000e+05
5.300000000000000000e+03
5.050000000000000000e+05
4.925000000000000000e+05
1.686000000000000000e+05
2.800000000000000000e+03
4.991000000000000000e+05
3.939000000000000000e+05
2.730000000000000000e+04
0.000000000000000000e+00
4.931000000000000000e+05
4.831000000000000000e+05
1.221000000000000000e+05
1.200000000000000000e+03
5.020000000000000000e+05
3.632000000000000000e+05
1.390000000000000000e+04
0.000000000000000000e+00
5.068000000000000000e+05
3.362000000000000000e+05
9.300000000000000000e+03
0.000000000000000000e+00
4.941000000000000000e+05
1.267000000000000000e+05
1.000000000000000000e+02
0.000000000000000000e+00
4.949000000000000000e+05
5.144000000000000000e+05
3.744000000000000000e+05
4.700000000000000000e+04
4.957000000000000000e+05
4.828000000000000000e+05
1.341000000000000000e+05
1.700000000000000000e+03
5.056000000000000000e+05
4.789000000000000000e+05
9.880000000000000000e+04
9.000000000000000000e+02
5.034000000000000000e+05
3.434000000000000000e+05
9.100000000000000000e+03
0.000000000000000000e+00
5.022000000000000000e+05
4.716000000000000000e+05
6.500000000000000000e+04
2.000000000000000000e+02
5.086000000000000000e+05
3.056000000000000000e+05
5.100000000000000000e+03
0.000000000000000000e+00
4.967000000000000000e+05
2.693000000000000000e+05
2.600000000000000000e+03
0.000000000000000000e+00
4.928000000000000000e+05
7.610000000000000000e+04
0.000000000000000000e+00
0.000000000000000000e+00
4.904000000000000000e+05
4.377000000000000000e+05
3.890000000000000000e+04
1.000000000000000000e+02
5.026000000000000000e+05
2.478000000000000000e+05
1.200000000000000000e+03
0.000000000000000000e+00
4.928000000000000000e+05
2.088000000000000000e+05
1.000000000000000000e+03
0.000000000000000000e+00
4.869000000000000000e+05
4.460000000000000000e+04
0.000000000000000000e+00
0.000000000000000000e+00
4.999000000000000000e+05
1.555000000000000000e+05
4.000000000000000000e+02
0.000000000000000000e+00
4.793000000000000000e+05
2.410000000000000000e+04
0.000000000000000000e+00
0.000000000000000000e+00
4.712000000000000000e+05
1.580000000000000000e+04
0.000000000000000000e+00
0.000000000000000000e+00
3.247000000000000000e+05
2.000000000000000000e+02
0.000000000000000000e+00
0.000000000000000000e+00
4.996000000000000000e+05
5.000000000000000000e+05
2.734000000000000000e+05
2.030000000000000000e+04
5.058000000000000000e+05
4.655000000000000000e+05
7.050000000000000000e+04
0.000000000000000000e+00
5.008000000000000000e+05
4.555000000000000000e+05
4.770000000000000000e+04
0.000000000000000000e+00
5.091000000000000000e+05
2.677000000000000000e+05
2.800000000000000000e+03
0.000000000000000000e+00
5.086000000000000000e+05
4.136000000000000000e+05
2.900000000000000000e+04
0.000000000000000000e+00
5.083000000000000000e+05
2.157000000000000000e+05
1.300000000000000000e+03
0.000000000000000000e+00
5.031000000000000000e+05
1.721000000000000000e+05
4.000000000000000000e+02
0.000000000000000000e+00
4.846000000000000000e+05
2.990000000000000000e+04
0.000000000000000000e+00
0.000000000000000000e+00
4.972000000000000000e+05
3.760000000000000000e+05
1.650000000000000000e+04
0.000000000000000000e+00
5.003000000000000000e+05
1.533000000000000000e+05
2.000000000000000000e+02
0.000000000000000000e+00
4.972000000000000000e+05
1.179000000000000000e+05
2.000000000000000000e+02
0.000000000000000000e+00
4.672000000000000000e+05
1.440000000000000000e+04
0.000000000000000000e+00
0.000000000000000000e+00
4.954000000000000000e+05
8.260000000000000000e+04
0.000000000000000000e+00
0.000000000000000000e+00
4.539000000000000000e+05
7.600000000000000000e+03
0.000000000000000000e+00
0.000000000000000000e+00
4.424000000000000000e+05
3.800000000000000000e+03
0.000000000000000000e+00
0.000000000000000000e+00
2.717000000000000000e+05
0.000000000000000000e+00
0.000000000000000000e+00
0.000000000000000000e+00
5.045000000000000000e+05
3.009000000000000000e+05
8.700000000000000000e+03
0.000000000000000000e+00
4.965000000000000000e+05
9.710000000000000000e+04
2.000000000000000000e+02
0.000000000000000000e+00
5.006000000000000000e+05
6.860000000000000000e+04
0.000000000000000000e+00
0.000000000000000000e+00
4.456000000000000000e+05
4.400000000000000000e+03
0.000000000000000000e+00
0.000000000000000000e+00
4.935000000000000000e+05
4.320000000000000000e+04
0.000000000000000000e+00
0.000000000000000000e+00
4.354000000000000000e+05
1.900000000000000000e+03
0.000000000000000000e+00
0.000000000000000000e+00
4.227000000000000000e+05
1.000000000000000000e+03
0.000000000000000000e+00
0.000000000000000000e+00
2.146000000000000000e+05
0.000000000000000000e+00
0.000000000000000000e+00
0.000000000000000000e+00
4.975000000000000000e+05
2.480000000000000000e+04
0.000000000000000000e+00
0.000000000000000000e+00
4.026000000000000000e+05
9.000000000000000000e+02
0.000000000000000000e+00
0.000000000000000000e+00
3.779000000000000000e+05
1.000000000000000000e+03
0.000000000000000000e+00
0.000000000000000000e+00
1.564000000000000000e+05
0.000000000000000000e+00
0.000000000000000000e+00
0.000000000000000000e+00
3.338000000000000000e+05
3.000000000000000000e+02
0.000000000000000000e+00
0.000000000000000000e+00
1.193000000000000000e+05
0.000000000000000000e+00
0.000000000000000000e+00
0.000000000000000000e+00
8.890000000000000000e+04
0.000000000000000000e+00
0.000000000000000000e+00
0.000000000000000000e+00
8.600000000000000000e+03
0.000000000000000000e+00
0.000000000000000000e+00
0.000000000000000000e+00
5.071000000000000000e+05
5.006000000000000000e+05
5.038000000000000000e+05
3.548000000000000000e+05
5.061000000000000000e+05
5.029000000000000000e+05
4.423000000000000000e+05
1.264000000000000000e+05
5.027000000000000000e+05
4.939000000000000000e+05
4.155000000000000000e+05
8.460000000000000000e+04
4.956000000000000000e+05
4.853000000000000000e+05
1.967000000000000000e+05
6.400000000000000000e+03
4.876000000000000000e+05
4.987000000000000000e+05
3.736000000000000000e+05
5.250000000000000000e+04
4.914000000000000000e+05
4.801000000000000000e+05
1.373000000000000000e+05
2.300000000000000000e+03
4.999000000000000000e+05
4.805000000000000000e+05
1.028000000000000000e+05
1.500000000000000000e+03
5.059000000000000000e+05
3.440000000000000000e+05
1.070000000000000000e+04
0.000000000000000000e+00
4.915000000000000000e+05
5.003000000000000000e+05
3.006000000000000000e+05
2.460000000000000000e+04
4.874000000000000000e+05
4.717000000000000000e+05
8.330000000000000000e+04
6.000000000000000000e+02
5.056000000000000000e+05
4.579000000000000000e+05
6.110000000000000000e+04
1.000000000000000000e+02
5.057000000000000000e+05
2.846000000000000000e+05
3.700000000000000000e+03
0.000000000000000000e+00
4.949000000000000000e+05
4.424000000000000000e+05
3.840000000000000000e+04
0.000000000000000000e+00
4.919000000000000000e+05
2.491000000000000000e+05
2.000000000000000000e+03
0.000000000000000000e+00
4.987000000000000000e+05
2.100000000000000000e+05
2.100000000000000000e+03
0.000000000000000000e+00
4.818000000000000000e+05
4.540000000000000000e+04
0.000000000000000000e+00
0.000000000000000000e+00
5.018000000000000000e+05
4.995000000000000000e+05
2.265000000000000000e+05
1.240000000000000000e+04
4.988000000000000000e+05
4.462000000000000000e+05
4.410000000000000000e+04
0.000000000000000000e+00
5.006000000000000000e+05
4.180000000000000000e+05
3.090000000000000000e+04
0.000000000000000000e+00
4.913000000000000000e+05
2.300000000000000000e+05
1.000000000000000000e+03
0.000000000000000000e+00
5.027000000000000000e+05
3.969000000000000000e+05
1.880000000000000000e+04
1.000000000000000000e+02
4.989000000000000000e+05
1.865000000000000000e+05
5.000000000000000000e+02
0.000000000000000000e+00
4.894000000000000000e+05
1.433000000000000000e+05
1.000000000000000000e+02
0.000000000000000000e+00
4.727000000000000000e+05
1.930000000000000000e+04
0.000000000000000000e+00
0.000000000000000000e+00
5.016000000000000000e+05
3.382000000000000000e+05
9.500000000000000000e+03
0.000000000000000000e+00
4.959000000000000000e+05
1.219000000000000000e+05
1.000000000000000000e+02
0.000000000000000000e+00
5.071000000000000000e+05
8.760000000000000000e+04
0.000000000000000000e+00
0.000000000000000000e+00
4.693000000000000000e+05
8.500000000000000000e+03
0.000000000000000000e+00
0.000000000000000000e+00
5.050000000000000000e+05
5.870000000000000000e+04
0.000000000000000000e+00
0.000000000000000000e+00
4.576000000000000000e+05
4.600000000000000000e+03
0.000000000000000000e+00
0.000000000000000000e+00
4.323000000000000000e+05
2.900000000000000000e+03
0.000000000000000000e+00
0.000000000000000000e+00
2.420000000000000000e+05
0.000000000000000000e+00
0.000000000000000000e+00
0.000000000000000000e+00
4.858000000000000000e+05
4.907000000000000000e+05
1.435000000000000000e+05
4.400000000000000000e+03
5.037000000000000000e+05
3.854000000000000000e+05
2.040000000000000000e+04
0.000000000000000000e+00
5.070000000000000000e+05
3.590000000000000000e+05
1.000000000000000000e+04
0.000000000000000000e+00
4.983000000000000000e+05
1.424000000000000000e+05
3.000000000000000000e+02
0.000000000000000000e+00
4.990000000000000000e+05
3.005000000000000000e+05
6.700000000000000000e+03
0.000000000000000000e+00
4.955000000000000000e+05
9.630000000000000000e+04
0.000000000000000000e+00
0.000000000000000000e+00
4.990000000000000000e+05
7.530000000000000000e+04
0.000000000000000000e+00
0.000000000000000000e+00
4.480000000000000000e+05
7.100000000000000000e+03
0.000000000000000000e+00
0.000000000000000000e+00
5.114000000000000000e+05
2.407000000000000000e+05
4.000000000000000000e+03
0.000000000000000000e+00
4.932000000000000000e+05
6.130000000000000000e+04
0.000000000000000000e+00
0.000000000000000000e+00
4.923000000000000000e+05
4.210000000000000000e+04
0.000000000000000000e+00
0.000000000000000000e+00
4.359000000000000000e+05
1.800000000000000000e+03
0.000000000000000000e+00
0.000000000000000000e+00
4.947000000000000000e+05
2.910000000000000000e+04
0.000000000000000000e+00
0.000000000000000000e+00
4.074000000000000000e+05
9.000000000000000000e+02
0.000000000000000000e+00
0.000000000000000000e+00
3.881000000000000000e+05
1.000000000000000000e+02
0.000000000000000000e+00
0.000000000000000000e+00
1.864000000000000000e+05
0.000000000000000000e+00
0.000000000000000000e+00
0.000000000000000000e+00
4.990000000000000000e+05
1.654000000000000000e+05
2.100000000000000000e+03
0.000000000000000000e+00
5.045000000000000000e+05
3.170000000000000000e+04
0.000000000000000000e+00
0.000000000000000000e+00
4.867000000000000000e+05
1.910000000000000000e+04
1.000000000000000000e+02
0.000000000000000000e+00
3.987000000000000000e+05
7.000000000000000000e+02
0.000000000000000000e+00
0.000000000000000000e+00
4.826000000000000000e+05
1.480000000000000000e+04
0.000000000000000000e+00
0.000000000000000000e+00
3.697000000000000000e+05
1.000000000000000000e+02
0.000000000000000000e+00
0.000000000000000000e+00
3.300000000000000000e+05
0.000000000000000000e+00
0.000000000000000000e+00
0.000000000000000000e+00
1.320000000000000000e+05
0.000000000000000000e+00
0.000000000000000000e+00
0.000000000000000000e+00
4.610000000000000000e+05
7.100000000000000000e+03
0.000000000000000000e+00
0.000000000000000000e+00
3.122000000000000000e+05
2.000000000000000000e+02
0.000000000000000000e+00
0.000000000000000000e+00
2.844000000000000000e+05
0.000000000000000000e+00
0.000000000000000000e+00
0.000000000000000000e+00
8.040000000000000000e+04
0.000000000000000000e+00
0.000000000000000000e+00
0.000000000000000000e+00
2.267000000000000000e+05
0.000000000000000000e+00
0.000000000000000000e+00
0.000000000000000000e+00
5.440000000000000000e+04
0.000000000000000000e+00
0.000000000000000000e+00
0.000000000000000000e+00
3.700000000000000000e+04
0.000000000000000000e+00
0.000000000000000000e+00
0.000000000000000000e+00
1.400000000000000000e+03
0.000000000000000000e+00
0.000000000000000000e+00
0.000000000000000000e+00
5.088000000000000000e+05
4.628000000000000000e+05
8.360000000000000000e+04
6.000000000000000000e+02
4.995000000000000000e+05
2.876000000000000000e+05
7.200000000000000000e+03
0.000000000000000000e+00
4.930000000000000000e+05
2.496000000000000000e+05
5.400000000000000000e+03
0.000000000000000000e+00
4.951000000000000000e+05
6.530000000000000000e+04
0.000000000000000000e+00
0.000000000000000000e+00
5.022000000000000000e+05
2.004000000000000000e+05
1.900000000000000000e+03
0.000000000000000000e+00
4.970000000000000000e+05
3.860000000000000000e+04
0.000000000000000000e+00
0.000000000000000000e+00
4.949000000000000000e+05
2.600000000000000000e+04
0.000000000000000000e+00
0.000000000000000000e+00
4.103000000000000000e+05
7.000000000000000000e+02
0.000000000000000000e+00
0.000000000000000000e+00
5.028000000000000000e+05
1.405000000000000000e+05
5.000000000000000000e+02
0.000000000000000000e+00
4.974000000000000000e+05
1.950000000000000000e+04
0.000000000000000000e+00
0.000000000000000000e+00
4.939000000000000000e+05
1.420000000000000000e+04
0.000000000000000000e+00
0.000000000000000000e+00
3.810000000000000000e+05
2.000000000000000000e+02
0.000000000000000000e+00
0.000000000000000000e+00
4.771000000000000000e+05
6.100000000000000000e+03
0.000000000000000000e+00
0.000000000000000000e+00
3.417000000000000000e+05
0.000000000000000000e+00
0.000000000000000000e+00
0.000000000000000000e+00
3.174000000000000000e+05
1.000000000000000000e+02
0.000000000000000000e+00
0.000000000000000000e+00
1.089000000000000000e+05
0.000000000000000000e+00
0.000000000000000000e+00
0.000000000000000000e+00
4.929000000000000000e+05
9.600000000000000000e+04
4.000000000000000000e+02
0.000000000000000000e+00
4.788000000000000000e+05
1.020000000000000000e+04
0.000000000000000000e+00
0.000000000000000000e+00
4.727000000000000000e+05
6.700000000000000000e+03
0.000000000000000000e+00
0.000000000000000000e+00
3.324000000000000000e+05
0.000000000000000000e+00
0.000000000000000000e+00
0.000000000000000000e+00
4.528000000000000000e+05
4.700000000000000000e+03
0.000000000000000000e+00
0.000000000000000000e+00
2.803000000000000000e+05
0.000000000000000000e+00
0.000000000000000000e+00
0.000000000000000000e+00
2.403000000000000000e+05
0.000000000000000000e+00
0.000000000000000000e+00
0.000000000000000000e+00
6.190000000000000000e+04
0.000000000000000000e+00
0.000000000000000000e+00
0.000000000000000000e+00
4.176000000000000000e+05
2.200000000000000000e+03
0.000000000000000000e+00
0.000000000000000000e+00
2.171000000000000000e+05
0.000000000000000000e+00
0.000000000000000000e+00
0.000000000000000000e+00
1.776000000000000000e+05
0.000000000000000000e+00
0.000000000000000000e+00
0.000000000000000000e+00
3.220000000000000000e+04
0.000000000000000000e+00
0.000000000000000000e+00
0.000000000000000000e+00
1.293000000000000000e+05
0.000000000000000000e+00
0.000000000000000000e+00
0.000000000000000000e+00
1.790000000000000000e+04
0.000000000000000000e+00
0.000000000000000000e+00
0.000000000000000000e+00
1.180000000000000000e+04
0.000000000000000000e+00
0.000000000000000000e+00
0.000000000000000000e+00
2.000000000000000000e+02
0.000000000000000000e+00
0.000000000000000000e+00
0.000000000000000000e+00
4.950000000000000000e+05
5.230000000000000000e+04
4.000000000000000000e+02
0.000000000000000000e+00
4.515000000000000000e+05
4.800000000000000000e+03
0.000000000000000000e+00
0.000000000000000000e+00
4.238000000000000000e+05
2.000000000000000000e+03
0.000000000000000000e+00
0.000000000000000000e+00
2.424000000000000000e+05
0.000000000000000000e+00
0.000000000000000000e+00
0.000000000000000000e+00
4.096000000000000000e+05
1.300000000000000000e+03
0.000000000000000000e+00
0.000000000000000000e+00
1.945000000000000000e+05
0.000000000000000000e+00
0.000000000000000000e+00
0.000000000000000000e+00
1.536000000000000000e+05
0.000000000000000000e+00
0.000000000000000000e+00
0.000000000000000000e+00
2.640000000000000000e+04
0.000000000000000000e+00
0.000000000000000000e+00
0.000000000000000000e+00
3.488000000000000000e+05
1.000000000000000000e+02
0.000000000000000000e+00
0.000000000000000000e+00
1.354000000000000000e+05
0.000000000000000000e+00
0.000000000000000000e+00
0.000000000000000000e+00
1.027000000000000000e+05
0.000000000000000000e+00
0.000000000000000000e+00
0.000000000000000000e+00
1.190000000000000000e+04
0.000000000000000000e+00
0.000000000000000000e+00
0.000000000000000000e+00
7.110000000000000000e+04
0.000000000000000000e+00
0.000000000000000000e+00
0.000000000000000000e+00
6.300000000000000000e+03
0.000000000000000000e+00
0.000000000000000000e+00
0.000000000000000000e+00
2.400000000000000000e+03
0.000000000000000000e+00
0.000000000000000000e+00
0.000000000000000000e+00
0.000000000000000000e+00
0.000000000000000000e+00
0.000000000000000000e+00
0.000000000000000000e+00
2.792000000000000000e+05
0.000000000000000000e+00
0.000000000000000000e+00
0.000000000000000000e+00
7.980000000000000000e+04
0.000000000000000000e+00
0.000000000000000000e+00
0.000000000000000000e+00
5.950000000000000000e+04
0.000000000000000000e+00
0.000000000000000000e+00
0.000000000000000000e+00
3.600000000000000000e+03
0.000000000000000000e+00
0.000000000000000000e+00
0.000000000000000000e+00
3.630000000000000000e+04
0.000000000000000000e+00
0.000000000000000000e+00
0.000000000000000000e+00
1.400000000000000000e+03
0.000000000000000000e+00
0.000000000000000000e+00
0.000000000000000000e+00
1.200000000000000000e+03
0.000000000000000000e+00
0.000000000000000000e+00
0.000000000000000000e+00
0.000000000000000000e+00
0.000000000000000000e+00
0.000000000000000000e+00
0.000000000000000000e+00
2.030000000000000000e+04
0.000000000000000000e+00
0.000000000000000000e+00
0.000000000000000000e+00
4.000000000000000000e+02
0.000000000000000000e+00
0.000000000000000000e+00
0.000000000000000000e+00
3.000000000000000000e+02
0.000000000000000000e+00
0.000000000000000000e+00
0.000000000000000000e+00
0.000000000000000000e+00
0.000000000000000000e+00
0.000000000000000000e+00
0.000000000000000000e+00
4.000000000000000000e+02
0.000000000000000000e+00
0.000000000000000000e+00
0.000000000000000000e+00
0.000000000000000000e+00
0.000000000000000000e+00
0.000000000000000000e+00
0.000000000000000000e+00
0.000000000000000000e+00
0.000000000000000000e+00
0.000000000000000000e+00
0.000000000000000000e+00
0.000000000000000000e+00
0.000000000000000000e+00
0.000000000000000000e+00
0.000000000000000000e+00
