1.000000000000000000e+06
1.000000000000000000e+06
4.992000000000000000e+05
5.037000000000000000e+05
1.000000000000000000e+06
5.009000000000000000e+05
4.992000000000000000e+05
5.063000000000000000e+05
1.000000000000000000e+06
5.004000000000000000e+05
5.032000000000000000e+05
4.922000000000000000e+05
4.959000000000000000e+05
5.042000000000000000e+05
5.058000000000000000e+05
5.050000000000000000e+05
1.000000000000000000e+06
5.034000000000000000e+05
5.015000000000000000e+05
5.010000000000000000e+05
4.995000000000000000e+05
4.985000000000000000e+05
5.038000000000000000e+05
4.913000000000000000e+05
5.026000000000000000e+05
4.933000000000000000e+05
4.999000000000000000e+05
5.050000000000000000e+05
5.000000000000000000e+05
5.074000000000000000e+05
4.994000000000000000e+05
4.934000000000000000e+05
1.000000000000000000e+06
5.062000000000000000e+05
4.997000000000000000e+05
5.033000000000000000e+05
4.940000000000000000e+05
5.030000000000000000e+05
4.997000000000000000e+05
4.995000000000000000e+05
5.022000000000000000e+05
4.917000000000000000e+05
5.004000000000000000e+05
4.931000000000000000e+05
4.979000000000000000e+05
4.964000000000000000e+05
4.932000000000000000e+05
4.968000000000000000e+05
4.914000000000000000e+05
4.993000000000000000e+05
5.025000000000000000e+05
5.088000000000000000e+05
4.972000000000000000e+05
5.008000000000000000e+05
5.033000000000000000e+05
4.975000000000000000e+05
4.956000000000000000e+05
4.958000000000000000e+05
4.969000000000000000e+05
5.033000000000000000e+05
5.030000000000000000e+05
5.047000000000000000e+05
4.990000000000000000e+05
4.956000000000000000e+05
1.000000000000000000e+06
4.966000000000000000e+05
5.008000000000000000e+05
4.986000000000000000e+05
5.005000000000000000e+05
4.930000000000000000e+05
4.958000000000000000e+05
5.035000000000000000e+05
5.043000000000000000e+05
5.038000000000000000e+05
5.009000000000000000e+05
5.023000000000000000e+05
5.013000000000000000e+05
4.967000000000000000e+05
5.074000000000000000e+05
5.032000000000000000e+05
4.955000000000000000e+05
4.973000000000000000e+05
5.067000000000000000e+05
4.986000000000000000e+05
5.010000000000000000e+05
5.079000000000000000e+05
4.986000000000000000e+05
5.019000000000000000e+05
4.947000000000000000e+05
5.032000000000000000e+05
5.005000000000000000e+05
5.091000000000000000e+05
4.975000000000000000e+05
5.003000000000000000e+05
5.049000000000000000e+05
5.034000000000000000e+05
5.075000000000000000e+05
4.898000000000000000e+05
4.986000000000000000e+05
4.983000000000000000e+05
5.000000000000000000e+05
5.056000000000000000e+05
5.033000000000000000e+05
5.027000000000000000e+05
4.943000000000000000e+05
4.943000000000000000e+05
4.969000000000000000e+05
4.962000000000000000e+05
4.937000000000000000e+05
4.992000000000000000e+05
4.953000000000000000e+05
4.982000000000000000e+05
5.062000000000000000e+05
5.012000000000000000e+05
5.006000000000000000e+05
4.990000000000000000e+05
5.007000000000000000e+05
5.034000000000000000e+05
5.010000000000000000e+05
5.018000000000000000e+05
5.068000000000000000e+05
4.990000000000000000e+05
4.985000000000000000e+05
4.970000000000000000e+05
5.052000000000000000e+05
5.045000000000000000e+05
4.928000000000000000e+05
4.514000000000000000e+05
1.000000000000000000e+06
5.071000000000000000e+05
5.000000000000000000e+05
4.958000000000000000e+05
4.949000000000000000e+05
5.087000000000000000e+05
5.018000000000000000e+05
4.944000000000000000e+05
4.969000000000000000e+05
5.045000000000000000e+05
4.977000000000000000e+05
4.993000000000000000e+05
4.944000000000000000e+05
4.962000000000000000e+05
5.004000000000000000e+05
4.943000000000000000e+05
5.114000000000000000e+05
4.945000000000000000e+05
5.064000000000000000e+05
4.945000000000000000e+05
5.038000000000000000e+05
5.060000000000000000e+05
5.042000000000000000e+05
5.035000000000000000e+05
4.963000000000000000e+05
5.021000000000000000e+05
5.046000000000000000e+05
4.999000000000000000e+05
5.028000000000000000e+05
5.040000000000000000e+05
5.005000000000000000e+05
4.976000000000000000e+05
5.027000000000000000e+05
4.970000000000000000e+05
5.012000000000000000e+05
4.991000000000000000e+05
5.012000000000000000e+05
4.999000000000000000e+05
5.019000000000000000e+05
4.937000000000000000e+05
5.010000000000000000e+05
5.008000000000000000e+05
4.951000000000000000e+05
4.947000000000000000e+05
5.026000000000000000e+05
4.970000000000000000e+05
4.951000000000000000e+05
4.981000000000000000e+05
4.993000000000000000e+05
4.896000000000000000e+05
4.953000000000000000e+05
5.051000000000000000e+05
4.988000000000000000e+05
4.994000000000000000e+05
4.977000000000000000e+05
4.921000000000000000e+05
5.078000000000000000e+05
5.063000000000000000e+05
4.989000000000000000e+05
4.929000000000000000e+05
4.987000000000000000e+05
5.005000000000000000e+05
4.990000000000000000e+05
4.352000000000000000e+05
5.002000000000000000e+05
4.988000000000000000e+05
4.932000000000000000e+05
5.055000000000000000e+05
4.934000000000000000e+05
5.010000000000000000e+05
5.010000000000000000e+05
4.941000000000000000e+05
4.993000000000000000e+05
5.012000000000000000e+05
4.936000000000000000e+05
5.064000000000000000e+05
5.001000000000000000e+05
4.985000000000000000e+05
5.006000000000000000e+05
4.940000000000000000e+05
5.037000000000000000e+05
4.908000000000000000e+05
5.078000000000000000e+05
4.967000000000000000e+05
5.037000000000000000e+05
5.016000000000000000e+05
5.039000000000000000e+05
5.017000000000000000e+05
4.973000000000000000e+05
4.979000000000000000e+05
5.004000000000000000e+05
4.956000000000000000e+05
5.024000000000000000e+05
4.996000000000000000e+05
4.962000000000000000e+05
3.922000000000000000e+05
5.051000000000000000e+05
4.956000000000000000e+05
5.069000000000000000e+05
5.044000000000000000e+05
5.011000000000000000e+05
5.001000000000000000e+05
5.049000000000000000e+05
4.948000000000000000e+05
4.986000000000000000e+05
5.041000000000000000e+05
4.992000000000000000e+05
4.847000000000000000e+05
4.969000000000000000e+05
4.875000000000000000e+05
5.004000000000000000e+05
3.628000000000000000e+05
5.076000000000000000e+05
4.983000000000000000e+05
5.027000000000000000e+05
4.757000000000000000e+05
5.094000000000000000e+05
4.974000000000000000e+05
4.966000000000000000e+05
3.288000000000000000e+05
4.991000000000000000e+05
5.064000000000000000e+05
4.993000000000000000e+05
2.898000000000000000e+05
5.065000000000000000e+05
5.131000000000000000e+05
4.815000000000000000e+05
9.730000000000000000e+04
1.000000000000000000e+06
4.969000000000000000e+05
4.987000000000000000e+05
5.038000000000000000e+05
5.101000000000000000e+05
4.980000000000000000e+05
5.011000000000000000e+05
5.023000000000000000e+05
5.015000000000000000e+05
5.063000000000000000e+05
4.980000000000000000e+05
5.092000000000000000e+05
5.028000000000000000e+05
5.043000000000000000e+05
4.921000000000000000e+05
4.927000000000000000e+05
5.029000000000000000e+05
5.040000000000000000e+05
5.090000000000000000e+05
5.033000000000000000e+05
4.981000000000000000e+05
4.980000000000000000e+05
4.895000000000000000e+05
5.058000000000000000e+05
5.007000000000000000e+05
4.936000000000000000e+05
5.094000000000000000e+05
4.992000000000000000e+05
4.938000000000000000e+05
5.033000000000000000e+05
4.960000000000000000e+05
4.970000000000000000e+05
5.024000000000000000e+05
4.928000000000000000e+05
5.036000000000000000e+05
5.013000000000000000e+05
5.089000000000000000e+05
5.128000000000000000e+05
4.916000000000000000e+05
4.921000000000000000e+05
4.982000000000000000e+05
5.006000000000000000e+05
5.054000000000000000e+05
5.045000000000000000e+05
4.976000000000000000e+05
4.953000000000000000e+05
5.002000000000000000e+05
4.954000000000000000e+05
4.989000000000000000e+05
4.894000000000000000e+05
5.045000000000000000e+05
5.056000000000000000e+05
4.923000000000000000e+05
4.979000000000000000e+05
4.989000000000000000e+05
4.892000000000000000e+05
5.024000000000000000e+05
5.027000000000000000e+05
4.997000000000000000e+05
4.865000000000000000e+05
4.967000000000000000e+05
5.054000000000000000e+05
4.990000000000000000e+05
3.723000000000000000e+05
5.010000000000000000e+05
4.998000000000000000e+05
4.980000000000000000e+05
5.048000000000000000e+05
5.006000000000000000e+05
4.997000000000000000e+05
4.982000000000000000e+05
4.990000000000000000e+05
4.958000000000000000e+05
5.018000000000000000e+05
4.875000000000000000e+05
5.112000000000000000e+05
4.951000000000000000e+05
4.927000000000000000e+05
5.051000000000000000e+05
4.885000000000000000e+05
5.032000000000000000e+05
4.982000000000000000e+05
4.979000000000000000e+05
5.034000000000000000e+05
5.056000000000000000e+05
5.013000000000000000e+05
5.001000000000000000e+05
4.800000000000000000e+05
4.976000000000000000e+05
4.988000000000000000e+05
5.020000000000000000e+05
4.799000000000000000e+05
4.957000000000000000e+05
4.937000000000000000e+05
5.060000000000000000e+05
3.376000000000000000e+05
4.958000000000000000e+05
5.034000000000000000e+05
5.066000000000000000e+05
4.974000000000000000e+05
5.013000000000000000e+05
4.971000000000000000e+05
5.008000000000000000e+05
4.704000000000000000e+05
4.958000000000000000e+05
5.006000000000000000e+05
5.042000000000000000e+05
4.509000000000000000e+05
5.027000000000000000e+05
5.010000000000000000e+05
4.934000000000000000e+05
2.853000000000000000e+05
5.017000000000000000e+05
5.004000000000000000e+05
5.062000000000000000e+05
4.360000000000000000e+05
4.978000000000000000e+05
4.967000000000000000e+05
5.045000000000000000e+05
2.439000000000000000e+05
4.959000000000000000e+05
5.045000000000000000e+05
5.044000000000000000e+05
2.079000000000000000e+05
5.113000000000000000e+05
5.057000000000000000e+05
4.731000000000000000e+05
4.570000000000000000e+04
4.946000000000000000e+05
5.057000000000000000e+05
4.969000000000000000e+05
4.981000000000000000e+05
4.976000000000000000e+05
5.001000000000000000e+05
5.008000000000000000e+05
5.000000000000000000e+05
4.927000000000000000e+05
5.106000000000000000e+05
4.879000000000000000e+05
5.031000000000000000e+05
4.910000000000000000e+05
5.043000000000000000e+05
5.053000000000000000e+05
4.627000000000000000e+05
5.044000000000000000e+05
5.023000000000000000e+05
5.066000000000000000e+05
5.044000000000000000e+05
4.973000000000000000e+05
5.031000000000000000e+05
5.038000000000000000e+05
4.625000000000000000e+05
5.038000000000000000e+05
4.974000000000000000e+05
5.083000000000000000e+05
4.511000000000000000e+05
4.948000000000000000e+05
5.037000000000000000e+05
4.952000000000000000e+05
2.694000000000000000e+05
4.928000000000000000e+05
4.886000000000000000e+05
5.066000000000000000e+05
4.913000000000000000e+05
4.958000000000000000e+05
4.975000000000000000e+05
5.071000000000000000e+05
4.288000000000000000e+05
5.075000000000000000e+05
5.032000000000000000e+05
4.990000000000000000e+05
4.136000000000000000e+05
4.987000000000000000e+05
4.946000000000000000e+05
5.006000000000000000e+05
2.162000000000000000e+05
4.909000000000000000e+05
5.115000000000000000e+05
4.984000000000000000e+05
3.812000000000000000e+05
5.096000000000000000e+05
5.034000000000000000e+05
4.932000000000000000e+05
1.632000000000000000e+05
4.957000000000000000e+05
4.959000000000000000e+05
5.079000000000000000e+05
1.327000000000000000e+05
4.987000000000000000e+05
4.984000000000000000e+05
4.413000000000000000e+05
1.790000000000000000e+04
5.006000000000000000e+05
5.121000000000000000e+05
4.977000000000000000e+05
4.925000000000000000e+05
5.124000000000000000e+05
4.981000000000000000e+05
5.002000000000000000e+05
3.831000000000000000e+05
5.017000000000000000e+05
4.939000000000000000e+05
5.001000000000000000e+05
3.465000000000000000e+05
5.054000000000000000e+05
4.981000000000000000e+05
4.989000000000000000e+05
1.440000000000000000e+05
4.968000000000000000e+05
4.977000000000000000e+05
5.027000000000000000e+05
3.136000000000000000e+05
4.988000000000000000e+05
5.011000000000000000e+05
4.964000000000000000e+05
1.031000000000000000e+05
4.974000000000000000e+05
5.037000000000000000e+05
5.002000000000000000e+05
7.130000000000000000e+04
5.015000000000000000e+05
5.019000000000000000e+05
4.265000000000000000e+05
7.300000000000000000e+03
4.962000000000000000e+05
4.999000000000000000e+05
5.010000000000000000e+05
2.446000000000000000e+05
5.031000000000000000e+05
5.044000000000000000e+05
4.927000000000000000e+05
6.030000000000000000e+04
4.894000000000000000e+05
5.000000000000000000e+05
4.907000000000000000e+05
4.320000000000000000e+04
4.989000000000000000e+05
4.997000000000000000e+05
3.978000000000000000e+05
1.800000000000000000e+03
5.050000000000000000e+05
4.942000000000000000e+05
4.940000000000000000e+05
2.350000000000000000e+04
4.939000000000000000e+05
5.007000000000000000e+05
3.700000000000000000e+05
3.000000000000000000e+02
5.039000000000000000e+05
5.052000000000000000e+05
3.453000000000000000e+05
5.000000000000000000e+02
4.963000000000000000e+05
4.722000000000000000e+05
1.368000000000000000e+05
0.000000000000000000e+00
1.000000000000000000e+06
5.000000000000000000e+05
5.039000000000000000e+05
5.026000000000000000e+05
5.118000000000000000e+05
4.907000000000000000e+05
4.967000000000000000e+05
5.004000000000000000e+05
5.029000000000000000e+05
4.986000000000000000e+05
4.960000000000000000e+05
5.013000000000000000e+05
4.998000000000000000e+05
5.029000000000000000e+05
4.947000000000000000e+05
5.029000000000000000e+05
4.957000000000000000e+05
4.985000000000000000e+05
4.980000000000000000e+05
4.976000000000000000e+05
4.996000000000000000e+05
5.043000000000000000e+05
4.922000000000000000e+05
5.060000000000000000e+05
4.903000000000000000e+05
4.897000000000000000e+05
4.974000000000000000e+05
4.930000000000000000e+05
5.052000000000000000e+05
5.002000000000000000e+05
4.978000000000000000e+05
4.807000000000000000e+05
4.984000000000000000e+05
4.978000000000000000e+05
4.889000000000000000e+05
4.996000000000000000e+05
5.040000000000000000e+05
4.953000000000000000e+05
4.906000000000000000e+05
5.007000000000000000e+05
5.036000000000000000e+05
5.020000000000000000e+05
4.970000000000000000e+05
4.892000000000000000e+05
4.956000000000000000e+05
4.968000000000000000e+05
4.994000000000000000e+05
4.822000000000000000e+05
5.015000000000000000e+05
4.992000000000000000e+05
4.938000000000000000e+05
4.974000000000000000e+05
4.981000000000000000e+05
4.981000000000000000e+05
5.054000000000000000e+05
4.606000000000000000e+05
5.000000000000000000e+05
4.965000000000000000e+05
4.935000000000000000e+05
4.585000000000000000e+05
4.983000000000000000e+05
5.003000000000000000e+05
4.984000000000000000e+05
2.934000000000000000e+05
4.959000000000000000e+05
5.027000000000000000e+05
4.977000000000000000e+05
4.979000000000000000e+05
4.971000000000000000e+05
4.999000000000000000e+05
5.099000000000000000e+05
5.005000000000000000e+05
4.996000000000000000e+05
4.923000000000000000e+05
4.981000000000000000e+05
4.937000000000000000e+05
5.027000000000000000e+05
5.046000000000000000e+05
4.897000000000000000e+05
4.519000000000000000e+05
5.012000000000000000e+05
4.996000000000000000e+05
4.968000000000000000e+05
4.982000000000000000e+05
4.909000000000000000e+05
4.919000000000000000e+05
5.008000000000000000e+05
4.475000000000000000e+05
4.945000000000000000e+05
4.960000000000000000e+05
5.032000000000000000e+05
4.277000000000000000e+05
4.997000000000000000e+05
5.002000000000000000e+05
4.968000000000000000e+05
2.299000000000000000e+05
4.989000000000000000e+05
4.978000000000000000e+05
4.993000000000000000e+05
4.955000000000000000e+05
4.965000000000000000e+05
5.000000000000000000e+05
5.004000000000000000e+05
4.096000000000000000e+05
5.081000000000000000e+05
4.904000000000000000e+05
5.028000000000000000e+05
3.941000000000000000e+05
5.007000000000000000e+05
4.997000000000000000e+05
4.966000000000000000e+05
1.803000000000000000e+05
4.945000000000000000e+05
4.968000000000000000e+05
5.128000000000000000e+05
3.432000000000000000e+05
5.001000000000000000e+05
5.001000000000000000e+05
4.859000000000000000e+05
1.307000000000000000e+05
5.020000000000000000e+05
4.852000000000000000e+05
4.976000000000000000e+05
9.940000000000000000e+04
5.057000000000000000e+05
5.067000000000000000e+05
4.363000000000000000e+05
1.200000000000000000e+04
5.057000000000000000e+05
5.054000000000000000e+05
4.988000000000000000e+05
4.944000000000000000e+05
5.048000000000000000e+05
4.954000000000000000e+05
5.046000000000000000e+05
5.040000000000000000e+05
4.927000000000000000e+05
4.955000000000000000e+05
5.004000000000000000e+05
4.920000000000000000e+05
4.982000000000000000e+05
4.950000000000000000e+05
4.977000000000000000e+05
4.123000000000000000e+05
5.082000000000000000e+05
4.996000000000000000e+05
4.933000000000000000e+05
4.952000000000000000e+05
5.016000000000000000e+05
5.023000000000000000e+05
4.998000000000000000e+05
3.924000000000000000e+05
4.962000000000000000e+05
4.904000000000000000e+05
4.988000000000000000e+05
3.641000000000000000e+05
5.045000000000000000e+05
5.006000000000000000e+05
4.943000000000000000e+05
1.557000000000000000e+05
4.992000000000000000e+05
4.920000000000000000e+05
4.961000000000000000e+05
4.741000000000000000e+05
5.001000000000000000e+05
5.031000000000000000e+05
4.992000000000000000e+05
3.491000000000000000e+05
4.963000000000000000e+05
5.028000000000000000e+05
5.050000000000000000e+05
3.107000000000000000e+05
5.111000000000000000e+05
5.022000000000000000e+05
5.010000000000000000e+05
1.070000000000000000e+05
5.096000000000000000e+05
5.025000000000000000e+05
4.979000000000000000e+05
2.584000000000000000e+05
5.075000000000000000e+05
4.983000000000000000e+05
4.828000000000000000e+05
6.740000000000000000e+04
4.969000000000000000e+05
4.905000000000000000e+05
4.940000000000000000e+05
4.720000000000000000e+04
5.019000000000000000e+05
4.895000000000000000e+05
4.021000000000000000e+05
2.000000000000000000e+03
5.021000000000000000e+05
4.894000000000000000e+05
4.969000000000000000e+05
4.566000000000000000e+05
4.980000000000000000e+05
5.015000000000000000e+05
5.000000000000000000e+05
2.775000000000000000e+05
4.973000000000000000e+05
4.980000000000000000e+05
4.973000000000000000e+05
2.344000000000000000e+05
4.932000000000000000e+05
4.930000000000000000e+05
4.856000000000000000e+05
5.450000000000000000e+04
4.953000000000000000e+05
4.990000000000000000e+05
5.003000000000000000e+05
1.784000000000000000e+05
4.962000000000000000e+05
4.997000000000000000e+05
4.808000000000000000e+05
3.560000000000000000e+04
5.021000000000000000e+05
5.094000000000000000e+05
4.873000000000000000e+05
2.320000000000000000e+04
4.960000000000000000e+05
5.052000000000000000e+05
3.771000000000000000e+05
7.000000000000000000e+02
5.106000000000000000e+05
4.974000000000000000e+05
4.946000000000000000e+05
1.242000000000000000e+05
4.916000000000000000e+05
4.904000000000000000e+05
4.833000000000000000e+05
1.730000000000000000e+04
4.974000000000000000e+05
4.945000000000000000e+05
4.713000000000000000e+05
1.050000000000000000e+04
4.998000000000000000e+05
4.993000000000000000e+05
3.349000000000000000e+05
2.000000000000000000e+02
5.037000000000000000e+05
5.027000000000000000e+05
4.670000000000000000e+05
5.400000000000000000e+03
4.986000000000000000e+05
4.992000000000000000e+05
2.917000000000000000e+05
0.000000000000000000e+00
4.910000000000000000e+05
4.967000000000000000e+05
2.600000000000000000e+05
0.000000000000000000e+00
4.949000000000000000e+05
4.550000000000000000e+05
7.370000000000000000e+04
0.000000000000000000e+00
5.019000000000000000e+05
4.958000000000000000e+05
5.016000000000000000e+05
4.904000000000000000e+05
4.951000000000000000e+05
5.012000000000000000e+05
4.924000000000000000e+05
4.837000000000000000e+05
5.006000000000000000e+05
5.038000000000000000e+05
5.001000000000000000e+05
4.755000000000000000e+05
4.869000000000000000e+05
5.023000000000000000e+05
5.014000000000000000e+05
3.371000000000000000e+05
4.924000000000000000e+05
4.997000000000000000e+05
5.016000000000000000e+05
4.625000000000000000e+05
5.052000000000000000e+05
4.932000000000000000e+05
5.009000000000000000e+05
2.994000000000000000e+05
4.991000000000000000e+05
4.993000000000000000e+05
5.049000000000000000e+05
2.549000000000000000e+05
4.973000000000000000e+05
5.058000000000000000e+05
4.907000000000000000e+05
7.270000000000000000e+04
4.950000000000000000e+05
5.053000000000000000e+05
5.100000000000000000e+05
4.417000000000000000e+05
5.040000000000000000e+05
5.027000000000000000e+05
4.964000000000000000e+05
2.402000000000000000e+05
4.926000000000000000e+05
4.987000000000000000e+05
4.974000000000000000e+05
2.044000000000000000e+05
4.965000000000000000e+05
5.008000000000000000e+05
4.890000000000000000e+05
4.200000000000000000e+04
5.048000000000000000e+05
5.009000000000000000e+05
4.933000000000000000e+05
1.400000000000000000e+05
4.952000000000000000e+05
5.037000000000000000e+05
4.784000000000000000e+05
2.090000000000000000e+04
5.091000000000000000e+05
4.991000000000000000e+05
4.760000000000000000e+05
1.340000000000000000e+04
5.025000000000000000e+05
5.017000000000000000e+05
3.425000000000000000e+05
3.000000000000000000e+02
4.959000000000000000e+05
5.027000000000000000e+05
4.966000000000000000e+05
3.824000000000000000e+05
5.050000000000000000e+05
4.928000000000000000e+05
4.934000000000000000e+05
1.674000000000000000e+05
5.036000000000000000e+05
4.946000000000000000e+05
4.960000000000000000e+05
1.277000000000000000e+05
4.929000000000000000e+05
5.033000000000000000e+05
4.831000000000000000e+05
1.620000000000000000e+04
5.185000000000000000e+05
5.021000000000000000e+05
4.917000000000000000e+05
8.830000000000000000e+04
4.968000000000000000e+05
5.050000000000000000e+05
4.670000000000000000e+05
9.900000000000000000e+03
5.070000000000000000e+05
5.046000000000000000e+05
4.648000000000000000e+05
5.800000000000000000e+03
5.028000000000000000e+05
4.964000000000000000e+05
3.051000000000000000e+05
0.000000000000000000e+00
5.005000000000000000e+05
5.080000000000000000e+05
5.006000000000000000e+05
5.360000000000000000e+04
4.966000000000000000e+05
5.033000000000000000e+05
4.546000000000000000e+05
5.100000000000000000e+03
4.949000000000000000e+05
5.066000000000000000e+05
4.393000000000000000e+05
2.800000000000000000e+03
4.986000000000000000e+05
4.962000000000000000e+05
2.501000000000000000e+05
0.000000000000000000e+00
5.012000000000000000e+05
4.940000000000000000e+05
4.132000000000000000e+05
1.200000000000000000e+03
4.949000000000000000e+05
4.919000000000000000e+05
2.122000000000000000e+05
0.000000000000000000e+00
4.993000000000000000e+05
5.035000000000000000e+05
1.718000000000000000e+05
0.000000000000000000e+00
4.982000000000000000e+05
4.468000000000000000e+05
3.250000000000000000e+04
0.000000000000000000e+00
4.963000000000000000e+05
5.003000000000000000e+05
5.039000000000000000e+05
2.885000000000000000e+05
5.013000000000000000e+05
4.976000000000000000e+05
4.945000000000000000e+05
9.570000000000000000e+04
5.035000000000000000e+05
5.053000000000000000e+05
4.999000000000000000e+05
7.100000000000000000e+04
5.053000000000000000e+05
5.042000000000000000e+05
4.633000000000000000e+05
4.700000000000000000e+03
4.899000000000000000e+05
5.057000000000000000e+05
4.967000000000000000e+05
4.500000000000000000e+04
5.008000000000000000e+05
5.029000000000000000e+05
4.397000000000000000e+05
2.500000000000000000e+03
4.998000000000000000e+05
5.073000000000000000e+05
4.285000000000000000e+05
1.400000000000000000e+03
5.002000000000000000e+05
5.027000000000000000e+05
2.308000000000000000e+05
0.000000000000000000e+00
5.029000000000000000e+05
5.016000000000000000e+05
4.998000000000000000e+05
2.370000000000000000e+04
4.988000000000000000e+05
5.070000000000000000e+05
4.097000000000000000e+05
1.100000000000000000e+03
5.024000000000000000e+05
5.035000000000000000e+05
3.843000000000000000e+05
7.000000000000000000e+02
4.950000000000000000e+05
4.970000000000000000e+05
1.771000000000000000e+05
0.000000000000000000e+00
5.031000000000000000e+05
5.003000000000000000e+05
3.403000000000000000e+05
3.000000000000000000e+02
5.081000000000000000e+05
5.019000000000000000e+05
1.302000000000000000e+05
0.000000000000000000e+00
4.934000000000000000e+05
5.010000000000000000e+05
9.170000000000000000e+04
0.000000000000000000e+00
4.897000000000000000e+05
4.323000000000000000e+05
9.900000000000000000e+03
0.000000000000000000e+00
4.994000000000000000e+05
5.023000000000000000e+05
4.825000000000000000e+05
1.320000000000000000e+04
5.004000000000000000e+05
4.999000000000000000e+05
3.538000000000000000e+05
5.000000000000000000e+02
4.981000000000000000e+05
4.921000000000000000e+05
3.199000000000000000e+05
0.000000000000000000e+00
5.028000000000000000e+05
4.955000000000000000e+05
1.107000000000000000e+05
0.000000000000000000e+00
5.032000000000000000e+05
5.018000000000000000e+05
2.653000000000000000e+05
0.000000000000000000e+00
4.970000000000000000e+05
5.033000000000000000e+05
7.840000000000000000e+04
0.000000000000000000e+00
5.058000000000000000e+05
4.879000000000000000e+05
4.960000000000000000e+04
0.000000000000000000e+00
4.942000000000000000e+05
4.112000000000000000e+05
2.500000000000000000e+03
0.000000000000000000e+00
5.058000000000000000e+05
4.948000000000000000e+05
2.062000000000000000e+05
0.000000000000000000e+00
4.993000000000000000e+05
4.807000000000000000e+05
4.470000000000000000e+04
0.000000000000000000e+00
4.929000000000000000e+05
4.886000000000000000e+05
2.980000000000000000e+04
0.000000000000000000e+00
4.921000000000000000e+05
3.750000000000000000e+05
6.000000000000000000e+02
0.000000000000000000e+00
5.000000000000000000e+05
4.707000000000000000e+05
1.900000000000000000e+04
0.000000000000000000e+00
4.922000000000000000e+05
3.506000000000000000e+05
3.000000000000000000e+02
0.000000000000000000e+00
4.861000000000000000e+05
3.092000000000000000e+05
4.000000000000000000e+02
0.000000000000000000e+00
3.849000000000000000e+05
1.104000000000000000e+05
0.000000000000000000e+00
0.000000000000000000e+00
