1.000000000000000000e+06
4.920000000000000000e+05
5.047000000000000000e+05
5.022000000000000000e+05
9.937000000000000000e+05
5.034000000000000000e+05
4.977000000000000000e+05
5.031000000000000000e+05
9.796000000000000000e+05
4.887000000000000000e+05
4.993000000000000000e+05
4.972000000000000000e+05
5.059000000000000000e+05
4.973000000000000000e+05
4.925000000000000000e+05
4.892000000000000000e+05
9.152000000000000000e+05
4.968000000000000000e+05
4.988000000000000000e+05
5.015000000000000000e+05
4.926000000000000000e+05
4.938000000000000000e+05
5.098000000000000000e+05
5.037000000000000000e+05
5.057000000000000000e+05
5.064000000000000000e+05
5.054000000000000000e+05
5.004000000000000000e+05
5.041000000000000000e+05
5.076000000000000000e+05
4.998000000000000000e+05
4.971000000000000000e+05
7.265000000000000000e+05
5.051000000000000000e+05
5.030000000000000000e+05
5.042000000000000000e+05
5.013000000000000000e+05
5.092000000000000000e+05
5.006000000000000000e+05
4.970000000000000000e+05
4.955000000000000000e+05
4.947000000000000000e+05
5.034000000000000000e+05
5.029000000000000000e+05
5.017000000000000000e+05
5.011000000000000000e+05
4.978000000000000000e+05
4.870000000000000000e+05
5.056000000000000000e+05
5.033000000000000000e+05
4.985000000000000000e+05
5.057000000000000000e+05
5.048000000000000000e+05
4.972000000000000000e+05
5.062000000000000000e+05
4.899000000000000000e+05
4.987000000000000000e+05
4.948000000000000000e+05
5.075000000000000000e+05
4.922000000000000000e+05
5.058000000000000000e+05
5.007000000000000000e+05
5.003000000000000000e+05
3.549000000000000000e+05
5.386000000000000000e+05
4.983000000000000000e+05
4.905000000000000000e+05
5.076000000000000000e+05
4.945000000000000000e+05
5.034000000000000000e+05
4.908000000000000000e+05
4.995000000000000000e+05
5.078000000000000000e+05
5.006000000000000000e+05
5.042000000000000000e+05
5.087000000000000000e+05
5.034000000000000000e+05
4.979000000000000000e+05
5.001000000000000000e+05
4.864000000000000000e+05
5.023000000000000000e+05
4.949000000000000000e+05
4.987000000000000000e+05
5.012000000000000000e+05
4.948000000000000000e+05
5.038000000000000000e+05
5.019000000000000000e+05
4.775000000000000000e+05
5.034000000000000000e+05
4.888000000000000000e+05
4.988000000000000000e+05
4.658000000000000000e+05
4.990000000000000000e+05
5.037000000000000000e+05
4.913000000000000000e+05
3.124000000000000000e+05
5.089000000000000000e+05
5.017000000000000000e+05
5.047000000000000000e+05
4.934000000000000000e+05
4.983000000000000000e+05
5.096000000000000000e+05
5.015000000000000000e+05
4.502000000000000000e+05
5.052000000000000000e+05
5.069000000000000000e+05
4.994000000000000000e+05
4.442000000000000000e+05
5.081000000000000000e+05
4.945000000000000000e+05
4.905000000000000000e+05
2.570000000000000000e+05
5.083000000000000000e+05
5.062000000000000000e+05
4.971000000000000000e+05
4.169000000000000000e+05
4.875000000000000000e+05
5.023000000000000000e+05
4.877000000000000000e+05
1.999000000000000000e+05
4.959000000000000000e+05
5.024000000000000000e+05
4.943000000000000000e+05
1.630000000000000000e+05
5.025000000000000000e+05
5.079000000000000000e+05
3.763000000000000000e+05
2.520000000000000000e+04
5.053000000000000000e+05
5.011000000000000000e+05
4.969000000000000000e+05
5.016000000000000000e+05
5.014000000000000000e+05
4.933000000000000000e+05
4.969000000000000000e+05
5.032000000000000000e+05
5.005000000000000000e+05
4.968000000000000000e+05
5.042000000000000000e+05
4.972000000000000000e+05
4.956000000000000000e+05
4.989000000000000000e+05
5.066000000000000000e+05
4.587000000000000000e+05
5.064000000000000000e+05
4.979000000000000000e+05
5.019000000000000000e+05
4.954000000000000000e+05
4.962000000000000000e+05
4.937000000000000000e+05
4.987000000000000000e+05
4.419000000000000000e+05
4.991000000000000000e+05
4.940000000000000000e+05
4.981000000000000000e+05
4.323000000000000000e+05
4.950000000000000000e+05
4.982000000000000000e+05
4.861000000000000000e+05
2.329000000000000000e+05
4.992000000000000000e+05
4.995000000000000000e+05
4.971000000000000000e+05
4.858000000000000000e+05
5.000000000000000000e+05
5.008000000000000000e+05
4.994000000000000000e+05
4.098000000000000000e+05
5.001000000000000000e+05
4.999000000000000000e+05
4.940000000000000000e+05
3.782000000000000000e+05
5.031000000000000000e+05
4.986000000000000000e+05
4.874000000000000000e+05
1.736000000000000000e+05
4.982000000000000000e+05
4.951000000000000000e+05
4.915000000000000000e+05
3.399000000000000000e+05
4.948000000000000000e+05
4.938000000000000000e+05
4.802000000000000000e+05
1.196000000000000000e+05
5.038000000000000000e+05
4.980000000000000000e+05
4.751000000000000000e+05
9.040000000000000000e+04
5.011000000000000000e+05
4.900000000000000000e+05
3.205000000000000000e+05
6.900000000000000000e+03
4.964000000000000000e+05
5.044000000000000000e+05
4.970000000000000000e+05
4.728000000000000000e+05
4.948000000000000000e+05
5.001000000000000000e+05
5.026000000000000000e+05
3.489000000000000000e+05
5.045000000000000000e+05
5.016000000000000000e+05
4.918000000000000000e+05
3.130000000000000000e+05
5.064000000000000000e+05
4.907000000000000000e+05
4.717000000000000000e+05
1.026000000000000000e+05
5.082000000000000000e+05
5.025000000000000000e+05
4.981000000000000000e+05
2.535000000000000000e+05
5.079000000000000000e+05
5.070000000000000000e+05
4.673000000000000000e+05
6.530000000000000000e+04
4.991000000000000000e+05
4.991000000000000000e+05
4.570000000000000000e+05
4.690000000000000000e+04
4.921000000000000000e+05
4.951000000000000000e+05
2.737000000000000000e+05
2.000000000000000000e+03
5.050000000000000000e+05
5.010000000000000000e+05
5.008000000000000000e+05
1.905000000000000000e+05
4.962000000000000000e+05
4.981000000000000000e+05
4.478000000000000000e+05
3.760000000000000000e+04
4.964000000000000000e+05
5.023000000000000000e+05
4.190000000000000000e+05
2.190000000000000000e+04
4.995000000000000000e+05
4.986000000000000000e+05
2.219000000000000000e+05
6.000000000000000000e+02
4.983000000000000000e+05
4.961000000000000000e+05
3.898000000000000000e+05
1.180000000000000000e+04
4.993000000000000000e+05
5.004000000000000000e+05
1.754000000000000000e+05
0.000000000000000000e+00
5.032000000000000000e+05
4.969000000000000000e+05
1.365000000000000000e+05
1.000000000000000000e+02
5.021000000000000000e+05
4.360000000000000000e+05
2.030000000000000000e+04
0.000000000000000000e+00
4.989000000000000000e+05
4.987000000000000000e+05
4.990000000000000000e+05
5.042000000000000000e+05
4.975000000000000000e+05
4.978000000000000000e+05
5.055000000000000000e+05
4.965000000000000000e+05
5.032000000000000000e+05
5.010000000000000000e+05
4.932000000000000000e+05
4.846000000000000000e+05
4.951000000000000000e+05
5.009000000000000000e+05
4.975000000000000000e+05
4.029000000000000000e+05
5.010000000000000000e+05
4.952000000000000000e+05
4.991000000000000000e+05
4.888000000000000000e+05
4.945000000000000000e+05
5.051000000000000000e+05
4.900000000000000000e+05
3.617000000000000000e+05
5.038000000000000000e+05
4.983000000000000000e+05
4.987000000000000000e+05
3.283000000000000000e+05
5.093000000000000000e+05
4.987000000000000000e+05
4.748000000000000000e+05
1.198000000000000000e+05
5.056000000000000000e+05
4.979000000000000000e+05
4.996000000000000000e+05
4.678000000000000000e+05
5.000000000000000000e+05
5.031000000000000000e+05
4.997000000000000000e+05
3.130000000000000000e+05
5.042000000000000000e+05
5.066000000000000000e+05
5.015000000000000000e+05
2.657000000000000000e+05
5.038000000000000000e+05
4.988000000000000000e+05
4.707000000000000000e+05
7.610000000000000000e+04
5.012000000000000000e+05
4.991000000000000000e+05
4.880000000000000000e+05
2.098000000000000000e+05
5.037000000000000000e+05
5.021000000000000000e+05
4.486000000000000000e+05
4.530000000000000000e+04
4.987000000000000000e+05
5.039000000000000000e+05
4.372000000000000000e+05
2.920000000000000000e+04
4.970000000000000000e+05
4.833000000000000000e+05
2.455000000000000000e+05
9.000000000000000000e+02
5.060000000000000000e+05
5.005000000000000000e+05
4.950000000000000000e+05
4.255000000000000000e+05
4.859000000000000000e+05
4.951000000000000000e+05
5.007000000000000000e+05
2.250000000000000000e+05
4.986000000000000000e+05
5.012000000000000000e+05
4.964000000000000000e+05
1.843000000000000000e+05
5.030000000000000000e+05
4.992000000000000000e+05
4.370000000000000000e+05
3.560000000000000000e+04
4.999000000000000000e+05
5.050000000000000000e+05
5.005000000000000000e+05
1.362000000000000000e+05
4.962000000000000000e+05
4.932000000000000000e+05
4.103000000000000000e+05
1.650000000000000000e+04
4.920000000000000000e+05
5.045000000000000000e+05
3.953000000000000000e+05
1.270000000000000000e+04
4.954000000000000000e+05
5.023000000000000000e+05
1.903000000000000000e+05
1.000000000000000000e+02
4.991000000000000000e+05
5.053000000000000000e+05
4.958000000000000000e+05
9.300000000000000000e+04
4.925000000000000000e+05
4.932000000000000000e+05
3.700000000000000000e+05
7.200000000000000000e+03
4.946000000000000000e+05
5.063000000000000000e+05
3.325000000000000000e+05
3.000000000000000000e+03
4.835000000000000000e+05
4.986000000000000000e+05
1.235000000000000000e+05
0.000000000000000000e+00
5.002000000000000000e+05
4.997000000000000000e+05
2.939000000000000000e+05
2.500000000000000000e+03
5.016000000000000000e+05
4.949000000000000000e+05
9.360000000000000000e+04
0.000000000000000000e+00
4.980000000000000000e+05
4.883000000000000000e+05
6.470000000000000000e+04
0.000000000000000000e+00
5.043000000000000000e+05
4.224000000000000000e+05
4.800000000000000000e+03
0.000000000000000000e+00
5.035000000000000000e+05
5.077000000000000000e+05
4.988000000000000000e+05
3.512000000000000000e+05
4.992000000000000000e+05
4.913000000000000000e+05
5.018000000000000000e+05
1.376000000000000000e+05
4.984000000000000000e+05
4.958000000000000000e+05
4.837000000000000000e+05
1.057000000000000000e+05
4.930000000000000000e+05
4.974000000000000000e+05
3.847000000000000000e+05
9.400000000000000000e+03
4.991000000000000000e+05
5.016000000000000000e+05
4.771000000000000000e+05
7.030000000000000000e+04
5.040000000000000000e+05
5.111000000000000000e+05
3.476000000000000000e+05
4.500000000000000000e+03
4.964000000000000000e+05
4.991000000000000000e+05
3.144000000000000000e+05
2.800000000000000000e+03
4.960000000000000000e+05
4.994000000000000000e+05
1.089000000000000000e+05
0.000000000000000000e+00
5.066000000000000000e+05
5.003000000000000000e+05
4.642000000000000000e+05
4.140000000000000000e+04
5.024000000000000000e+05
4.948000000000000000e+05
2.945000000000000000e+05
1.700000000000000000e+03
4.999000000000000000e+05
4.953000000000000000e+05
2.551000000000000000e+05
1.000000000000000000e+03
4.946000000000000000e+05
4.926000000000000000e+05
7.160000000000000000e+04
0.000000000000000000e+00
5.016000000000000000e+05
4.946000000000000000e+05
2.011000000000000000e+05
5.000000000000000000e+02
5.041000000000000000e+05
4.892000000000000000e+05
4.360000000000000000e+04
0.000000000000000000e+00
4.917000000000000000e+05
4.954000000000000000e+05
2.650000000000000000e+04
0.000000000000000000e+00
4.972000000000000000e+05
3.856000000000000000e+05
8.000000000000000000e+02
0.000000000000000000e+00
4.900000000000000000e+05
4.997000000000000000e+05
4.282000000000000000e+05
2.230000000000000000e+04
5.001000000000000000e+05
5.041000000000000000e+05
2.187000000000000000e+05
8.000000000000000000e+02
4.962000000000000000e+05
4.903000000000000000e+05
1.785000000000000000e+05
1.000000000000000000e+02
4.986000000000000000e+05
4.875000000000000000e+05
3.420000000000000000e+04
0.000000000000000000e+00
5.048000000000000000e+05
5.010000000000000000e+05
1.294000000000000000e+05
1.000000000000000000e+02
5.069000000000000000e+05
4.906000000000000000e+05
1.760000000000000000e+04
0.000000000000000000e+00
4.986000000000000000e+05
4.802000000000000000e+05
1.000000000000000000e+04
0.000000000000000000e+00
5.029000000000000000e+05
3.566000000000000000e+05
2.000000000000000000e+02
0.000000000000000000e+00
4.980000000000000000e+05
4.989000000000000000e+05
8.850000000000000000e+04
0.000000000000000000e+00
5.002000000000000000e+05
4.676000000000000000e+05
8.300000000000000000e+03
0.000000000000000000e+00
4.996000000000000000e+05
4.647000000000000000e+05
4.700000000000000000e+03
0.000000000000000000e+00
4.991000000000000000e+05
3.164000000000000000e+05
0.000000000000000000e+00
0.000000000000000000e+00
5.004000000000000000e+05
4.379000000000000000e+05
3.400000000000000000e+03
0.000000000000000000e+00
5.060000000000000000e+05
2.672000000000000000e+05
0.000000000000000000e+00
0.000000000000000000e+00
5.098000000000000000e+05
2.264000000000000000e+05
0.000000000000000000e+00
0.000000000000000000e+00
4.913000000000000000e+05
5.840000000000000000e+04
0.000000000000000000e+00
0.000000000000000000e+00
4.995000000000000000e+05
5.000000000000000000e+05
5.033000000000000000e+05
5.002000000000000000e+05
5.004000000000000000e+05
5.042000000000000000e+05
5.002000000000000000e+05
4.756000000000000000e+05
5.005000000000000000e+05
4.952000000000000000e+05
4.929000000000000000e+05
4.502000000000000000e+05
5.004000000000000000e+05
4.963000000000000000e+05
4.919000000000000000e+05
2.865000000000000000e+05
5.014000000000000000e+05
4.913000000000000000e+05
5.136000000000000000e+05
4.350000000000000000e+05
4.989000000000000000e+05
4.963000000000000000e+05
5.077000000000000000e+05
2.326000000000000000e+05
5.040000000000000000e+05
5.081000000000000000e+05
4.902000000000000000e+05
1.838000000000000000e+05
5.050000000000000000e+05
5.012000000000000000e+05
4.428000000000000000e+05
3.500000000000000000e+04
5.038000000000000000e+05
4.919000000000000000e+05
5.020000000000000000e+05
3.861000000000000000e+05
5.026000000000000000e+05
4.944000000000000000e+05
5.026000000000000000e+05
1.661000000000000000e+05
5.054000000000000000e+05
5.021000000000000000e+05
5.012000000000000000e+05
1.276000000000000000e+05
4.914000000000000000e+05
5.027000000000000000e+05
4.128000000000000000e+05
1.800000000000000000e+04
5.003000000000000000e+05
5.015000000000000000e+05
4.898000000000000000e+05
9.110000000000000000e+04
4.955000000000000000e+05
4.972000000000000000e+05
3.788000000000000000e+05
8.000000000000000000e+03
5.052000000000000000e+05
5.060000000000000000e+05
3.478000000000000000e+05
4.000000000000000000e+03
5.019000000000000000e+05
4.881000000000000000e+05
1.391000000000000000e+05
0.000000000000000000e+00
5.041000000000000000e+05
4.973000000000000000e+05
4.993000000000000000e+05
3.052000000000000000e+05
5.041000000000000000e+05
4.976000000000000000e+05
4.875000000000000000e+05
1.053000000000000000e+05
4.963000000000000000e+05
5.036000000000000000e+05
4.840000000000000000e+05
7.480000000000000000e+04
5.034000000000000000e+05
5.071000000000000000e+05
3.587000000000000000e+05
5.600000000000000000e+03
5.010000000000000000e+05
4.920000000000000000e+05
4.754000000000000000e+05
4.590000000000000000e+04
5.013000000000000000e+05
5.063000000000000000e+05
3.189000000000000000e+05
2.300000000000000000e+03
5.004000000000000000e+05
5.048000000000000000e+05
2.844000000000000000e+05
1.300000000000000000e+03
5.060000000000000000e+05
4.953000000000000000e+05
8.010000000000000000e+04
0.000000000000000000e+00
5.023000000000000000e+05
5.019000000000000000e+05
4.419000000000000000e+05
2.620000000000000000e+04
4.899000000000000000e+05
5.003000000000000000e+05
2.535000000000000000e+05
4.000000000000000000e+02
4.971000000000000000e+05
4.980000000000000000e+05
2.188000000000000000e+05
3.000000000000000000e+02
4.928000000000000000e+05
4.900000000000000000e+05
5.030000000000000000e+04
0.000000000000000000e+00
4.967000000000000000e+05
4.979000000000000000e+05
1.575000000000000000e+05
2.000000000000000000e+02
4.950000000000000000e+05
4.840000000000000000e+05
2.610000000000000000e+04
0.000000000000000000e+00
4.927000000000000000e+05
4.833000000000000000e+05
1.900000000000000000e+04
0.000000000000000000e+00
4.965000000000000000e+05
3.722000000000000000e+05
5.000000000000000000e+02
0.000000000000000000e+00
5.035000000000000000e+05
4.960000000000000000e+05
5.040000000000000000e+05
2.216000000000000000e+05
4.972000000000000000e+05
4.954000000000000000e+05
4.645000000000000000e+05
4.870000000000000000e+04
5.067000000000000000e+05
4.923000000000000000e+05
4.485000000000000000e+05
3.250000000000000000e+04
5.002000000000000000e+05
4.909000000000000000e+05
2.750000000000000000e+05
1.400000000000000000e+03
4.989000000000000000e+05
5.093000000000000000e+05
4.312000000000000000e+05
1.840000000000000000e+04
5.015000000000000000e+05
5.070000000000000000e+05
2.302000000000000000e+05
7.000000000000000000e+02
4.988000000000000000e+05
5.036000000000000000e+05
1.901000000000000000e+05
0.000000000000000000e+00
4.984000000000000000e+05
4.850000000000000000e+05
3.600000000000000000e+04
0.000000000000000000e+00
5.013000000000000000e+05
4.998000000000000000e+05
3.857000000000000000e+05
1.220000000000000000e+04
4.965000000000000000e+05
4.971000000000000000e+05
1.646000000000000000e+05
1.000000000000000000e+02
4.992000000000000000e+05
5.002000000000000000e+05
1.306000000000000000e+05
0.000000000000000000e+00
5.094000000000000000e+05
4.830000000000000000e+05
1.930000000000000000e+04
0.000000000000000000e+00
4.953000000000000000e+05
4.968000000000000000e+05
9.050000000000000000e+04
0.000000000000000000e+00
5.102000000000000000e+05
4.740000000000000000e+05
7.600000000000000000e+03
0.000000000000000000e+00
4.981000000000000000e+05
4.731000000000000000e+05
6.100000000000000000e+03
0.000000000000000000e+00
5.016000000000000000e+05
3.134000000000000000e+05
1.000000000000000000e+02
0.000000000000000000e+00
4.951000000000000000e+05
4.966000000000000000e+05
3.155000000000000000e+05
5.400000000000000000e+03
5.018000000000000000e+05
5.078000000000000000e+05
1.040000000000000000e+05
1.000000000000000000e+02
5.093000000000000000e+05
4.947000000000000000e+05
7.670000000000000000e+04
0.000000000000000000e+00
5.089000000000000000e+05
4.718000000000000000e+05
6.500000000000000000e+03
0.000000000000000000e+00
4.909000000000000000e+05
4.945000000000000000e+05
5.100000000000000000e+04
0.000000000000000000e+00
5.065000000000000000e+05
4.595000000000000000e+05
2.500000000000000000e+03
0.000000000000000000e+00
5.082000000000000000e+05
4.487000000000000000e+05
1.800000000000000000e+03
0.000000000000000000e+00
5.064000000000000000e+05
2.769000000000000000e+05
0.000000000000000000e+00
0.000000000000000000e+00
4.923000000000000000e+05
4.870000000000000000e+05
3.090000000000000000e+04
0.000000000000000000e+00
5.033000000000000000e+05
4.337000000000000000e+05
1.700000000000000000e+03
0.000000000000000000e+00
5.093000000000000000e+05
4.230000000000000000e+05
7.000000000000000000e+02
0.000000000000000000e+00
4.883000000000000000e+05
2.209000000000000000e+05
0.000000000000000000e+00
0.000000000000000000e+00
4.989000000000000000e+05
3.912000000000000000e+05
6.000000000000000000e+02
0.000000000000000000e+00
5.098000000000000000e+05
1.738000000000000000e+05
0.000000000000000000e+00
0.000000000000000000e+00
5.056000000000000000e+05
1.410000000000000000e+05
0.000000000000000000e+00
0.000000000000000000e+00
4.631000000000000000e+05
2.120000000000000000e+04
0.000000000000000000e+00
0.000000000000000000e+00
4.971000000000000000e+05
5.010000000000000000e+05
5.029000000000000000e+05
1.410000000000000000e+05
4.901000000000000000e+05
5.038000000000000000e+05
4.183000000000000000e+05
2.060000000000000000e+04
4.885000000000000000e+05
4.946000000000000000e+05
3.780000000000000000e+05
1.290000000000000000e+04
4.940000000000000000e+05
5.071000000000000000e+05
1.856000000000000000e+05
5.000000000000000000e+02
5.004000000000000000e+05
4.908000000000000000e+05
3.446000000000000000e+05
6.800000000000000000e+03
5.020000000000000000e+05
4.997000000000000000e+05
1.327000000000000000e+05
0.000000000000000000e+00
5.003000000000000000e+05
4.961000000000000000e+05
9.700000000000000000e+04
0.000000000000000000e+00
5.110000000000000000e+05
4.806000000000000000e+05
1.010000000000000000e+04
0.000000000000000000e+00
5.026000000000000000e+05
4.991000000000000000e+05
2.749000000000000000e+05
3.100000000000000000e+03
4.986000000000000000e+05
4.981000000000000000e+05
7.480000000000000000e+04
0.000000000000000000e+00
5.036000000000000000e+05
5.113000000000000000e+05
5.670000000000000000e+04
0.000000000000000000e+00
5.146000000000000000e+05
4.616000000000000000e+05
3.600000000000000000e+03
0.000000000000000000e+00
5.017000000000000000e+05
4.933000000000000000e+05
3.540000000000000000e+04
0.000000000000000000e+00
5.122000000000000000e+05
4.507000000000000000e+05
1.600000000000000000e+03
0.000000000000000000e+00
4.957000000000000000e+05
4.451000000000000000e+05
1.200000000000000000e+03
0.000000000000000000e+00
4.982000000000000000e+05
2.445000000000000000e+05
0.000000000000000000e+00
0.000000000000000000e+00
5.071000000000000000e+05
4.932000000000000000e+05
2.074000000000000000e+05
1.000000000000000000e+03
5.008000000000000000e+05
4.998000000000000000e+05
4.480000000000000000e+04
0.000000000000000000e+00
5.003000000000000000e+05
4.954000000000000000e+05
2.990000000000000000e+04
0.000000000000000000e+00
5.003000000000000000e+05
4.414000000000000000e+05
1.300000000000000000e+03
0.000000000000000000e+00
4.972000000000000000e+05
4.951000000000000000e+05
1.820000000000000000e+04
0.000000000000000000e+00
5.024000000000000000e+05
4.109000000000000000e+05
5.000000000000000000e+02
0.000000000000000000e+00
4.983000000000000000e+05
3.900000000000000000e+05
3.000000000000000000e+02
0.000000000000000000e+00
4.940000000000000000e+05
1.955000000000000000e+05
0.000000000000000000e+00
0.000000000000000000e+00
4.915000000000000000e+05
4.952000000000000000e+05
1.040000000000000000e+04
0.000000000000000000e+00
4.987000000000000000e+05
3.778000000000000000e+05
0.000000000000000000e+00
0.000000000000000000e+00
4.944000000000000000e+05
3.379000000000000000e+05
0.000000000000000000e+00
0.000000000000000000e+00
5.002000000000000000e+05
1.354000000000000000e+05
0.000000000000000000e+00
0.000000000000000000e+00
5.009000000000000000e+05
2.959000000000000000e+05
0.000000000000000000e+00
0.000000000000000000e+00
4.958000000000000000e+05
9.340000000000000000e+04
0.000000000000000000e+00
0.000000000000000000e+00
4.953000000000000000e+05
6.660000000000000000e+04
0.000000000000000000e+00
0.000000000000000000e+00
4.449000000000000000e+05
4.200000000000000000e+03
0.000000000000000000e+00
0.000000000000000000e+00
4.966000000000000000e+05
4.967000000000000000e+05
1.376000000000000000e+05
3.000000000000000000e+02
4.996000000000000000e+05
4.858000000000000000e+05
1.960000000000000000e+04
0.000000000000000000e+00
5.028000000000000000e+05
4.771000000000000000e+05
1.380000000000000000e+04
0.000000000000000000e+00
4.997000000000000000e+05
3.870000000000000000e+05
3.000000000000000000e+02
0.000000000000000000e+00
5.009000000000000000e+05
4.730000000000000000e+05
7.000000000000000000e+03
0.000000000000000000e+00
5.105000000000000000e+05
3.562000000000000000e+05
0.000000000000000000e+00
0.000000000000000000e+00
5.018000000000000000e+05
3.185000000000000000e+05
0.000000000000000000e+00
0.000000000000000000e+00
5.048000000000000000e+05
1.098000000000000000e+05
0.000000000000000000e+00
0.000000000000000000e+00
5.004000000000000000e+05
4.625000000000000000e+05
4.600000000000000000e+03
0.000000000000000000e+00
5.002000000000000000e+05
2.980000000000000000e+05
0.000000000000000000e+00
0.000000000000000000e+00
4.924000000000000000e+05
2.592000000000000000e+05
0.000000000000000000e+00
0.000000000000000000e+00
4.952000000000000000e+05
7.150000000000000000e+04
0.000000000000000000e+00
0.000000000000000000e+00
4.965000000000000000e+05
2.122000000000000000e+05
0.000000000000000000e+00
0.000000000000000000e+00
4.962000000000000000e+05
4.360000000000000000e+04
0.000000000000000000e+00
0.000000000000000000e+00
4.946000000000000000e+05
2.840000000000000000e+04
0.000000000000000000e+00
0.000000000000000000e+00
4.254000000000000000e+05
1.100000000000000000e+03
0.000000000000000000e+00
0.000000000000000000e+00
5.038000000000000000e+05
4.269000000000000000e+05
3.000000000000000000e+03
0.000000000000000000e+00
4.945000000000000000e+05
2.301000000000000000e+05
0.000000000000000000e+00
0.000000000000000000e+00
4.981000000000000000e+05
1.894000000000000000e+05
0.000000000000000000e+00
0.000000000000000000e+00
5.016000000000000000e+05
3.860000000000000000e+04
0.000000000000000000e+00
0.000000000000000000e+00
4.927000000000000000e+05
1.365000000000000000e+05
0.000000000000000000e+00
0.000000000000000000e+00
4.978000000000000000e+05
2.080000000000000000e+04
0.000000000000000000e+00
0.000000000000000000e+00
4.841000000000000000e+05
1.330000000000000000e+04
0.000000000000000000e+00
0.000000000000000000e+00
4.047000000000000000e+05
1.000000000000000000e+02
0.000000000000000000e+00
0.000000000000000000e+00
4.987000000000000000e+05
9.810000000000000000e+04
0.000000000000000000e+00
0.000000000000000000e+00
4.842000000000000000e+05
1.030000000000000000e+04
0.000000000000000000e+00
0.000000000000000000e+00
4.813000000000000000e+05
5.500000000000000000e+03
0.000000000000000000e+00
0.000000000000000000e+00
3.701000000000000000e+05
1.000000000000000000e+02
0.000000000000000000e+00
0.000000000000000000e+00
4.813000000000000000e+05
3.500000000000000000e+03
0.000000000000000000e+00
0.000000000000000000e+00
3.379000000000000000e+05
0.000000000000000000e+00
0.000000000000000000e+00
0.000000000000000000e+00
3.023000000000000000e+05
0.000000000000000000e+00
0.000000000000000000e+00
0.000000000000000000e+00
1.033000000000000000e+05
0.000000000000000000e+00
0.000000000000000000e+00
0.000000000000000000e+00
