1.000000000000000000e+06
1.000000000000000000e+06
5.030000000000000000e+05
4.955000000000000000e+05
1.000000000000000000e+06
4.938000000000000000e+05
4.995000000000000000e+05
5.031000000000000000e+05
1.000000000000000000e+06
4.996000000000000000e+05
4.948000000000000000e+05
5.091000000000000000e+05
4.970000000000000000e+05
4.949000000000000000e+05
5.001000000000000000e+05
5.026000000000000000e+05
1.000000000000000000e+06
4.975000000000000000e+05
4.914000000000000000e+05
5.003000000000000000e+05
5.015000000000000000e+05
5.040000000000000000e+05
4.990000000000000000e+05
5.035000000000000000e+05
5.008000000000000000e+05
5.025000000000000000e+05
4.944000000000000000e+05
5.056000000000000000e+05
5.049000000000000000e+05
5.036000000000000000e+05
4.898000000000000000e+05
4.921000000000000000e+05
1.000000000000000000e+06
4.932000000000000000e+05
4.979000000000000000e+05
5.086000000000000000e+05
4.920000000000000000e+05
5.023000000000000000e+05
4.956000000000000000e+05
4.974000000000000000e+05
4.896000000000000000e+05
4.985000000000000000e+05
4.961000000000000000e+05
5.052000000000000000e+05
5.046000000000000000e+05
4.962000000000000000e+05
5.074000000000000000e+05
5.015000000000000000e+05
4.980000000000000000e+05
5.023000000000000000e+05
5.041000000000000000e+05
4.986000000000000000e+05
4.965000000000000000e+05
5.064000000000000000e+05
4.955000000000000000e+05
5.023000000000000000e+05
4.895000000000000000e+05
4.947000000000000000e+05
5.018000000000000000e+05
4.995000000000000000e+05
5.090000000000000000e+05
5.033000000000000000e+05
4.960000000000000000e+05
4.943000000000000000e+05
1.000000000000000000e+06
4.955000000000000000e+05
5.013000000000000000e+05
4.949000000000000000e+05
4.910000000000000000e+05
5.024000000000000000e+05
4.982000000000000000e+05
4.966000000000000000e+05
5.010000000000000000e+05
5.035000000000000000e+05
4.945000000000000000e+05
4.950000000000000000e+05
5.009000000000000000e+05
5.020000000000000000e+05
5.061000000000000000e+05
5.027000000000000000e+05
4.976000000000000000e+05
5.007000000000000000e+05
5.041000000000000000e+05
5.134000000000000000e+05
5.008000000000000000e+05
5.033000000000000000e+05
4.946000000000000000e+05
4.988000000000000000e+05
4.987000000000000000e+05
5.014000000000000000e+05
5.005000000000000000e+05
4.976000000000000000e+05
4.983000000000000000e+05
4.984000000000000000e+05
5.012000000000000000e+05
4.962000000000000000e+05
4.986000000000000000e+05
4.971000000000000000e+05
4.963000000000000000e+05
4.964000000000000000e+05
5.046000000000000000e+05
4.980000000000000000e+05
5.018000000000000000e+05
5.012000000000000000e+05
4.978000000000000000e+05
5.027000000000000000e+05
5.005000000000000000e+05
5.044000000000000000e+05
5.027000000000000000e+05
5.006000000000000000e+05
4.902000000000000000e+05
4.880000000000000000e+05
4.952000000000000000e+05
4.978000000000000000e+05
5.024000000000000000e+05
4.917000000000000000e+05
4.955000000000000000e+05
5.024000000000000000e+05
4.994000000000000000e+05
4.908000000000000000e+05
5.012000000000000000e+05
4.997000000000000000e+05
5.009000000000000000e+05
4.792000000000000000e+05
4.977000000000000000e+05
5.054000000000000000e+05
4.890000000000000000e+05
3.684000000000000000e+05
1.000000000000000000e+06
4.966000000000000000e+05
4.971000000000000000e+05
4.903000000000000000e+05
5.031000000000000000e+05
5.029000000000000000e+05
4.991000000000000000e+05
5.019000000000000000e+05
4.921000000000000000e+05
5.062000000000000000e+05
4.995000000000000000e+05
4.988000000000000000e+05
5.018000000000000000e+05
4.953000000000000000e+05
5.035000000000000000e+05
4.941000000000000000e+05
5.026000000000000000e+05
5.017000000000000000e+05
4.997000000000000000e+05
5.042000000000000000e+05
4.921000000000000000e+05
5.061000000000000000e+05
5.044000000000000000e+05
4.983000000000000000e+05
4.982000000000000000e+05
5.053000000000000000e+05
4.937000000000000000e+05
4.951000000000000000e+05
4.988000000000000000e+05
5.013000000000000000e+05
4.960000000000000000e+05
4.866000000000000000e+05
5.084000000000000000e+05
4.990000000000000000e+05
4.934000000000000000e+05
5.061000000000000000e+05
4.995000000000000000e+05
4.990000000000000000e+05
5.022000000000000000e+05
5.013000000000000000e+05
4.905000000000000000e+05
4.925000000000000000e+05
5.015000000000000000e+05
5.093000000000000000e+05
5.013000000000000000e+05
4.965000000000000000e+05
5.041000000000000000e+05
4.848000000000000000e+05
5.012000000000000000e+05
4.970000000000000000e+05
5.049000000000000000e+05
5.044000000000000000e+05
4.990000000000000000e+05
5.003000000000000000e+05
4.932000000000000000e+05
4.758000000000000000e+05
5.028000000000000000e+05
4.992000000000000000e+05
5.038000000000000000e+05
4.742000000000000000e+05
5.040000000000000000e+05
5.010000000000000000e+05
4.964000000000000000e+05
3.237000000000000000e+05
5.000000000000000000e+05
4.975000000000000000e+05
5.036000000000000000e+05
5.068000000000000000e+05
4.933000000000000000e+05
5.063000000000000000e+05
4.883000000000000000e+05
4.975000000000000000e+05
5.001000000000000000e+05
4.990000000000000000e+05
5.105000000000000000e+05
5.004000000000000000e+05
4.913000000000000000e+05
4.983000000000000000e+05
5.087000000000000000e+05
4.653000000000000000e+05
5.010000000000000000e+05
5.016000000000000000e+05
4.960000000000000000e+05
5.021000000000000000e+05
4.970000000000000000e+05
5.015000000000000000e+05
5.018000000000000000e+05
4.605000000000000000e+05
4.904000000000000000e+05
5.026000000000000000e+05
4.995000000000000000e+05
4.443000000000000000e+05
4.975000000000000000e+05
4.997000000000000000e+05
4.980000000000000000e+05
2.673000000000000000e+05
4.983000000000000000e+05
5.003000000000000000e+05
5.053000000000000000e+05
4.981000000000000000e+05
5.019000000000000000e+05
5.044000000000000000e+05
5.000000000000000000e+05
4.305000000000000000e+05
5.017000000000000000e+05
5.077000000000000000e+05
4.982000000000000000e+05
4.168000000000000000e+05
5.032000000000000000e+05
5.035000000000000000e+05
5.020000000000000000e+05
2.100000000000000000e+05
5.085000000000000000e+05
5.077000000000000000e+05
4.977000000000000000e+05
3.746000000000000000e+05
5.064000000000000000e+05
4.992000000000000000e+05
4.883000000000000000e+05
1.632000000000000000e+05
5.013000000000000000e+05
5.008000000000000000e+05
4.871000000000000000e+05
1.303000000000000000e+05
5.023000000000000000e+05
5.064000000000000000e+05
4.170000000000000000e+05
1.790000000000000000e+04
1.000000000000000000e+06
5.086000000000000000e+05
4.955000000000000000e+05
4.975000000000000000e+05
5.036000000000000000e+05
5.039000000000000000e+05
5.100000000000000000e+05
5.066000000000000000e+05
4.992000000000000000e+05
4.934000000000000000e+05
4.918000000000000000e+05
4.962000000000000000e+05
5.045000000000000000e+05
5.004000000000000000e+05
4.945000000000000000e+05
5.044000000000000000e+05
5.036000000000000000e+05
5.044000000000000000e+05
4.991000000000000000e+05
5.104000000000000000e+05
5.022000000000000000e+05
5.003000000000000000e+05
5.032000000000000000e+05
4.977000000000000000e+05
4.968000000000000000e+05
4.986000000000000000e+05
4.936000000000000000e+05
5.019000000000000000e+05
5.048000000000000000e+05
4.956000000000000000e+05
4.935000000000000000e+05
4.749000000000000000e+05
4.966000000000000000e+05
5.000000000000000000e+05
4.988000000000000000e+05
5.016000000000000000e+05
4.950000000000000000e+05
4.982000000000000000e+05
4.895000000000000000e+05
4.937000000000000000e+05
5.060000000000000000e+05
4.861000000000000000e+05
4.960000000000000000e+05
4.948000000000000000e+05
5.014000000000000000e+05
5.080000000000000000e+05
4.988000000000000000e+05
4.661000000000000000e+05
5.001000000000000000e+05
4.926000000000000000e+05
4.992000000000000000e+05
4.922000000000000000e+05
4.988000000000000000e+05
4.946000000000000000e+05
5.041000000000000000e+05
4.376000000000000000e+05
5.004000000000000000e+05
4.999000000000000000e+05
5.073000000000000000e+05
4.252000000000000000e+05
5.023000000000000000e+05
5.012000000000000000e+05
4.966000000000000000e+05
2.385000000000000000e+05
4.945000000000000000e+05
5.028000000000000000e+05
5.072000000000000000e+05
5.049000000000000000e+05
4.971000000000000000e+05
5.015000000000000000e+05
4.892000000000000000e+05
4.982000000000000000e+05
4.952000000000000000e+05
4.900000000000000000e+05
5.017000000000000000e+05
4.969000000000000000e+05
4.907000000000000000e+05
4.978000000000000000e+05
5.005000000000000000e+05
4.318000000000000000e+05
4.978000000000000000e+05
4.972000000000000000e+05
4.962000000000000000e+05
4.964000000000000000e+05
4.969000000000000000e+05
4.984000000000000000e+05
4.972000000000000000e+05
4.058000000000000000e+05
5.029000000000000000e+05
5.005000000000000000e+05
5.074000000000000000e+05
3.790000000000000000e+05
5.028000000000000000e+05
4.925000000000000000e+05
4.930000000000000000e+05
1.740000000000000000e+05
5.024000000000000000e+05
4.971000000000000000e+05
5.041000000000000000e+05
4.768000000000000000e+05
5.002000000000000000e+05
5.024000000000000000e+05
4.892000000000000000e+05
3.661000000000000000e+05
4.956000000000000000e+05
4.980000000000000000e+05
5.039000000000000000e+05
3.300000000000000000e+05
5.043000000000000000e+05
5.043000000000000000e+05
4.885000000000000000e+05
1.235000000000000000e+05
5.017000000000000000e+05
4.950000000000000000e+05
5.042000000000000000e+05
2.806000000000000000e+05
4.893000000000000000e+05
5.041000000000000000e+05
5.002000000000000000e+05
8.750000000000000000e+04
4.981000000000000000e+05
4.955000000000000000e+05
4.906000000000000000e+05
5.980000000000000000e+04
5.058000000000000000e+05
5.010000000000000000e+05
3.872000000000000000e+05
4.700000000000000000e+03
5.035000000000000000e+05
5.088000000000000000e+05
4.951000000000000000e+05
4.985000000000000000e+05
5.032000000000000000e+05
5.013000000000000000e+05
5.015000000000000000e+05
4.980000000000000000e+05
4.979000000000000000e+05
4.990000000000000000e+05
5.040000000000000000e+05
4.952000000000000000e+05
5.091000000000000000e+05
4.958000000000000000e+05
4.968000000000000000e+05
3.705000000000000000e+05
4.950000000000000000e+05
4.991000000000000000e+05
4.990000000000000000e+05
4.768000000000000000e+05
5.081000000000000000e+05
5.018000000000000000e+05
4.909000000000000000e+05
3.447000000000000000e+05
5.089000000000000000e+05
4.975000000000000000e+05
5.018000000000000000e+05
3.143000000000000000e+05
5.115000000000000000e+05
4.883000000000000000e+05
4.878000000000000000e+05
1.051000000000000000e+05
5.016000000000000000e+05
4.952000000000000000e+05
4.956000000000000000e+05
4.508000000000000000e+05
5.080000000000000000e+05
5.034000000000000000e+05
5.017000000000000000e+05
2.820000000000000000e+05
4.967000000000000000e+05
4.939000000000000000e+05
5.008000000000000000e+05
2.415000000000000000e+05
5.030000000000000000e+05
4.961000000000000000e+05
4.865000000000000000e+05
6.320000000000000000e+04
5.039000000000000000e+05
5.022000000000000000e+05
4.941000000000000000e+05
1.847000000000000000e+05
4.951000000000000000e+05
5.024000000000000000e+05
4.716000000000000000e+05
3.710000000000000000e+04
5.049000000000000000e+05
4.993000000000000000e+05
4.780000000000000000e+05
2.550000000000000000e+04
5.027000000000000000e+05
5.053000000000000000e+05
3.376000000000000000e+05
8.000000000000000000e+02
5.052000000000000000e+05
5.050000000000000000e+05
4.971000000000000000e+05
4.151000000000000000e+05
4.983000000000000000e+05
5.014000000000000000e+05
4.998000000000000000e+05
2.012000000000000000e+05
5.034000000000000000e+05
5.007000000000000000e+05
4.995000000000000000e+05
1.667000000000000000e+05
4.959000000000000000e+05
4.921000000000000000e+05
4.810000000000000000e+05
2.740000000000000000e+04
5.016000000000000000e+05
4.983000000000000000e+05
4.986000000000000000e+05
1.204000000000000000e+05
4.899000000000000000e+05
4.958000000000000000e+05
4.583000000000000000e+05
1.430000000000000000e+04
4.986000000000000000e+05
5.040000000000000000e+05
4.572000000000000000e+05
9.100000000000000000e+03
5.018000000000000000e+05
4.967000000000000000e+05
2.946000000000000000e+05
0.000000000000000000e+00
4.937000000000000000e+05
5.051000000000000000e+05
4.994000000000000000e+05
7.890000000000000000e+04
5.081000000000000000e+05
5.040000000000000000e+05
4.478000000000000000e+05
6.400000000000000000e+03
4.965000000000000000e+05
4.935000000000000000e+05
4.250000000000000000e+05
3.900000000000000000e+03
4.981000000000000000e+05
5.048000000000000000e+05
2.480000000000000000e+05
0.000000000000000000e+00
4.907000000000000000e+05
5.047000000000000000e+05
4.061000000000000000e+05
1.600000000000000000e+03
4.934000000000000000e+05
4.945000000000000000e+05
1.945000000000000000e+05
0.000000000000000000e+00
5.048000000000000000e+05
4.932000000000000000e+05
1.602000000000000000e+05
0.000000000000000000e+00
4.921000000000000000e+05
4.432000000000000000e+05
2.510000000000000000e+04
0.000000000000000000e+00
1.000000000000000000e+06
5.038000000000000000e+05
4.976000000000000000e+05
5.015000000000000000e+05
4.990000000000000000e+05
5.042000000000000000e+05
5.046000000000000000e+05
5.019000000000000000e+05
4.964000000000000000e+05
5.072000000000000000e+05
4.983000000000000000e+05
5.129000000000000000e+05
5.020000000000000000e+05
4.979000000000000000e+05
5.010000000000000000e+05
4.957000000000000000e+05
4.932000000000000000e+05
5.077000000000000000e+05
5.029000000000000000e+05
5.023000000000000000e+05
5.013000000000000000e+05
4.908000000000000000e+05
4.942000000000000000e+05
4.930000000000000000e+05
5.065000000000000000e+05
4.998000000000000000e+05
4.967000000000000000e+05
4.985000000000000000e+05
4.928000000000000000e+05
5.004000000000000000e+05
4.999000000000000000e+05
4.218000000000000000e+05
4.945000000000000000e+05
5.008000000000000000e+05
4.891000000000000000e+05
5.021000000000000000e+05
4.993000000000000000e+05
5.069000000000000000e+05
5.048000000000000000e+05
4.967000000000000000e+05
5.005000000000000000e+05
5.077000000000000000e+05
5.097000000000000000e+05
4.893000000000000000e+05
5.047000000000000000e+05
4.959000000000000000e+05
5.045000000000000000e+05
4.013000000000000000e+05
5.085000000000000000e+05
5.019000000000000000e+05
5.055000000000000000e+05
4.920000000000000000e+05
4.985000000000000000e+05
4.999000000000000000e+05
5.005000000000000000e+05
3.632000000000000000e+05
4.912000000000000000e+05
5.000000000000000000e+05
5.039000000000000000e+05
3.369000000000000000e+05
4.952000000000000000e+05
5.045000000000000000e+05
4.978000000000000000e+05
1.230000000000000000e+05
4.916000000000000000e+05
5.034000000000000000e+05
5.054000000000000000e+05
5.096000000000000000e+05
4.947000000000000000e+05
4.977000000000000000e+05
4.999000000000000000e+05
4.863000000000000000e+05
5.037000000000000000e+05
5.032000000000000000e+05
5.030000000000000000e+05
4.780000000000000000e+05
4.983000000000000000e+05
4.938000000000000000e+05
4.923000000000000000e+05
3.471000000000000000e+05
5.003000000000000000e+05
4.977000000000000000e+05
4.958000000000000000e+05
4.651000000000000000e+05
4.991000000000000000e+05
5.008000000000000000e+05
5.022000000000000000e+05
3.097000000000000000e+05
5.057000000000000000e+05
5.028000000000000000e+05
5.013000000000000000e+05
2.668000000000000000e+05
4.989000000000000000e+05
5.033000000000000000e+05
4.910000000000000000e+05
7.570000000000000000e+04
5.049000000000000000e+05
4.993000000000000000e+05
4.982000000000000000e+05
4.383000000000000000e+05
4.983000000000000000e+05
5.042000000000000000e+05
5.062000000000000000e+05
2.386000000000000000e+05
5.019000000000000000e+05
5.135000000000000000e+05
5.024000000000000000e+05
2.024000000000000000e+05
5.023000000000000000e+05
5.056000000000000000e+05
4.793000000000000000e+05
4.550000000000000000e+04
4.968000000000000000e+05
5.006000000000000000e+05
4.935000000000000000e+05
1.485000000000000000e+05
5.005000000000000000e+05
5.025000000000000000e+05
4.689000000000000000e+05
2.290000000000000000e+04
5.039000000000000000e+05
4.962000000000000000e+05
4.715000000000000000e+05
1.740000000000000000e+04
5.044000000000000000e+05
5.059000000000000000e+05
3.119000000000000000e+05
2.000000000000000000e+02
5.039000000000000000e+05
5.012000000000000000e+05
4.995000000000000000e+05
4.961000000000000000e+05
4.997000000000000000e+05
5.010000000000000000e+05
5.014000000000000000e+05
4.514000000000000000e+05
5.036000000000000000e+05
4.974000000000000000e+05
4.932000000000000000e+05
4.392000000000000000e+05
4.950000000000000000e+05
4.873000000000000000e+05
5.011000000000000000e+05
2.616000000000000000e+05
4.982000000000000000e+05
4.989000000000000000e+05
4.986000000000000000e+05
4.152000000000000000e+05
5.128000000000000000e+05
5.051000000000000000e+05
5.007000000000000000e+05
2.192000000000000000e+05
5.034000000000000000e+05
5.024000000000000000e+05
5.007000000000000000e+05
1.731000000000000000e+05
5.040000000000000000e+05
4.888000000000000000e+05
4.729000000000000000e+05
3.160000000000000000e+04
5.029000000000000000e+05
4.894000000000000000e+05
4.973000000000000000e+05
3.670000000000000000e+05
4.970000000000000000e+05
4.972000000000000000e+05
4.961000000000000000e+05
1.501000000000000000e+05
5.055000000000000000e+05
4.956000000000000000e+05
5.001000000000000000e+05
1.191000000000000000e+05
5.034000000000000000e+05
4.955000000000000000e+05
4.644000000000000000e+05
1.450000000000000000e+04
5.015000000000000000e+05
5.092000000000000000e+05
4.950000000000000000e+05
7.580000000000000000e+04
4.996000000000000000e+05
4.970000000000000000e+05
4.463000000000000000e+05
6.600000000000000000e+03
4.979000000000000000e+05
4.967000000000000000e+05
4.453000000000000000e+05
2.900000000000000000e+03
4.995000000000000000e+05
4.947000000000000000e+05
2.574000000000000000e+05
0.000000000000000000e+00
5.038000000000000000e+05
4.936000000000000000e+05
5.004000000000000000e+05
3.013000000000000000e+05
4.988000000000000000e+05
5.002000000000000000e+05
4.937000000000000000e+05
1.021000000000000000e+05
5.042000000000000000e+05
4.991000000000000000e+05
4.901000000000000000e+05
6.490000000000000000e+04
4.985000000000000000e+05
4.960000000000000000e+05
4.455000000000000000e+05
5.800000000000000000e+03
4.933000000000000000e+05
5.013000000000000000e+05
4.949000000000000000e+05
4.590000000000000000e+04
5.012000000000000000e+05
4.948000000000000000e+05
4.259000000000000000e+05
3.000000000000000000e+03
5.013000000000000000e+05
4.957000000000000000e+05
4.006000000000000000e+05
1.700000000000000000e+03
5.038000000000000000e+05
4.965000000000000000e+05
2.014000000000000000e+05
0.000000000000000000e+00
4.959000000000000000e+05
4.915000000000000000e+05
4.863000000000000000e+05
2.350000000000000000e+04
4.918000000000000000e+05
4.942000000000000000e+05
3.837000000000000000e+05
6.000000000000000000e+02
5.049000000000000000e+05
4.991000000000000000e+05
3.546000000000000000e+05
7.000000000000000000e+02
4.933000000000000000e+05
4.938000000000000000e+05
1.478000000000000000e+05
0.000000000000000000e+00
4.934000000000000000e+05
4.989000000000000000e+05
3.163000000000000000e+05
0.000000000000000000e+00
5.034000000000000000e+05
4.976000000000000000e+05
1.037000000000000000e+05
0.000000000000000000e+00
5.021000000000000000e+05
4.892000000000000000e+05
7.570000000000000000e+04
0.000000000000000000e+00
4.865000000000000000e+05
4.261000000000000000e+05
8.200000000000000000e+03
0.000000000000000000e+00
5.015000000000000000e+05
5.121000000000000000e+05
4.959000000000000000e+05
4.965000000000000000e+05
5.115000000000000000e+05
4.949000000000000000e+05
5.067000000000000000e+05
4.005000000000000000e+05
5.062000000000000000e+05
4.999000000000000000e+05
4.974000000000000000e+05
3.719000000000000000e+05
4.952000000000000000e+05
4.929000000000000000e+05
5.063000000000000000e+05
1.572000000000000000e+05
5.032000000000000000e+05
4.883000000000000000e+05
4.982000000000000000e+05
3.289000000000000000e+05
4.967000000000000000e+05
5.000000000000000000e+05
5.038000000000000000e+05
1.150000000000000000e+05
5.026000000000000000e+05
5.041000000000000000e+05
5.008000000000000000e+05
8.010000000000000000e+04
4.968000000000000000e+05
4.990000000000000000e+05
4.449000000000000000e+05
7.800000000000000000e+03
4.978000000000000000e+05
4.970000000000000000e+05
4.993000000000000000e+05
2.576000000000000000e+05
5.029000000000000000e+05
4.977000000000000000e+05
5.013000000000000000e+05
6.740000000000000000e+04
4.985000000000000000e+05
5.010000000000000000e+05
5.020000000000000000e+05
5.370000000000000000e+04
4.980000000000000000e+05
4.951000000000000000e+05
4.319000000000000000e+05
2.800000000000000000e+03
5.041000000000000000e+05
4.983000000000000000e+05
4.916000000000000000e+05
2.890000000000000000e+04
4.951000000000000000e+05
4.875000000000000000e+05
3.905000000000000000e+05
8.000000000000000000e+02
4.978000000000000000e+05
4.981000000000000000e+05
3.787000000000000000e+05
3.000000000000000000e+02
4.956000000000000000e+05
4.968000000000000000e+05
1.696000000000000000e+05
0.000000000000000000e+00
5.065000000000000000e+05
4.976000000000000000e+05
5.001000000000000000e+05
1.905000000000000000e+05
5.026000000000000000e+05
5.064000000000000000e+05
4.837000000000000000e+05
3.880000000000000000e+04
5.002000000000000000e+05
4.995000000000000000e+05
4.790000000000000000e+05
2.400000000000000000e+04
5.071000000000000000e+05
4.981000000000000000e+05
3.862000000000000000e+05
8.000000000000000000e+02
4.956000000000000000e+05
5.016000000000000000e+05
4.850000000000000000e+05
1.430000000000000000e+04
5.034000000000000000e+05
4.968000000000000000e+05
3.539000000000000000e+05
2.000000000000000000e+02
5.005000000000000000e+05
4.979000000000000000e+05
3.323000000000000000e+05
1.000000000000000000e+02
5.031000000000000000e+05
5.020000000000000000e+05
1.168000000000000000e+05
0.000000000000000000e+00
5.055000000000000000e+05
5.001000000000000000e+05
4.662000000000000000e+05
9.600000000000000000e+03
5.061000000000000000e+05
4.977000000000000000e+05
2.995000000000000000e+05
0.000000000000000000e+00
5.024000000000000000e+05
5.037000000000000000e+05
2.595000000000000000e+05
0.000000000000000000e+00
5.024000000000000000e+05
4.970000000000000000e+05
7.810000000000000000e+04
0.000000000000000000e+00
4.950000000000000000e+05
5.039000000000000000e+05
2.157000000000000000e+05
1.000000000000000000e+02
4.934000000000000000e+05
4.879000000000000000e+05
4.500000000000000000e+04
0.000000000000000000e+00
4.971000000000000000e+05
4.931000000000000000e+05
3.060000000000000000e+04
0.000000000000000000e+00
4.903000000000000000e+05
3.996000000000000000e+05
1.300000000000000000e+03
0.000000000000000000e+00
5.043000000000000000e+05
5.035000000000000000e+05
4.982000000000000000e+05
1.251000000000000000e+05
4.984000000000000000e+05
4.931000000000000000e+05
4.799000000000000000e+05
1.620000000000000000e+04
5.091000000000000000e+05
4.993000000000000000e+05
4.734000000000000000e+05
1.030000000000000000e+04
5.033000000000000000e+05
5.000000000000000000e+05
3.165000000000000000e+05
0.000000000000000000e+00
5.022000000000000000e+05
4.981000000000000000e+05
4.437000000000000000e+05
4.700000000000000000e+03
5.046000000000000000e+05
4.995000000000000000e+05
2.763000000000000000e+05
0.000000000000000000e+00
5.029000000000000000e+05
5.086000000000000000e+05
2.298000000000000000e+05
0.000000000000000000e+00
4.979000000000000000e+05
4.908000000000000000e+05
5.920000000000000000e+04
0.000000000000000000e+00
4.953000000000000000e+05
5.027000000000000000e+05
4.213000000000000000e+05
2.900000000000000000e+03
5.041000000000000000e+05
5.038000000000000000e+05
2.127000000000000000e+05
0.000000000000000000e+00
5.110000000000000000e+05
4.981000000000000000e+05
1.706000000000000000e+05
0.000000000000000000e+00
4.995000000000000000e+05
4.861000000000000000e+05
3.240000000000000000e+04
0.000000000000000000e+00
5.043000000000000000e+05
5.045000000000000000e+05
1.254000000000000000e+05
0.000000000000000000e+00
5.047000000000000000e+05
4.955000000000000000e+05
1.970000000000000000e+04
0.000000000000000000e+00
4.965000000000000000e+05
4.818000000000000000e+05
8.600000000000000000e+03
0.000000000000000000e+00
4.917000000000000000e+05
3.668000000000000000e+05
0.000000000000000000e+00
0.000000000000000000e+00
5.024000000000000000e+05
5.008000000000000000e+05
3.504000000000000000e+05
1.900000000000000000e+03
5.086000000000000000e+05
5.027000000000000000e+05
1.396000000000000000e+05
0.000000000000000000e+00
5.046000000000000000e+05
4.960000000000000000e+05
1.033000000000000000e+05
0.000000000000000000e+00
5.007000000000000000e+05
4.791000000000000000e+05
1.280000000000000000e+04
0.000000000000000000e+00
5.046000000000000000e+05
5.054000000000000000e+05
7.330000000000000000e+04
0.000000000000000000e+00
5.044000000000000000e+05
4.815000000000000000e+05
5.600000000000000000e+03
0.000000000000000000e+00
4.985000000000000000e+05
4.693000000000000000e+05
3.400000000000000000e+03
0.000000000000000000e+00
4.838000000000000000e+05
3.338000000000000000e+05
1.000000000000000000e+02
0.000000000000000000e+00
4.915000000000000000e+05
5.033000000000000000e+05
4.740000000000000000e+04
0.000000000000000000e+00
4.950000000000000000e+05
4.526000000000000000e+05
2.100000000000000000e+03
0.000000000000000000e+00
4.975000000000000000e+05
4.452000000000000000e+05
1.200000000000000000e+03
0.000000000000000000e+00
4.829000000000000000e+05
2.757000000000000000e+05
0.000000000000000000e+00
0.000000000000000000e+00
5.014000000000000000e+05
4.166000000000000000e+05
1.000000000000000000e+03
0.000000000000000000e+00
4.730000000000000000e+05
2.323000000000000000e+05
0.000000000000000000e+00
0.000000000000000000e+00
4.789000000000000000e+05
1.900000000000000000e+05
0.000000000000000000e+00
0.000000000000000000e+00
3.336000000000000000e+05
4.240000000000000000e+04
0.000000000000000000e+00
0.000000000000000000e+00
