5.001000000000000000e+05
4.948000000000000000e+05
5.064000000000000000e+05
4.902000000000000000e+05
5.042000000000000000e+05
4.925000000000000000e+05
4.974000000000000000e+05
3.876000000000000000e+05
5.015000000000000000e+05
4.899000000000000000e+05
4.943000000000000000e+05
3.555000000000000000e+05
4.950000000000000000e+05
4.722000000000000000e+05
3.682000000000000000e+05
1.195000000000000000e+05
5.030000000000000000e+05
4.997000000000000000e+05
4.946000000000000000e+05
2.924000000000000000e+05
4.993000000000000000e+05
4.698000000000000000e+05
3.262000000000000000e+05
7.620000000000000000e+04
4.933000000000000000e+05
4.628000000000000000e+05
2.839000000000000000e+05
4.790000000000000000e+04
4.869000000000000000e+05
2.786000000000000000e+05
6.850000000000000000e+04
1.400000000000000000e+03
5.021000000000000000e+05
4.969000000000000000e+05
4.635000000000000000e+05
2.235000000000000000e+05
4.938000000000000000e+05
4.471000000000000000e+05
2.514000000000000000e+05
3.780000000000000000e+04
5.112000000000000000e+05
4.230000000000000000e+05
2.035000000000000000e+05
2.270000000000000000e+04
4.749000000000000000e+05
2.205000000000000000e+05
3.270000000000000000e+04
2.000000000000000000e+02
5.044000000000000000e+05
3.933000000000000000e+05
1.489000000000000000e+05
8.800000000000000000e+03
4.586000000000000000e+05
1.670000000000000000e+05
1.610000000000000000e+04
0.000000000000000000e+00
4.344000000000000000e+05
1.297000000000000000e+05
1.020000000000000000e+04
0.000000000000000000e+00
2.194000000000000000e+05
1.180000000000000000e+04
0.000000000000000000e+00
0.000000000000000000e+00
5.015000000000000000e+05
4.926000000000000000e+05
4.004000000000000000e+05
1.404000000000000000e+05
5.050000000000000000e+05
4.013000000000000000e+05
1.694000000000000000e+05
1.280000000000000000e+04
4.950000000000000000e+05
3.657000000000000000e+05
1.241000000000000000e+05
6.800000000000000000e+03
4.430000000000000000e+05
1.460000000000000000e+05
1.260000000000000000e+04
0.000000000000000000e+00
5.093000000000000000e+05
3.045000000000000000e+05
7.960000000000000000e+04
1.700000000000000000e+03
4.126000000000000000e+05
9.190000000000000000e+04
6.000000000000000000e+03
0.000000000000000000e+00
3.857000000000000000e+05
6.430000000000000000e+04
2.900000000000000000e+03
0.000000000000000000e+00
1.590000000000000000e+05
2.300000000000000000e+03
0.000000000000000000e+00
0.000000000000000000e+00
4.881000000000000000e+05
2.404000000000000000e+05
4.600000000000000000e+04
6.000000000000000000e+02
3.617000000000000000e+05
5.170000000000000000e+04
2.200000000000000000e+03
0.000000000000000000e+00
3.192000000000000000e+05
3.490000000000000000e+04
1.000000000000000000e+03
0.000000000000000000e+00
1.037000000000000000e+05
5.000000000000000000e+02
0.000000000000000000e+00
0.000000000000000000e+00
2.734000000000000000e+05
1.820000000000000000e+04
7.000000000000000000e+02
0.000000000000000000e+00
7.020000000000000000e+04
0.000000000000000000e+00
0.000000000000000000e+00
0.000000000000000000e+00
4.530000000000000000e+04
1.000000000000000000e+02
0.000000000000000000e+00
0.000000000000000000e+00
2.200000000000000000e+03
0.000000000000000000e+00
0.000000000000000000e+00
0.000000000000000000e+00
5.068000000000000000e+05
4.770000000000000000e+05
3.165000000000000000e+05
6.880000000000000000e+04
4.914000000000000000e+05
3.067000000000000000e+05
8.700000000000000000e+04
2.200000000000000000e+03
4.960000000000000000e+05
2.674000000000000000e+05
5.900000000000000000e+04
1.500000000000000000e+03
3.785000000000000000e+05
7.150000000000000000e+04
2.900000000000000000e+03
0.000000000000000000e+00
4.880000000000000000e+05
2.099000000000000000e+05
3.460000000000000000e+04
2.000000000000000000e+02
3.312000000000000000e+05
3.740000000000000000e+04
1.600000000000000000e+03
0.000000000000000000e+00
2.823000000000000000e+05
2.110000000000000000e+04
5.000000000000000000e+02
0.000000000000000000e+00
7.680000000000000000e+04
2.000000000000000000e+02
0.000000000000000000e+00
0.000000000000000000e+00
4.635000000000000000e+05
1.470000000000000000e+05
1.830000000000000000e+04
0.000000000000000000e+00
2.588000000000000000e+05
1.830000000000000000e+04
2.000000000000000000e+02
0.000000000000000000e+00
2.246000000000000000e+05
9.900000000000000000e+03
1.000000000000000000e+02
0.000000000000000000e+00
4.620000000000000000e+04
1.000000000000000000e+02
0.000000000000000000e+00
0.000000000000000000e+00
1.655000000000000000e+05
5.500000000000000000e+03
0.000000000000000000e+00
0.000000000000000000e+00
2.770000000000000000e+04
0.000000000000000000e+00
0.000000000000000000e+00
0.000000000000000000e+00
1.740000000000000000e+04
0.000000000000000000e+00
0.000000000000000000e+00
0.000000000000000000e+00
5.000000000000000000e+02
0.000000000000000000e+00
0.000000000000000000e+00
0.000000000000000000e+00
4.153000000000000000e+05
8.430000000000000000e+04
1.030000000000000000e+04
0.000000000000000000e+00
1.862000000000000000e+05
6.600000000000000000e+03
0.000000000000000000e+00
0.000000000000000000e+00
1.438000000000000000e+05
2.900000000000000000e+03
0.000000000000000000e+00
0.000000000000000000e+00
2.070000000000000000e+04
0.000000000000000000e+00
0.000000000000000000e+00
0.000000000000000000e+00
1.014000000000000000e+05
1.600000000000000000e+03
0.000000000000000000e+00
0.000000000000000000e+00
9.900000000000000000e+03
0.000000000000000000e+00
0.000000000000000000e+00
0.000000000000000000e+00
8.000000000000000000e+03
0.000000000000000000e+00
0.000000000000000000e+00
0.000000000000000000e+00
0.000000000000000000e+00
0.000000000000000000e+00
0.000000000000000000e+00
0.000000000000000000e+00
6.860000000000000000e+04
6.000000000000000000e+02
0.000000000000000000e+00
0.000000000000000000e+00
5.800000000000000000e+03
0.000000000000000000e+00
0.000000000000000000e+00
0.000000000000000000e+00
2.300000000000000000e+03
0.000000000000000000e+00
0.000000000000000000e+00
0.000000000000000000e+00
0.000000000000000000e+00
0.000000000000000000e+00
0.000000000000000000e+00
0.000000000000000000e+00
1.200000000000000000e+03
0.000000000000000000e+00
0.000000000000000000e+00
0.000000000000000000e+00
0.000000000000000000e+00
0.000000000000000000e+00
0.000000000000000000e+00
0.000000000000000000e+00
0.000000000000000000e+00
0.000000000000000000e+00
0.000000000000000000e+00
0.000000000000000000e+00
0.000000000000000000e+00
0.000000000000000000e+00
0.000000000000000000e+00
0.000000000000000000e+00
5.004000000000000000e+05
4.250000000000000000e+05
2.114000000000000000e+05
3.050000000000000000e+04
4.722000000000000000e+05
2.021000000000000000e+05
3.580000000000000000e+04
2.000000000000000000e+02
4.626000000000000000e+05
1.534000000000000000e+05
2.300000000000000000e+04
3.000000000000000000e+02
2.647000000000000000e+05
1.900000000000000000e+04
5.000000000000000000e+02
0.000000000000000000e+00
4.346000000000000000e+05
1.115000000000000000e+05
1.310000000000000000e+04
0.000000000000000000e+00
2.192000000000000000e+05
9.300000000000000000e+03
2.000000000000000000e+02
0.000000000000000000e+00
1.686000000000000000e+05
6.100000000000000000e+03
1.000000000000000000e+02
0.000000000000000000e+00
2.910000000000000000e+04
0.000000000000000000e+00
0.000000000000000000e+00
0.000000000000000000e+00
3.799000000000000000e+05
6.740000000000000000e+04
5.700000000000000000e+03
0.000000000000000000e+00
1.520000000000000000e+05
3.200000000000000000e+03
0.000000000000000000e+00
0.000000000000000000e+00
1.125000000000000000e+05
1.200000000000000000e+03
0.000000000000000000e+00
0.000000000000000000e+00
1.280000000000000000e+04
0.000000000000000000e+00
0.000000000000000000e+00
0.000000000000000000e+00
7.550000000000000000e+04
9.000000000000000000e+02
0.000000000000000000e+00
0.000000000000000000e+00
6.500000000000000000e+03
0.000000000000000000e+00
0.000000000000000000e+00
0.000000000000000000e+00
3.500000000000000000e+03
0.000000000000000000e+00
0.000000000000000000e+00
0.000000000000000000e+00
0.000000000000000000e+00
0.000000000000000000e+00
0.000000000000000000e+00
0.000000000000000000e+00
3.143000000000000000e+05
3.560000000000000000e+04
2.400000000000000000e+03
0.000000000000000000e+00
8.910000000000000000e+04
6.000000000000000000e+02
0.000000000000000000e+00
0.000000000000000000e+00
6.490000000000000000e+04
3.000000000000000000e+02
0.000000000000000000e+00
0.000000000000000000e+00
5.100000000000000000e+03
0.000000000000000000e+00
0.000000000000000000e+00
0.000000000000000000e+00
4.350000000000000000e+04
2.000000000000000000e+02
0.000000000000000000e+00
0.000000000000000000e+00
2.900000000000000000e+03
0.000000000000000000e+00
0.000000000000000000e+00
0.000000000000000000e+00
8.000000000000000000e+02
0.000000000000000000e+00
0.000000000000000000e+00
0.000000000000000000e+00
0.000000000000000000e+00
0.000000000000000000e+00
0.000000000000000000e+00
0.000000000000000000e+00
2.310000000000000000e+04
0.000000000000000000e+00
0.000000000000000000e+00
0.000000000000000000e+00
1.200000000000000000e+03
0.000000000000000000e+00
0.000000000000000000e+00
0.000000000000000000e+00
3.000000000000000000e+02
0.000000000000000000e+00
0.000000000000000000e+00
0.000000000000000000e+00
0.000000000000000000e+00
0.000000000000000000e+00
0.000000000000000000e+00
0.000000000000000000e+00
3.000000000000000000e+02
0.000000000000000000e+00
0.000000000000000000e+00
0.000000000000000000e+00
0.000000000000000000e+00
0.000000000000000000e+00
0.000000000000000000e+00
0.000000000000000000e+00
0.000000000000000000e+00
0.000000000000000000e+00
0.000000000000000000e+00
0.000000000000000000e+00
0.000000000000000000e+00
0.000000000000000000e+00
0.000000000000000000e+00
0.000000000000000000e+00
2.286000000000000000e+05
1.350000000000000000e+04
1.000000000000000000e+03
0.000000000000000000e+00
4.770000000000000000e+04
0.000000000000000000e+00
0.000000000000000000e+00
0.000000000000000000e+00
3.330000000000000000e+04
0.000000000000000000e+00
0.000000000000000000e+00
0.000000000000000000e+00
8.000000000000000000e+02
0.000000000000000000e+00
0.000000000000000000e+00
0.000000000000000000e+00
2.110000000000000000e+04
1.000000000000000000e+02
0.000000000000000000e+00
0.000000000000000000e+00
6.000000000000000000e+02
0.000000000000000000e+00
0.000000000000000000e+00
0.000000000000000000e+00
4.000000000000000000e+02
0.000000000000000000e+00
0.000000000000000000e+00
0.000000000000000000e+00
0.000000000000000000e+00
0.000000000000000000e+00
0.000000000000000000e+00
0.000000000000000000e+00
1.030000000000000000e+04
0.000000000000000000e+00
0.000000000000000000e+00
0.000000000000000000e+00
0.000000000000000000e+00
0.000000000000000000e+00
0.000000000000000000e+00
0.000000000000000000e+00
2.000000000000000000e+02
0.000000000000000000e+00
0.000000000000000000e+00
0.000000000000000000e+00
0.000000000000000000e+00
0.000000000000000000e+00
0.000000000000000000e+00
0.000000000000000000e+00
0.000000000000000000e+00
0.000000000000000000e+00
0.000000000000000000e+00
0.000000000000000000e+00
0.000000000000000000e+00
0.000000000000000000e+00
0.000000000000000000e+00
0.000000000000000000e+00
0.000000000000000000e+00
0.000000000000000000e+00
0.000000000000000000e+00
0.000000000000000000e+00
0.000000000000000000e+00
0.000000000000000000e+00
0.000000000000000000e+00
0.000000000000000000e+00
6.000000000000000000e+03
0.000000000000000000e+00
0.000000000000000000e+00
0.000000000000000000e+00
0.000000000000000000e+00
0.000000000000000000e+00
0.000000000000000000e+00
0.000000000000000000e+00
0.000000000000000000e+00
0.000000000000000000e+00
0.000000000000000000e+00
0.000000000000000000e+00
0.000000000000000000e+00
0.000000000000000000e+00
0.000000000000000000e+00
0.000000000000000000e+00
2.000000000000000000e+02
0.000000000000000000e+00
0.000000000000000000e+00
0.000000000000000000e+00
0.000000000000000000e+00
0.000000000000000000e+00
0.000000000000000000e+00
0.000000000000000000e+00
0.000000000000000000e+00
0.000000000000000000e+00
0.000000000000000000e+00
0.000000000000000000e+00
0.000000000000000000e+00
0.000000000000000000e+00
0.000000000000000000e+00
0.000000000000000000e+00
0.000000000000000000e+00
0.000000000000000000e+00
0.000000000000000000e+00
0.000000000000000000e+00
0.000000000000000000e+00
0.000000000000000000e+00
0.000000000000000000e+00
0.000000000000000000e+00
0.000000000000000000e+00
0.000000000000000000e+00
0.000000000000000000e+00
0.000000000000000000e+00
0.000000000000000000e+00
0.000000000000000000e+00
0.000000000000000000e+00
0.000000000000000000e+00
0.000000000000000000e+00
0.000000000000000000e+00
0.000000000000000000e+00
0.000000000000000000e+00
0.000000000000000000e+00
0.000000000000000000e+00
0.000000000000000000e+00
0.000000000000000000e+00
0.000000000000000000e+00
0.000000000000000000e+00
0.000000000000000000e+00
0.000000000000000000e+00
0.000000000000000000e+00
0.000000000000000000e+00
0.000000000000000000e+00
0.000000000000000000e+00
4.973000000000000000e+05
3.104000000000000000e+05
1.306000000000000000e+05
8.400000000000000000e+03
4.147000000000000000e+05
9.450000000000000000e+04
9.100000000000000000e+03
0.000000000000000000e+00
3.833000000000000000e+05
6.920000000000000000e+04
6.100000000000000000e+03
0.000000000000000000e+00
1.532000000000000000e+05
3.400000000000000000e+03
1.000000000000000000e+02
0.000000000000000000e+00
3.212000000000000000e+05
3.990000000000000000e+04
2.800000000000000000e+03
0.000000000000000000e+00
1.046000000000000000e+05
9.000000000000000000e+02
0.000000000000000000e+00
0.000000000000000000e+00
7.290000000000000000e+04
7.000000000000000000e+02
0.000000000000000000e+00
0.000000000000000000e+00
5.500000000000000000e+03
0.000000000000000000e+00
0.000000000000000000e+00
0.000000000000000000e+00
2.631000000000000000e+05
2.270000000000000000e+04
1.500000000000000000e+03
0.000000000000000000e+00
6.120000000000000000e+04
1.000000000000000000e+02
0.000000000000000000e+00
0.000000000000000000e+00
4.220000000000000000e+04
1.000000000000000000e+02
0.000000000000000000e+00
0.000000000000000000e+00
2.400000000000000000e+03
0.000000000000000000e+00
0.000000000000000000e+00
0.000000000000000000e+00
2.500000000000000000e+04
1.000000000000000000e+02
0.000000000000000000e+00
0.000000000000000000e+00
1.000000000000000000e+03
0.000000000000000000e+00
0.000000000000000000e+00
0.000000000000000000e+00
6.000000000000000000e+02
0.000000000000000000e+00
0.000000000000000000e+00
0.000000000000000000e+00
0.000000000000000000e+00
0.000000000000000000e+00
0.000000000000000000e+00
0.000000000000000000e+00
1.835000000000000000e+05
9.000000000000000000e+03
4.000000000000000000e+02
0.000000000000000000e+00
3.550000000000000000e+04
1.000000000000000000e+02
0.000000000000000000e+00
0.000000000000000000e+00
2.290000000000000000e+04
0.000000000000000000e+00
0.000000000000000000e+00
0.000000000000000000e+00
6.000000000000000000e+02
0.000000000000000000e+00
0.000000000000000000e+00
0.000000000000000000e+00
1.330000000000000000e+04
0.000000000000000000e+00
0.000000000000000000e+00
0.000000000000000000e+00
3.000000000000000000e+02
0.000000000000000000e+00
0.000000000000000000e+00
0.000000000000000000e+00
0.000000000000000000e+00
0.000000000000000000e+00
0.000000000000000000e+00
0.000000000000000000e+00
0.000000000000000000e+00
0.000000000000000000e+00
0.000000000000000000e+00
0.000000000000000000e+00
5.600000000000000000e+03
0.000000000000000000e+00
0.000000000000000000e+00
0.000000000000000000e+00
1.000000000000000000e+02
0.000000000000000000e+00
0.000000000000000000e+00
0.000000000000000000e+00
0.000000000000000000e+00
0.000000000000000000e+00
0.000000000000000000e+00
0.000000000000000000e+00
0.000000000000000000e+00
0.000000000000000000e+00
0.000000000000000000e+00
0.000000000000000000e+00
0.000000000000000000e+00
0.000000000000000000e+00
0.000000000000000000e+00
0.000000000000000000e+00
0.000000000000000000e+00
0.000000000000000000e+00
0.000000000000000000e+00
0.000000000000000000e+00
0.000000000000000000e+00
0.000000000000000000e+00
0.000000000000000000e+00
0.000000000000000000e+00
0.000000000000000000e+00
0.000000000000000000e+00
0.000000000000000000e+00
0.000000000000000000e+00
1.180000000000000000e+05
4.700000000000000000e+03
2.000000000000000000e+02
0.000000000000000000e+00
1.480000000000000000e+04
0.000000000000000000e+00
0.000000000000000000e+00
0.000000000000000000e+00
8.800000000000000000e+03
0.000000000000000000e+00
0.000000000000000000e+00
0.000000000000000000e+00
1.000000000000000000e+02
0.000000000000000000e+00
0.000000000000000000e+00
0.000000000000000000e+00
3.700000000000000000e+03
0.000000000000000000e+00
0.000000000000000000e+00
0.000000000000000000e+00
1.000000000000000000e+02
0.000000000000000000e+00
0.000000000000000000e+00
0.000000000000000000e+00
1.000000000000000000e+02
0.000000000000000000e+00
0.000000000000000000e+00
0.000000000000000000e+00
0.000000000000000000e+00
0.000000000000000000e+00
0.000000000000000000e+00
0.000000000000000000e+00
2.100000000000000000e+03
0.000000000000000000e+00
0.000000000000000000e+00
0.000000000000000000e+00
0.000000000000000000e+00
0.000000000000000000e+00
0.000000000000000000e+00
0.000000000000000000e+00
0.000000000000000000e+00
0.000000000000000000e+00
0.000000000000000000e+00
0.000000000000000000e+00
0.000000000000000000e+00
0.000000000000000000e+00
0.000000000000000000e+00
0.000000000000000000e+00
0.000000000000000000e+00
0.000000000000000000e+00
0.000000000000000000e+00
0.000000000000000000e+00
0.000000000000000000e+00
0.000000000000000000e+00
0.000000000000000000e+00
0.000000000000000000e+00
0.000000000000000000e+00
0.000000000000000000e+00
0.000000000000000000e+00
0.000000000000000000e+00
0.000000000000000000e+00
0.000000000000000000e+00
0.000000000000000000e+00
0.000000000000000000e+00
1.200000000000000000e+03
0.000000000000000000e+00
0.000000000000000000e+00
0.000000000000000000e+00
0.000000000000000000e+00
0.000000000000000000e+00
0.000000000000000000e+00
0.000000000000000000e+00
0.000000000000000000e+00
0.000000000000000000e+00
0.000000000000000000e+00
0.000000000000000000e+00
0.000000000000000000e+00
0.000000000000000000e+00
0.000000000000000000e+00
0.000000000000000000e+00
0.000000000000000000e+00
0.000000000000000000e+00
0.000000000000000000e+00
0.000000000000000000e+00
0.000000000000000000e+00
0.000000000000000000e+00
0.000000000000000000e+00
0.000000000000000000e+00
0.000000000000000000e+00
0.000000000000000000e+00
0.000000000000000000e+00
0.000000000000000000e+00
0.000000000000000000e+00
0.000000000000000000e+00
0.000000000000000000e+00
0.000000000000000000e+00
0.000000000000000000e+00
0.000000000000000000e+00
0.000000000000000000e+00
0.000000000000000000e+00
0.000000000000000000e+00
0.000000000000000000e+00
0.000000000000000000e+00
0.000000000000000000e+00
0.000000000000000000e+00
0.000000000000000000e+00
0.000000000000000000e+00
0.000000000000000000e+00
0.000000000000000000e+00
0.000000000000000000e+00
0.000000000000000000e+00
0.000000000000000000e+00
0.000000000000000000e+00
0.000000000000000000e+00
0.000000000000000000e+00
0.000000000000000000e+00
0.000000000000000000e+00
0.000000000000000000e+00
0.000000000000000000e+00
0.000000000000000000e+00
0.000000000000000000e+00
0.000000000000000000e+00
0.000000000000000000e+00
0.000000000000000000e+00
0.000000000000000000e+00
0.000000000000000000e+00
0.000000000000000000e+00
0.000000000000000000e+00
6.800000000000000000e+04
6.000000000000000000e+02
1.000000000000000000e+02
0.000000000000000000e+00
5.400000000000000000e+03
0.000000000000000000e+00
0.000000000000000000e+00
0.000000000000000000e+00
2.900000000000000000e+03
0.000000000000000000e+00
0.000000000000000000e+00
0.000000000000000000e+00
0.000000000000000000e+00
0.000000000000000000e+00
0.000000000000000000e+00
0.000000000000000000e+00
1.300000000000000000e+03
0.000000000000000000e+00
0.000000000000000000e+00
0.000000000000000000e+00
0.000000000000000000e+00
0.000000000000000000e+00
0.000000000000000000e+00
0.000000000000000000e+00
0.000000000000000000e+00
0.000000000000000000e+00
0.000000000000000000e+00
0.000000000000000000e+00
0.000000000000000000e+00
0.000000000000000000e+00
0.000000000000000000e+00
0.000000000000000000e+00
1.000000000000000000e+03
0.000000000000000000e+00
0.000000000000000000e+00
0.000000000000000000e+00
0.000000000000000000e+00
0.000000000000000000e+00
0.000000000000000000e+00
0.000000000000000000e+00
0.000000000000000000e+00
0.000000000000000000e+00
0.000000000000000000e+00
0.000000000000000000e+00
0.000000000000000000e+00
0.000000000000000000e+00
0.000000000000000000e+00
0.000000000000000000e+00
0.000000000000000000e+00
0.000000000000000000e+00
0.000000000000000000e+00
0.000000000000000000e+00
0.000000000000000000e+00
0.000000000000000000e+00
0.000000000000000000e+00
0.000000000000000000e+00
0.000000000000000000e+00
0.000000000000000000e+00
0.000000000000000000e+00
0.000000000000000000e+00
0.000000000000000000e+00
0.000000000000000000e+00
0.000000000000000000e+00
0.000000000000000000e+00
3.000000000000000000e+02
0.000000000000000000e+00
0.000000000000000000e+00
0.000000000000000000e+00
0.000000000000000000e+00
0.000000000000000000e+00
0.000000000000000000e+00
0.000000000000000000e+00
0.000000000000000000e+00
0.000000000000000000e+00
0.000000000000000000e+00
0.000000000000000000e+00
0.000000000000000000e+00
0.000000000000000000e+00
0.000000000000000000e+00
0.000000000000000000e+00
0.000000000000000000e+00
0.000000000000000000e+00
0.000000000000000000e+00
0.000000000000000000e+00
0.000000000000000000e+00
0.000000000000000000e+00
0.000000000000000000e+00
0.000000000000000000e+00
0.000000000000000000e+00
0.000000000000000000e+00
0.000000000000000000e+00
0.000000000000000000e+00
0.000000000000000000e+00
0.000000000000000000e+00
0.000000000000000000e+00
0.000000000000000000e+00
0.000000000000000000e+00
0.000000000000000000e+00
0.000000000000000000e+00
0.000000000000000000e+00
0.000000000000000000e+00
0.000000000000000000e+00
0.000000000000000000e+00
0.000000000000000000e+00
0.000000000000000000e+00
0.000000000000000000e+00
0.000000000000000000e+00
0.000000000000000000e+00
0.000000000000000000e+00
0.000000000000000000e+00
0.000000000000000000e+00
0.000000000000000000e+00
0.000000000000000000e+00
0.000000000000000000e+00
0.000000000000000000e+00
0.000000000000000000e+00
0.000000000000000000e+00
0.000000000000000000e+00
0.000000000000000000e+00
0.000000000000000000e+00
0.000000000000000000e+00
0.000000000000000000e+00
0.000000000000000000e+00
0.000000000000000000e+00
0.000000000000000000e+00
0.000000000000000000e+00
0.000000000000000000e+00
0.000000000000000000e+00
2.000000000000000000e+02
0.000000000000000000e+00
0.000000000000000000e+00
0.000000000000000000e+00
0.000000000000000000e+00
0.000000000000000000e+00
0.000000000000000000e+00
0.000000000000000000e+00
0.000000000000000000e+00
0.000000000000000000e+00
0.000000000000000000e+00
0.000000000000000000e+00
0.000000000000000000e+00
0.000000000000000000e+00
0.000000000000000000e+00
0.000000000000000000e+00
0.000000000000000000e+00
0.000000000000000000e+00
0.000000000000000000e+00
0.000000000000000000e+00
0.000000000000000000e+00
0.000000000000000000e+00
0.000000000000000000e+00
0.000000000000000000e+00
0.000000000000000000e+00
0.000000000000000000e+00
0.000000000000000000e+00
0.000000000000000000e+00
0.000000000000000000e+00
0.000000000000000000e+00
0.000000000000000000e+00
0.000000000000000000e+00
0.000000000000000000e+00
0.000000000000000000e+00
0.000000000000000000e+00
0.000000000000000000e+00
0.000000000000000000e+00
0.000000000000000000e+00
0.000000000000000000e+00
0.000000000000000000e+00
0.000000000000000000e+00
0.000000000000000000e+00
0.000000000000000000e+00
0.000000000000000000e+00
0.000000000000000000e+00
0.000000000000000000e+00
0.000000000000000000e+00
0.000000000000000000e+00
0.000000000000000000e+00
0.000000000000000000e+00
0.000000000000000000e+00
0.000000000000000000e+00
0.000000000000000000e+00
0.000000000000000000e+00
0.000000000000000000e+00
0.000000000000000000e+00
0.000000000000000000e+00
0.000000000000000000e+00
0.000000000000000000e+00
0.000000000000000000e+00
0.000000000000000000e+00
0.000000000000000000e+00
0.000000000000000000e+00
0.000000000000000000e+00
0.000000000000000000e+00
0.000000000000000000e+00
0.000000000000000000e+00
0.000000000000000000e+00
0.000000000000000000e+00
0.000000000000000000e+00
0.000000000000000000e+00
0.000000000000000000e+00
0.000000000000000000e+00
0.000000000000000000e+00
0.000000000000000000e+00
0.000000000000000000e+00
0.000000000000000000e+00
0.000000000000000000e+00
0.000000000000000000e+00
0.000000000000000000e+00
0.000000000000000000e+00
0.000000000000000000e+00
0.000000000000000000e+00
0.000000000000000000e+00
0.000000000000000000e+00
0.000000000000000000e+00
0.000000000000000000e+00
0.000000000000000000e+00
0.000000000000000000e+00
0.000000000000000000e+00
0.000000000000000000e+00
0.000000000000000000e+00
0.000000000000000000e+00
0.000000000000000000e+00
0.000000000000000000e+00
0.000000000000000000e+00
0.000000000000000000e+00
0.000000000000000000e+00
0.000000000000000000e+00
0.000000000000000000e+00
0.000000000000000000e+00
0.000000000000000000e+00
0.000000000000000000e+00
0.000000000000000000e+00
0.000000000000000000e+00
0.000000000000000000e+00
0.000000000000000000e+00
0.000000000000000000e+00
0.000000000000000000e+00
0.000000000000000000e+00
0.000000000000000000e+00
0.000000000000000000e+00
0.000000000000000000e+00
0.000000000000000000e+00
0.000000000000000000e+00
0.000000000000000000e+00
0.000000000000000000e+00
0.000000000000000000e+00
0.000000000000000000e+00
0.000000000000000000e+00
0.000000000000000000e+00
0.000000000000000000e+00
0.000000000000000000e+00
0.000000000000000000e+00
0.000000000000000000e+00
0.000000000000000000e+00
0.000000000000000000e+00
0.000000000000000000e+00
