1.000000000000000000e+06
5.009000000000000000e+05
4.989000000000000000e+05
5.030000000000000000e+05
4.991000000000000000e+05
4.946000000000000000e+05
5.030000000000000000e+05
5.049000000000000000e+05
4.982000000000000000e+05
4.964000000000000000e+05
4.982000000000000000e+05
4.955000000000000000e+05
4.956000000000000000e+05
5.016000000000000000e+05
5.038000000000000000e+05
5.009000000000000000e+05
5.036000000000000000e+05
4.981000000000000000e+05
5.025000000000000000e+05
5.077000000000000000e+05
5.087000000000000000e+05
4.894000000000000000e+05
5.023000000000000000e+05
4.945000000000000000e+05
5.073000000000000000e+05
5.020000000000000000e+05
5.014000000000000000e+05
5.040000000000000000e+05
5.021000000000000000e+05
5.007000000000000000e+05
5.027000000000000000e+05
4.684000000000000000e+05
5.056000000000000000e+05
4.917000000000000000e+05
4.940000000000000000e+05
5.100000000000000000e+05
5.027000000000000000e+05
5.025000000000000000e+05
5.023000000000000000e+05
5.108000000000000000e+05
4.991000000000000000e+05
4.974000000000000000e+05
5.022000000000000000e+05
4.969000000000000000e+05
5.021000000000000000e+05
4.952000000000000000e+05
5.059000000000000000e+05
4.741000000000000000e+05
4.994000000000000000e+05
4.975000000000000000e+05
4.954000000000000000e+05
4.959000000000000000e+05
4.924000000000000000e+05
4.938000000000000000e+05
4.976000000000000000e+05
4.520000000000000000e+05
5.065000000000000000e+05
5.013000000000000000e+05
5.035000000000000000e+05
4.426000000000000000e+05
4.934000000000000000e+05
4.996000000000000000e+05
4.896000000000000000e+05
2.452000000000000000e+05
4.986000000000000000e+05
4.992000000000000000e+05
5.013000000000000000e+05
4.950000000000000000e+05
5.006000000000000000e+05
5.037000000000000000e+05
4.949000000000000000e+05
5.029000000000000000e+05
5.086000000000000000e+05
5.023000000000000000e+05
5.015000000000000000e+05
5.048000000000000000e+05
4.987000000000000000e+05
5.015000000000000000e+05
5.037000000000000000e+05
4.461000000000000000e+05
4.970000000000000000e+05
4.983000000000000000e+05
4.906000000000000000e+05
4.986000000000000000e+05
5.016000000000000000e+05
4.934000000000000000e+05
5.031000000000000000e+05
4.186000000000000000e+05
5.018000000000000000e+05
5.015000000000000000e+05
5.039000000000000000e+05
3.889000000000000000e+05
4.950000000000000000e+05
4.958000000000000000e+05
4.818000000000000000e+05
1.832000000000000000e+05
4.985000000000000000e+05
5.082000000000000000e+05
4.963000000000000000e+05
4.858000000000000000e+05
5.012000000000000000e+05
5.030000000000000000e+05
4.981000000000000000e+05
3.758000000000000000e+05
5.030000000000000000e+05
4.988000000000000000e+05
5.072000000000000000e+05
3.351000000000000000e+05
4.981000000000000000e+05
5.027000000000000000e+05
4.652000000000000000e+05
1.239000000000000000e+05
5.025000000000000000e+05
5.040000000000000000e+05
5.056000000000000000e+05
2.829000000000000000e+05
4.897000000000000000e+05
5.048000000000000000e+05
4.476000000000000000e+05
8.050000000000000000e+04
4.908000000000000000e+05
4.971000000000000000e+05
4.370000000000000000e+05
5.700000000000000000e+04
4.958000000000000000e+05
4.891000000000000000e+05
2.390000000000000000e+05
3.300000000000000000e+03
5.035000000000000000e+05
4.982000000000000000e+05
4.990000000000000000e+05
4.992000000000000000e+05
5.005000000000000000e+05
5.044000000000000000e+05
4.975000000000000000e+05
4.931000000000000000e+05
4.965000000000000000e+05
5.132000000000000000e+05
5.073000000000000000e+05
4.943000000000000000e+05
5.027000000000000000e+05
5.010000000000000000e+05
4.986000000000000000e+05
3.882000000000000000e+05
5.067000000000000000e+05
4.949000000000000000e+05
4.945000000000000000e+05
4.770000000000000000e+05
4.996000000000000000e+05
5.019000000000000000e+05
5.128000000000000000e+05
3.532000000000000000e+05
5.002000000000000000e+05
5.044000000000000000e+05
5.028000000000000000e+05
3.120000000000000000e+05
5.005000000000000000e+05
4.943000000000000000e+05
4.599000000000000000e+05
1.053000000000000000e+05
4.909000000000000000e+05
4.967000000000000000e+05
4.973000000000000000e+05
4.661000000000000000e+05
5.072000000000000000e+05
4.956000000000000000e+05
4.932000000000000000e+05
2.887000000000000000e+05
5.028000000000000000e+05
4.944000000000000000e+05
4.960000000000000000e+05
2.497000000000000000e+05
5.030000000000000000e+05
4.971000000000000000e+05
4.333000000000000000e+05
5.920000000000000000e+04
5.047000000000000000e+05
5.114000000000000000e+05
4.914000000000000000e+05
1.890000000000000000e+05
4.933000000000000000e+05
5.014000000000000000e+05
4.107000000000000000e+05
3.510000000000000000e+04
4.966000000000000000e+05
4.933000000000000000e+05
3.862000000000000000e+05
2.270000000000000000e+04
5.076000000000000000e+05
4.920000000000000000e+05
1.642000000000000000e+05
4.000000000000000000e+02
5.025000000000000000e+05
4.980000000000000000e+05
5.095000000000000000e+05
4.138000000000000000e+05
5.085000000000000000e+05
5.055000000000000000e+05
4.878000000000000000e+05
2.112000000000000000e+05
4.974000000000000000e+05
5.024000000000000000e+05
4.852000000000000000e+05
1.585000000000000000e+05
5.040000000000000000e+05
4.988000000000000000e+05
3.876000000000000000e+05
2.730000000000000000e+04
4.927000000000000000e+05
5.066000000000000000e+05
4.848000000000000000e+05
1.142000000000000000e+05
4.972000000000000000e+05
4.951000000000000000e+05
3.569000000000000000e+05
1.270000000000000000e+04
5.033000000000000000e+05
5.024000000000000000e+05
3.192000000000000000e+05
5.800000000000000000e+03
5.032000000000000000e+05
4.839000000000000000e+05
1.117000000000000000e+05
0.000000000000000000e+00
5.053000000000000000e+05
5.082000000000000000e+05
4.713000000000000000e+05
7.380000000000000000e+04
4.951000000000000000e+05
4.951000000000000000e+05
2.942000000000000000e+05
5.400000000000000000e+03
5.044000000000000000e+05
4.926000000000000000e+05
2.545000000000000000e+05
2.100000000000000000e+03
4.940000000000000000e+05
4.713000000000000000e+05
6.680000000000000000e+04
0.000000000000000000e+00
4.997000000000000000e+05
5.040000000000000000e+05
2.031000000000000000e+05
1.000000000000000000e+03
5.035000000000000000e+05
4.680000000000000000e+05
4.230000000000000000e+04
0.000000000000000000e+00
4.956000000000000000e+05
4.622000000000000000e+05
2.610000000000000000e+04
0.000000000000000000e+00
4.969000000000000000e+05
3.039000000000000000e+05
8.000000000000000000e+02
0.000000000000000000e+00
5.025000000000000000e+05
5.055000000000000000e+05
5.013000000000000000e+05
4.962000000000000000e+05
5.031000000000000000e+05
4.997000000000000000e+05
4.963000000000000000e+05
4.614000000000000000e+05
5.012000000000000000e+05
5.067000000000000000e+05
4.948000000000000000e+05
4.530000000000000000e+05
4.960000000000000000e+05
4.967000000000000000e+05
4.999000000000000000e+05
2.779000000000000000e+05
5.014000000000000000e+05
4.939000000000000000e+05
5.035000000000000000e+05
4.268000000000000000e+05
4.968000000000000000e+05
5.001000000000000000e+05
5.051000000000000000e+05
2.239000000000000000e+05
4.980000000000000000e+05
4.959000000000000000e+05
4.884000000000000000e+05
1.830000000000000000e+05
5.000000000000000000e+05
4.888000000000000000e+05
3.958000000000000000e+05
3.450000000000000000e+04
4.972000000000000000e+05
4.997000000000000000e+05
5.057000000000000000e+05
3.828000000000000000e+05
4.963000000000000000e+05
5.084000000000000000e+05
4.967000000000000000e+05
1.668000000000000000e+05
5.007000000000000000e+05
4.958000000000000000e+05
4.881000000000000000e+05
1.276000000000000000e+05
4.924000000000000000e+05
4.971000000000000000e+05
3.721000000000000000e+05
1.300000000000000000e+04
4.905000000000000000e+05
4.987000000000000000e+05
4.768000000000000000e+05
8.390000000000000000e+04
5.057000000000000000e+05
5.005000000000000000e+05
3.196000000000000000e+05
6.700000000000000000e+03
5.004000000000000000e+05
4.953000000000000000e+05
2.861000000000000000e+05
4.300000000000000000e+03
4.941000000000000000e+05
4.774000000000000000e+05
8.920000000000000000e+04
0.000000000000000000e+00
4.982000000000000000e+05
4.904000000000000000e+05
5.004000000000000000e+05
3.075000000000000000e+05
5.042000000000000000e+05
4.974000000000000000e+05
4.775000000000000000e+05
9.780000000000000000e+04
4.969000000000000000e+05
4.983000000000000000e+05
4.658000000000000000e+05
6.850000000000000000e+04
4.909000000000000000e+05
5.036000000000000000e+05
2.994000000000000000e+05
4.500000000000000000e+03
4.946000000000000000e+05
5.012000000000000000e+05
4.360000000000000000e+05
4.250000000000000000e+04
4.981000000000000000e+05
4.984000000000000000e+05
2.475000000000000000e+05
1.800000000000000000e+03
5.056000000000000000e+05
5.002000000000000000e+05
2.089000000000000000e+05
5.000000000000000000e+02
5.015000000000000000e+05
4.658000000000000000e+05
4.500000000000000000e+04
0.000000000000000000e+00
4.946000000000000000e+05
4.984000000000000000e+05
4.031000000000000000e+05
2.400000000000000000e+04
4.956000000000000000e+05
5.030000000000000000e+05
1.841000000000000000e+05
3.000000000000000000e+02
4.994000000000000000e+05
4.924000000000000000e+05
1.395000000000000000e+05
1.000000000000000000e+02
5.095000000000000000e+05
4.619000000000000000e+05
1.990000000000000000e+04
0.000000000000000000e+00
5.034000000000000000e+05
4.967000000000000000e+05
1.026000000000000000e+05
2.000000000000000000e+02
5.058000000000000000e+05
4.448000000000000000e+05
1.110000000000000000e+04
0.000000000000000000e+00
5.039000000000000000e+05
4.359000000000000000e+05
6.400000000000000000e+03
0.000000000000000000e+00
4.967000000000000000e+05
2.485000000000000000e+05
1.000000000000000000e+02
0.000000000000000000e+00
4.921000000000000000e+05
4.978000000000000000e+05
4.928000000000000000e+05
2.162000000000000000e+05
4.934000000000000000e+05
4.958000000000000000e+05
4.391000000000000000e+05
4.330000000000000000e+04
5.017000000000000000e+05
5.007000000000000000e+05
4.156000000000000000e+05
3.050000000000000000e+04
4.908000000000000000e+05
5.047000000000000000e+05
2.094000000000000000e+05
5.000000000000000000e+02
5.053000000000000000e+05
4.972000000000000000e+05
3.752000000000000000e+05
1.440000000000000000e+04
5.097000000000000000e+05
4.893000000000000000e+05
1.608000000000000000e+05
0.000000000000000000e+00
5.023000000000000000e+05
4.891000000000000000e+05
1.229000000000000000e+05
2.000000000000000000e+02
4.994000000000000000e+05
4.479000000000000000e+05
1.460000000000000000e+04
0.000000000000000000e+00
4.972000000000000000e+05
5.051000000000000000e+05
3.151000000000000000e+05
9.500000000000000000e+03
5.021000000000000000e+05
4.985000000000000000e+05
1.073000000000000000e+05
0.000000000000000000e+00
4.988000000000000000e+05
4.963000000000000000e+05
7.450000000000000000e+04
1.000000000000000000e+02
4.948000000000000000e+05
4.346000000000000000e+05
5.200000000000000000e+03
0.000000000000000000e+00
4.983000000000000000e+05
4.910000000000000000e+05
4.930000000000000000e+04
0.000000000000000000e+00
4.956000000000000000e+05
4.198000000000000000e+05
3.000000000000000000e+03
0.000000000000000000e+00
5.006000000000000000e+05
3.912000000000000000e+05
1.900000000000000000e+03
0.000000000000000000e+00
5.034000000000000000e+05
1.889000000000000000e+05
0.000000000000000000e+00
0.000000000000000000e+00
4.999000000000000000e+05
5.004000000000000000e+05
2.347000000000000000e+05
3.100000000000000000e+03
5.002000000000000000e+05
4.868000000000000000e+05
5.810000000000000000e+04
0.000000000000000000e+00
5.072000000000000000e+05
4.968000000000000000e+05
3.540000000000000000e+04
0.000000000000000000e+00
5.084000000000000000e+05
3.888000000000000000e+05
2.200000000000000000e+03
0.000000000000000000e+00
4.977000000000000000e+05
4.790000000000000000e+05
2.430000000000000000e+04
0.000000000000000000e+00
5.000000000000000000e+05
3.685000000000000000e+05
1.100000000000000000e+03
0.000000000000000000e+00
5.002000000000000000e+05
3.349000000000000000e+05
4.000000000000000000e+02
0.000000000000000000e+00
5.060000000000000000e+05
1.289000000000000000e+05
0.000000000000000000e+00
0.000000000000000000e+00
5.047000000000000000e+05
4.781000000000000000e+05
1.310000000000000000e+04
0.000000000000000000e+00
4.964000000000000000e+05
3.195000000000000000e+05
1.000000000000000000e+02
0.000000000000000000e+00
5.013000000000000000e+05
2.854000000000000000e+05
2.000000000000000000e+02
0.000000000000000000e+00
5.028000000000000000e+05
8.760000000000000000e+04
0.000000000000000000e+00
0.000000000000000000e+00
4.940000000000000000e+05
2.263000000000000000e+05
1.000000000000000000e+02
0.000000000000000000e+00
4.951000000000000000e+05
5.500000000000000000e+04
0.000000000000000000e+00
0.000000000000000000e+00
4.926000000000000000e+05
3.540000000000000000e+04
0.000000000000000000e+00
0.000000000000000000e+00
4.173000000000000000e+05
9.000000000000000000e+02
0.000000000000000000e+00
0.000000000000000000e+00
5.044000000000000000e+05
4.958000000000000000e+05
5.022000000000000000e+05
4.978000000000000000e+05
4.948000000000000000e+05
4.985000000000000000e+05
5.028000000000000000e+05
4.026000000000000000e+05
5.046000000000000000e+05
5.046000000000000000e+05
5.030000000000000000e+05
3.620000000000000000e+05
4.999000000000000000e+05
4.999000000000000000e+05
4.805000000000000000e+05
1.467000000000000000e+05
4.991000000000000000e+05
4.993000000000000000e+05
5.058000000000000000e+05
3.129000000000000000e+05
5.011000000000000000e+05
4.840000000000000000e+05
4.713000000000000000e+05
1.065000000000000000e+05
5.076000000000000000e+05
5.079000000000000000e+05
4.636000000000000000e+05
7.530000000000000000e+04
5.000000000000000000e+05
5.022000000000000000e+05
2.912000000000000000e+05
5.600000000000000000e+03
5.021000000000000000e+05
5.007000000000000000e+05
4.940000000000000000e+05
2.512000000000000000e+05
5.057000000000000000e+05
5.017000000000000000e+05
4.527000000000000000e+05
6.450000000000000000e+04
4.993000000000000000e+05
4.974000000000000000e+05
4.358000000000000000e+05
3.860000000000000000e+04
4.998000000000000000e+05
4.972000000000000000e+05
2.377000000000000000e+05
8.000000000000000000e+02
5.042000000000000000e+05
4.958000000000000000e+05
3.931000000000000000e+05
2.390000000000000000e+04
5.008000000000000000e+05
5.100000000000000000e+05
1.798000000000000000e+05
1.000000000000000000e+03
5.034000000000000000e+05
5.057000000000000000e+05
1.492000000000000000e+05
1.000000000000000000e+02
4.922000000000000000e+05
4.566000000000000000e+05
2.520000000000000000e+04
0.000000000000000000e+00
5.142000000000000000e+05
5.020000000000000000e+05
4.844000000000000000e+05
1.742000000000000000e+05
4.998000000000000000e+05
4.978000000000000000e+05
4.128000000000000000e+05
2.900000000000000000e+04
4.990000000000000000e+05
4.964000000000000000e+05
3.891000000000000000e+05
1.750000000000000000e+04
5.067000000000000000e+05
5.000000000000000000e+05
1.648000000000000000e+05
2.000000000000000000e+02
5.073000000000000000e+05
5.024000000000000000e+05
3.440000000000000000e+05
9.700000000000000000e+03
5.039000000000000000e+05
5.004000000000000000e+05
1.249000000000000000e+05
0.000000000000000000e+00
4.930000000000000000e+05
4.969000000000000000e+05
8.820000000000000000e+04
0.000000000000000000e+00
5.029000000000000000e+05
4.355000000000000000e+05
7.700000000000000000e+03
0.000000000000000000e+00
4.987000000000000000e+05
5.036000000000000000e+05
2.684000000000000000e+05
4.200000000000000000e+03
5.100000000000000000e+05
4.936000000000000000e+05
6.900000000000000000e+04
0.000000000000000000e+00
4.943000000000000000e+05
4.903000000000000000e+05
5.040000000000000000e+04
0.000000000000000000e+00
5.071000000000000000e+05
4.192000000000000000e+05
2.800000000000000000e+03
0.000000000000000000e+00
5.008000000000000000e+05
4.842000000000000000e+05
3.340000000000000000e+04
0.000000000000000000e+00
5.033000000000000000e+05
3.925000000000000000e+05
8.000000000000000000e+02
0.000000000000000000e+00
5.028000000000000000e+05
3.725000000000000000e+05
1.200000000000000000e+03
0.000000000000000000e+00
4.997000000000000000e+05
1.545000000000000000e+05
0.000000000000000000e+00
0.000000000000000000e+00
4.997000000000000000e+05
5.030000000000000000e+05
4.786000000000000000e+05
1.038000000000000000e+05
4.959000000000000000e+05
5.023000000000000000e+05
3.346000000000000000e+05
1.060000000000000000e+04
4.984000000000000000e+05
5.027000000000000000e+05
2.952000000000000000e+05
5.500000000000000000e+03
5.072000000000000000e+05
4.958000000000000000e+05
8.910000000000000000e+04
0.000000000000000000e+00
5.005000000000000000e+05
5.034000000000000000e+05
2.487000000000000000e+05
2.600000000000000000e+03
4.919000000000000000e+05
4.902000000000000000e+05
6.230000000000000000e+04
0.000000000000000000e+00
4.985000000000000000e+05
5.007000000000000000e+05
4.100000000000000000e+04
0.000000000000000000e+00
4.980000000000000000e+05
4.064000000000000000e+05
2.200000000000000000e+03
0.000000000000000000e+00
4.946000000000000000e+05
4.988000000000000000e+05
1.765000000000000000e+05
1.300000000000000000e+03
4.998000000000000000e+05
4.951000000000000000e+05
3.470000000000000000e+04
0.000000000000000000e+00
4.947000000000000000e+05
4.805000000000000000e+05
1.800000000000000000e+04
0.000000000000000000e+00
4.958000000000000000e+05
3.665000000000000000e+05
5.000000000000000000e+02
0.000000000000000000e+00
4.973000000000000000e+05
4.768000000000000000e+05
1.180000000000000000e+04
0.000000000000000000e+00
5.020000000000000000e+05
3.291000000000000000e+05
2.000000000000000000e+02
0.000000000000000000e+00
4.957000000000000000e+05
3.027000000000000000e+05
3.000000000000000000e+02
0.000000000000000000e+00
4.955000000000000000e+05
1.003000000000000000e+05
0.000000000000000000e+00
0.000000000000000000e+00
5.015000000000000000e+05
4.895000000000000000e+05
1.197000000000000000e+05
8.000000000000000000e+02
4.882000000000000000e+05
4.797000000000000000e+05
1.600000000000000000e+04
0.000000000000000000e+00
4.928000000000000000e+05
4.787000000000000000e+05
1.020000000000000000e+04
0.000000000000000000e+00
5.048000000000000000e+05
3.129000000000000000e+05
0.000000000000000000e+00
0.000000000000000000e+00
4.973000000000000000e+05
4.539000000000000000e+05
5.200000000000000000e+03
0.000000000000000000e+00
5.008000000000000000e+05
2.709000000000000000e+05
0.000000000000000000e+00
0.000000000000000000e+00
5.013000000000000000e+05
2.320000000000000000e+05
0.000000000000000000e+00
0.000000000000000000e+00
4.891000000000000000e+05
5.580000000000000000e+04
0.000000000000000000e+00
0.000000000000000000e+00
4.998000000000000000e+05
4.173000000000000000e+05
2.300000000000000000e+03
0.000000000000000000e+00
5.003000000000000000e+05
2.166000000000000000e+05
0.000000000000000000e+00
0.000000000000000000e+00
4.995000000000000000e+05
1.669000000000000000e+05
0.000000000000000000e+00
0.000000000000000000e+00
4.941000000000000000e+05
2.860000000000000000e+04
0.000000000000000000e+00
0.000000000000000000e+00
5.105000000000000000e+05
1.249000000000000000e+05
0.000000000000000000e+00
0.000000000000000000e+00
4.975000000000000000e+05
1.560000000000000000e+04
0.000000000000000000e+00
0.000000000000000000e+00
4.924000000000000000e+05
1.090000000000000000e+04
0.000000000000000000e+00
0.000000000000000000e+00
4.017000000000000000e+05
0.000000000000000000e+00
0.000000000000000000e+00
0.000000000000000000e+00
5.027000000000000000e+05
5.009000000000000000e+05
4.471000000000000000e+05
5.960000000000000000e+04
5.002000000000000000e+05
5.016000000000000000e+05
2.281000000000000000e+05
1.900000000000000000e+03
4.998000000000000000e+05
4.895000000000000000e+05
1.905000000000000000e+05
1.100000000000000000e+03
5.059000000000000000e+05
4.809000000000000000e+05
3.360000000000000000e+04
0.000000000000000000e+00
4.986000000000000000e+05
4.936000000000000000e+05
1.454000000000000000e+05
1.200000000000000000e+03
4.982000000000000000e+05
4.843000000000000000e+05
2.130000000000000000e+04
0.000000000000000000e+00
4.998000000000000000e+05
4.669000000000000000e+05
1.120000000000000000e+04
0.000000000000000000e+00
4.988000000000000000e+05
3.395000000000000000e+05
2.000000000000000000e+02
0.000000000000000000e+00
5.022000000000000000e+05
4.990000000000000000e+05
9.790000000000000000e+04
4.000000000000000000e+02
5.072000000000000000e+05
4.611000000000000000e+05
9.900000000000000000e+03
0.000000000000000000e+00
4.938000000000000000e+05
4.505000000000000000e+05
4.700000000000000000e+03
0.000000000000000000e+00
4.971000000000000000e+05
2.728000000000000000e+05
0.000000000000000000e+00
0.000000000000000000e+00
4.894000000000000000e+05
4.332000000000000000e+05
2.600000000000000000e+03
0.000000000000000000e+00
4.973000000000000000e+05
2.429000000000000000e+05
1.000000000000000000e+02
0.000000000000000000e+00
4.977000000000000000e+05
1.972000000000000000e+05
0.000000000000000000e+00
0.000000000000000000e+00
4.885000000000000000e+05
4.300000000000000000e+04
0.000000000000000000e+00
0.000000000000000000e+00
4.969000000000000000e+05
4.919000000000000000e+05
5.870000000000000000e+04
0.000000000000000000e+00
4.970000000000000000e+05
4.327000000000000000e+05
3.100000000000000000e+03
0.000000000000000000e+00
5.038000000000000000e+05
4.216000000000000000e+05
2.200000000000000000e+03
0.000000000000000000e+00
5.056000000000000000e+05
2.259000000000000000e+05
0.000000000000000000e+00
0.000000000000000000e+00
5.018000000000000000e+05
3.784000000000000000e+05
1.100000000000000000e+03
0.000000000000000000e+00
4.975000000000000000e+05
1.768000000000000000e+05
0.000000000000000000e+00
0.000000000000000000e+00
4.969000000000000000e+05
1.335000000000000000e+05
0.000000000000000000e+00
0.000000000000000000e+00
4.868000000000000000e+05
1.980000000000000000e+04
0.000000000000000000e+00
0.000000000000000000e+00
5.061000000000000000e+05
3.362000000000000000e+05
3.000000000000000000e+02
0.000000000000000000e+00
4.982000000000000000e+05
1.145000000000000000e+05
0.000000000000000000e+00
0.000000000000000000e+00
5.050000000000000000e+05
9.140000000000000000e+04
0.000000000000000000e+00
0.000000000000000000e+00
4.945000000000000000e+05
1.000000000000000000e+04
0.000000000000000000e+00
0.000000000000000000e+00
5.046000000000000000e+05
5.740000000000000000e+04
0.000000000000000000e+00
0.000000000000000000e+00
4.804000000000000000e+05
2.900000000000000000e+03
0.000000000000000000e+00
0.000000000000000000e+00
4.782000000000000000e+05
2.700000000000000000e+03
0.000000000000000000e+00
0.000000000000000000e+00
3.561000000000000000e+05
0.000000000000000000e+00
0.000000000000000000e+00
0.000000000000000000e+00
5.094000000000000000e+05
4.922000000000000000e+05
3.440000000000000000e+04
0.000000000000000000e+00
5.090000000000000000e+05
3.826000000000000000e+05
1.100000000000000000e+03
0.000000000000000000e+00
4.968000000000000000e+05
3.426000000000000000e+05
9.000000000000000000e+02
0.000000000000000000e+00
5.020000000000000000e+05
1.361000000000000000e+05
0.000000000000000000e+00
0.000000000000000000e+00
5.038000000000000000e+05
2.990000000000000000e+05
2.000000000000000000e+02
0.000000000000000000e+00
5.086000000000000000e+05
1.004000000000000000e+05
0.000000000000000000e+00
0.000000000000000000e+00
4.969000000000000000e+05
7.080000000000000000e+04
0.000000000000000000e+00
0.000000000000000000e+00
4.853000000000000000e+05
6.500000000000000000e+03
0.000000000000000000e+00
0.000000000000000000e+00
4.979000000000000000e+05
2.308000000000000000e+05
2.000000000000000000e+02
0.000000000000000000e+00
4.974000000000000000e+05
6.250000000000000000e+04
0.000000000000000000e+00
0.000000000000000000e+00
5.059000000000000000e+05
3.830000000000000000e+04
0.000000000000000000e+00
0.000000000000000000e+00
4.864000000000000000e+05
1.600000000000000000e+03
0.000000000000000000e+00
0.000000000000000000e+00
4.947000000000000000e+05
2.280000000000000000e+04
0.000000000000000000e+00
0.000000000000000000e+00
4.729000000000000000e+05
8.000000000000000000e+02
0.000000000000000000e+00
0.000000000000000000e+00
4.672000000000000000e+05
4.000000000000000000e+02
0.000000000000000000e+00
0.000000000000000000e+00
3.122000000000000000e+05
0.000000000000000000e+00
0.000000000000000000e+00
0.000000000000000000e+00
4.951000000000000000e+05
1.644000000000000000e+05
0.000000000000000000e+00
0.000000000000000000e+00
4.976000000000000000e+05
3.140000000000000000e+04
0.000000000000000000e+00
0.000000000000000000e+00
5.001000000000000000e+05
1.800000000000000000e+04
0.000000000000000000e+00
0.000000000000000000e+00
4.710000000000000000e+05
5.000000000000000000e+02
0.000000000000000000e+00
0.000000000000000000e+00
5.020000000000000000e+05
1.150000000000000000e+04
0.000000000000000000e+00
0.000000000000000000e+00
4.562000000000000000e+05
1.000000000000000000e+02
0.000000000000000000e+00
0.000000000000000000e+00
4.452000000000000000e+05
2.000000000000000000e+02
0.000000000000000000e+00
0.000000000000000000e+00
2.657000000000000000e+05
0.000000000000000000e+00
0.000000000000000000e+00
0.000000000000000000e+00
4.946000000000000000e+05
6.000000000000000000e+03
0.000000000000000000e+00
0.000000000000000000e+00
4.337000000000000000e+05
0.000000000000000000e+00
0.000000000000000000e+00
0.000000000000000000e+00
4.023000000000000000e+05
0.000000000000000000e+00
0.000000000000000000e+00
0.000000000000000000e+00
2.079000000000000000e+05
0.000000000000000000e+00
0.000000000000000000e+00
0.000000000000000000e+00
3.773000000000000000e+05
0.000000000000000000e+00
0.000000000000000000e+00
0.000000000000000000e+00
1.698000000000000000e+05
0.000000000000000000e+00
0.000000000000000000e+00
0.000000000000000000e+00
1.207000000000000000e+05
0.000000000000000000e+00
0.000000000000000000e+00
0.000000000000000000e+00
1.820000000000000000e+04
0.000000000000000000e+00
0.000000000000000000e+00
0.000000000000000000e+00
