1.000000000000000000e+06
5.037000000000000000e+05
5.090000000000000000e+05
4.901000000000000000e+05
1.000000000000000000e+06
4.962000000000000000e+05
4.997000000000000000e+05
5.033000000000000000e+05
1.000000000000000000e+06
5.031000000000000000e+05
4.955000000000000000e+05
4.980000000000000000e+05
5.033000000000000000e+05
4.984000000000000000e+05
5.028000000000000000e+05
4.934000000000000000e+05
1.000000000000000000e+06
4.979000000000000000e+05
4.937000000000000000e+05
5.020000000000000000e+05
5.044000000000000000e+05
4.927000000000000000e+05
4.962000000000000000e+05
5.069000000000000000e+05
4.989000000000000000e+05
4.946000000000000000e+05
4.985000000000000000e+05
4.941000000000000000e+05
5.017000000000000000e+05
4.925000000000000000e+05
5.053000000000000000e+05
4.985000000000000000e+05
1.000000000000000000e+06
4.973000000000000000e+05
5.022000000000000000e+05
5.010000000000000000e+05
5.092000000000000000e+05
5.089000000000000000e+05
4.975000000000000000e+05
5.043000000000000000e+05
5.025000000000000000e+05
5.027000000000000000e+05
4.985000000000000000e+05
5.081000000000000000e+05
5.061000000000000000e+05
4.890000000000000000e+05
5.043000000000000000e+05
4.995000000000000000e+05
5.044000000000000000e+05
4.919000000000000000e+05
4.980000000000000000e+05
5.012000000000000000e+05
5.029000000000000000e+05
4.993000000000000000e+05
4.952000000000000000e+05
4.983000000000000000e+05
4.915000000000000000e+05
4.969000000000000000e+05
4.965000000000000000e+05
4.955000000000000000e+05
4.985000000000000000e+05
4.992000000000000000e+05
4.967000000000000000e+05
4.276000000000000000e+05
1.000000000000000000e+06
5.070000000000000000e+05
4.958000000000000000e+05
5.012000000000000000e+05
5.019000000000000000e+05
5.007000000000000000e+05
4.976000000000000000e+05
5.049000000000000000e+05
5.074000000000000000e+05
5.058000000000000000e+05
4.964000000000000000e+05
4.940000000000000000e+05
5.012000000000000000e+05
4.919000000000000000e+05
5.021000000000000000e+05
4.983000000000000000e+05
4.945000000000000000e+05
4.914000000000000000e+05
4.975000000000000000e+05
4.980000000000000000e+05
4.994000000000000000e+05
4.993000000000000000e+05
5.055000000000000000e+05
4.973000000000000000e+05
5.083000000000000000e+05
5.014000000000000000e+05
5.026000000000000000e+05
4.917000000000000000e+05
4.871000000000000000e+05
4.958000000000000000e+05
4.919000000000000000e+05
4.077000000000000000e+05
4.958000000000000000e+05
5.037000000000000000e+05
4.956000000000000000e+05
5.063000000000000000e+05
5.010000000000000000e+05
4.933000000000000000e+05
4.959000000000000000e+05
4.901000000000000000e+05
4.905000000000000000e+05
5.024000000000000000e+05
5.012000000000000000e+05
4.990000000000000000e+05
5.012000000000000000e+05
5.064000000000000000e+05
4.993000000000000000e+05
3.770000000000000000e+05
5.092000000000000000e+05
4.912000000000000000e+05
4.979000000000000000e+05
4.811000000000000000e+05
4.996000000000000000e+05
4.971000000000000000e+05
5.097000000000000000e+05
3.421000000000000000e+05
4.921000000000000000e+05
4.973000000000000000e+05
5.065000000000000000e+05
3.146000000000000000e+05
5.066000000000000000e+05
4.993000000000000000e+05
4.609000000000000000e+05
1.046000000000000000e+05
1.000000000000000000e+06
5.002000000000000000e+05
4.987000000000000000e+05
5.082000000000000000e+05
5.079000000000000000e+05
5.062000000000000000e+05
4.959000000000000000e+05
5.052000000000000000e+05
4.909000000000000000e+05
4.975000000000000000e+05
4.991000000000000000e+05
4.960000000000000000e+05
4.957000000000000000e+05
4.997000000000000000e+05
4.941000000000000000e+05
4.879000000000000000e+05
5.034000000000000000e+05
4.899000000000000000e+05
5.010000000000000000e+05
5.004000000000000000e+05
5.037000000000000000e+05
4.988000000000000000e+05
5.024000000000000000e+05
4.857000000000000000e+05
4.951000000000000000e+05
4.956000000000000000e+05
4.942000000000000000e+05
4.874000000000000000e+05
5.031000000000000000e+05
5.119000000000000000e+05
4.937000000000000000e+05
3.536000000000000000e+05
5.080000000000000000e+05
4.949000000000000000e+05
5.027000000000000000e+05
4.924000000000000000e+05
5.049000000000000000e+05
4.977000000000000000e+05
4.917000000000000000e+05
4.763000000000000000e+05
4.959000000000000000e+05
4.917000000000000000e+05
5.081000000000000000e+05
4.819000000000000000e+05
4.913000000000000000e+05
5.034000000000000000e+05
5.090000000000000000e+05
3.138000000000000000e+05
5.036000000000000000e+05
5.008000000000000000e+05
5.042000000000000000e+05
4.552000000000000000e+05
5.034000000000000000e+05
5.011000000000000000e+05
5.024000000000000000e+05
2.658000000000000000e+05
5.018000000000000000e+05
4.989000000000000000e+05
4.998000000000000000e+05
2.341000000000000000e+05
5.070000000000000000e+05
4.995000000000000000e+05
4.438000000000000000e+05
5.480000000000000000e+04
5.026000000000000000e+05
5.043000000000000000e+05
5.047000000000000000e+05
4.991000000000000000e+05
5.029000000000000000e+05
4.991000000000000000e+05
4.957000000000000000e+05
4.553000000000000000e+05
4.954000000000000000e+05
5.018000000000000000e+05
4.958000000000000000e+05
4.238000000000000000e+05
4.969000000000000000e+05
5.064000000000000000e+05
4.993000000000000000e+05
2.367000000000000000e+05
5.037000000000000000e+05
5.001000000000000000e+05
4.995000000000000000e+05
4.036000000000000000e+05
4.973000000000000000e+05
4.952000000000000000e+05
4.996000000000000000e+05
1.934000000000000000e+05
4.986000000000000000e+05
4.959000000000000000e+05
5.001000000000000000e+05
1.592000000000000000e+05
4.924000000000000000e+05
4.921000000000000000e+05
4.186000000000000000e+05
2.410000000000000000e+04
4.895000000000000000e+05
5.006000000000000000e+05
5.007000000000000000e+05
3.480000000000000000e+05
4.941000000000000000e+05
4.985000000000000000e+05
4.966000000000000000e+05
1.316000000000000000e+05
5.031000000000000000e+05
4.993000000000000000e+05
4.846000000000000000e+05
9.690000000000000000e+04
4.941000000000000000e+05
4.991000000000000000e+05
3.858000000000000000e+05
1.100000000000000000e+04
5.034000000000000000e+05
4.998000000000000000e+05
4.831000000000000000e+05
6.270000000000000000e+04
4.965000000000000000e+05
4.941000000000000000e+05
3.463000000000000000e+05
3.500000000000000000e+03
4.970000000000000000e+05
5.118000000000000000e+05
3.222000000000000000e+05
1.900000000000000000e+03
4.955000000000000000e+05
4.918000000000000000e+05
1.272000000000000000e+05
0.000000000000000000e+00
1.000000000000000000e+06
5.018000000000000000e+05
5.037000000000000000e+05
5.039000000000000000e+05
4.921000000000000000e+05
5.002000000000000000e+05
4.960000000000000000e+05
4.971000000000000000e+05
4.994000000000000000e+05
4.875000000000000000e+05
4.957000000000000000e+05
4.902000000000000000e+05
5.036000000000000000e+05
5.035000000000000000e+05
5.011000000000000000e+05
4.711000000000000000e+05
5.004000000000000000e+05
4.987000000000000000e+05
5.040000000000000000e+05
5.044000000000000000e+05
4.984000000000000000e+05
5.035000000000000000e+05
4.960000000000000000e+05
4.559000000000000000e+05
5.095000000000000000e+05
5.000000000000000000e+05
5.002000000000000000e+05
4.376000000000000000e+05
5.056000000000000000e+05
4.973000000000000000e+05
4.955000000000000000e+05
2.653000000000000000e+05
5.037000000000000000e+05
4.963000000000000000e+05
5.014000000000000000e+05
4.957000000000000000e+05
5.021000000000000000e+05
5.115000000000000000e+05
4.976000000000000000e+05
4.282000000000000000e+05
5.024000000000000000e+05
5.012000000000000000e+05
5.055000000000000000e+05
4.167000000000000000e+05
5.015000000000000000e+05
4.997000000000000000e+05
4.957000000000000000e+05
2.115000000000000000e+05
5.015000000000000000e+05
5.039000000000000000e+05
5.017000000000000000e+05
3.704000000000000000e+05
5.023000000000000000e+05
5.033000000000000000e+05
4.913000000000000000e+05
1.546000000000000000e+05
4.958000000000000000e+05
4.973000000000000000e+05
4.888000000000000000e+05
1.194000000000000000e+05
4.985000000000000000e+05
5.036000000000000000e+05
3.953000000000000000e+05
1.600000000000000000e+04
4.886000000000000000e+05
4.961000000000000000e+05
4.977000000000000000e+05
4.924000000000000000e+05
4.980000000000000000e+05
5.024000000000000000e+05
5.025000000000000000e+05
3.760000000000000000e+05
4.993000000000000000e+05
5.039000000000000000e+05
5.001000000000000000e+05
3.508000000000000000e+05
4.997000000000000000e+05
4.964000000000000000e+05
4.922000000000000000e+05
1.325000000000000000e+05
5.025000000000000000e+05
5.026000000000000000e+05
4.977000000000000000e+05
2.901000000000000000e+05
5.048000000000000000e+05
5.001000000000000000e+05
4.852000000000000000e+05
9.310000000000000000e+04
5.030000000000000000e+05
5.034000000000000000e+05
4.870000000000000000e+05
6.870000000000000000e+04
5.027000000000000000e+05
4.975000000000000000e+05
3.630000000000000000e+05
4.900000000000000000e+03
4.973000000000000000e+05
5.069000000000000000e+05
4.954000000000000000e+05
2.288000000000000000e+05
5.025000000000000000e+05
5.145000000000000000e+05
4.747000000000000000e+05
5.710000000000000000e+04
4.916000000000000000e+05
5.078000000000000000e+05
4.734000000000000000e+05
3.940000000000000000e+04
4.991000000000000000e+05
4.992000000000000000e+05
3.231000000000000000e+05
1.500000000000000000e+03
4.961000000000000000e+05
5.009000000000000000e+05
4.568000000000000000e+05
2.360000000000000000e+04
5.042000000000000000e+05
4.917000000000000000e+05
2.855000000000000000e+05
4.000000000000000000e+02
4.980000000000000000e+05
4.987000000000000000e+05
2.453000000000000000e+05
1.000000000000000000e+02
4.924000000000000000e+05
4.772000000000000000e+05
6.310000000000000000e+04
0.000000000000000000e+00
5.076000000000000000e+05
4.969000000000000000e+05
4.999000000000000000e+05
4.579000000000000000e+05
4.952000000000000000e+05
5.105000000000000000e+05
5.021000000000000000e+05
2.925000000000000000e+05
4.958000000000000000e+05
4.946000000000000000e+05
5.005000000000000000e+05
2.541000000000000000e+05
4.991000000000000000e+05
4.951000000000000000e+05
4.833000000000000000e+05
7.040000000000000000e+04
5.011000000000000000e+05
4.931000000000000000e+05
4.996000000000000000e+05
2.008000000000000000e+05
4.989000000000000000e+05
5.001000000000000000e+05
4.666000000000000000e+05
3.960000000000000000e+04
5.006000000000000000e+05
4.982000000000000000e+05
4.627000000000000000e+05
2.570000000000000000e+04
4.999000000000000000e+05
4.960000000000000000e+05
2.987000000000000000e+05
6.000000000000000000e+02
4.897000000000000000e+05
5.017000000000000000e+05
5.033000000000000000e+05
1.353000000000000000e+05
4.979000000000000000e+05
4.984000000000000000e+05
4.488000000000000000e+05
2.180000000000000000e+04
5.009000000000000000e+05
5.060000000000000000e+05
4.364000000000000000e+05
1.320000000000000000e+04
5.050000000000000000e+05
5.007000000000000000e+05
2.494000000000000000e+05
1.000000000000000000e+02
5.029000000000000000e+05
4.981000000000000000e+05
4.065000000000000000e+05
7.500000000000000000e+03
5.043000000000000000e+05
4.942000000000000000e+05
1.962000000000000000e+05
0.000000000000000000e+00
5.039000000000000000e+05
4.990000000000000000e+05
1.614000000000000000e+05
0.000000000000000000e+00
4.986000000000000000e+05
4.742000000000000000e+05
2.670000000000000000e+04
0.000000000000000000e+00
5.004000000000000000e+05
5.034000000000000000e+05
4.822000000000000000e+05
9.320000000000000000e+04
5.005000000000000000e+05
5.101000000000000000e+05
4.195000000000000000e+05
8.700000000000000000e+03
5.004000000000000000e+05
5.013000000000000000e+05
3.917000000000000000e+05
5.100000000000000000e+03
4.935000000000000000e+05
4.989000000000000000e+05
1.761000000000000000e+05
0.000000000000000000e+00
5.001000000000000000e+05
5.012000000000000000e+05
3.447000000000000000e+05
2.500000000000000000e+03
5.005000000000000000e+05
5.021000000000000000e+05
1.268000000000000000e+05
0.000000000000000000e+00
4.911000000000000000e+05
4.952000000000000000e+05
1.038000000000000000e+05
0.000000000000000000e+00
4.988000000000000000e+05
4.677000000000000000e+05
9.500000000000000000e+03
0.000000000000000000e+00
4.993000000000000000e+05
5.002000000000000000e+05
2.882000000000000000e+05
1.100000000000000000e+03
4.915000000000000000e+05
4.922000000000000000e+05
8.610000000000000000e+04
0.000000000000000000e+00
4.975000000000000000e+05
5.038000000000000000e+05
6.160000000000000000e+04
0.000000000000000000e+00
4.965000000000000000e+05
4.539000000000000000e+05
3.900000000000000000e+03
0.000000000000000000e+00
5.057000000000000000e+05
5.050000000000000000e+05
3.590000000000000000e+04
0.000000000000000000e+00
4.951000000000000000e+05
4.396000000000000000e+05
1.500000000000000000e+03
0.000000000000000000e+00
4.971000000000000000e+05
4.160000000000000000e+05
1.300000000000000000e+03
0.000000000000000000e+00
4.965000000000000000e+05
2.270000000000000000e+05
0.000000000000000000e+00
0.000000000000000000e+00
9.959000000000000000e+05
5.061000000000000000e+05
4.985000000000000000e+05
4.982000000000000000e+05
5.023000000000000000e+05
4.933000000000000000e+05
5.061000000000000000e+05
4.955000000000000000e+05
5.062000000000000000e+05
4.917000000000000000e+05
5.047000000000000000e+05
4.885000000000000000e+05
4.909000000000000000e+05
4.915000000000000000e+05
5.010000000000000000e+05
4.088000000000000000e+05
5.023000000000000000e+05
5.059000000000000000e+05
4.951000000000000000e+05
4.788000000000000000e+05
4.968000000000000000e+05
5.132000000000000000e+05
5.006000000000000000e+05
3.833000000000000000e+05
5.023000000000000000e+05
5.048000000000000000e+05
4.968000000000000000e+05
3.413000000000000000e+05
5.091000000000000000e+05
5.002000000000000000e+05
4.889000000000000000e+05
1.331000000000000000e+05
5.068000000000000000e+05
4.985000000000000000e+05
5.006000000000000000e+05
4.678000000000000000e+05
4.908000000000000000e+05
4.978000000000000000e+05
5.010000000000000000e+05
3.273000000000000000e+05
4.921000000000000000e+05
4.993000000000000000e+05
5.024000000000000000e+05
2.834000000000000000e+05
4.976000000000000000e+05
4.893000000000000000e+05
4.813000000000000000e+05
9.040000000000000000e+04
5.055000000000000000e+05
4.968000000000000000e+05
5.088000000000000000e+05
2.330000000000000000e+05
5.043000000000000000e+05
5.031000000000000000e+05
4.753000000000000000e+05
5.580000000000000000e+04
4.997000000000000000e+05
4.999000000000000000e+05
4.676000000000000000e+05
3.530000000000000000e+04
5.113000000000000000e+05
4.929000000000000000e+05
3.204000000000000000e+05
1.500000000000000000e+03
5.017000000000000000e+05
4.971000000000000000e+05
5.051000000000000000e+05
4.468000000000000000e+05
4.936000000000000000e+05
4.987000000000000000e+05
4.908000000000000000e+05
2.512000000000000000e+05
5.062000000000000000e+05
4.989000000000000000e+05
5.059000000000000000e+05
2.121000000000000000e+05
5.007000000000000000e+05
5.023000000000000000e+05
4.746000000000000000e+05
4.630000000000000000e+04
5.035000000000000000e+05
5.011000000000000000e+05
4.977000000000000000e+05
1.572000000000000000e+05
4.948000000000000000e+05
5.015000000000000000e+05
4.634000000000000000e+05
2.620000000000000000e+04
4.967000000000000000e+05
4.987000000000000000e+05
4.488000000000000000e+05
1.600000000000000000e+04
4.948000000000000000e+05
5.014000000000000000e+05
2.703000000000000000e+05
3.000000000000000000e+02
5.096000000000000000e+05
4.977000000000000000e+05
4.970000000000000000e+05
1.040000000000000000e+05
5.051000000000000000e+05
5.063000000000000000e+05
4.281000000000000000e+05
1.330000000000000000e+04
4.999000000000000000e+05
5.008000000000000000e+05
4.242000000000000000e+05
6.700000000000000000e+03
4.974000000000000000e+05
4.992000000000000000e+05
2.183000000000000000e+05
0.000000000000000000e+00
5.053000000000000000e+05
5.053000000000000000e+05
3.869000000000000000e+05
4.700000000000000000e+03
4.995000000000000000e+05
5.054000000000000000e+05
1.716000000000000000e+05
0.000000000000000000e+00
4.941000000000000000e+05
4.976000000000000000e+05
1.332000000000000000e+05
0.000000000000000000e+00
4.889000000000000000e+05
4.658000000000000000e+05
2.070000000000000000e+04
0.000000000000000000e+00
5.033000000000000000e+05
5.005000000000000000e+05
4.938000000000000000e+05
3.789000000000000000e+05
4.987000000000000000e+05
4.995000000000000000e+05
5.035000000000000000e+05
1.621000000000000000e+05
4.946000000000000000e+05
4.980000000000000000e+05
5.059000000000000000e+05
1.267000000000000000e+05
5.020000000000000000e+05
4.910000000000000000e+05
4.392000000000000000e+05
1.890000000000000000e+04
4.933000000000000000e+05
5.045000000000000000e+05
5.013000000000000000e+05
8.460000000000000000e+04
5.061000000000000000e+05
5.000000000000000000e+05
4.227000000000000000e+05
7.600000000000000000e+03
4.990000000000000000e+05
4.912000000000000000e+05
3.926000000000000000e+05
2.800000000000000000e+03
4.966000000000000000e+05
4.932000000000000000e+05
1.880000000000000000e+05
0.000000000000000000e+00
4.898000000000000000e+05
5.135000000000000000e+05
4.975000000000000000e+05
5.310000000000000000e+04
4.994000000000000000e+05
4.996000000000000000e+05
3.843000000000000000e+05
3.500000000000000000e+03
5.078000000000000000e+05
5.057000000000000000e+05
3.539000000000000000e+05
1.800000000000000000e+03
5.018000000000000000e+05
5.069000000000000000e+05
1.401000000000000000e+05
0.000000000000000000e+00
4.858000000000000000e+05
5.005000000000000000e+05
2.984000000000000000e+05
6.000000000000000000e+02
5.046000000000000000e+05
5.025000000000000000e+05
9.380000000000000000e+04
0.000000000000000000e+00
5.046000000000000000e+05
5.111000000000000000e+05
7.190000000000000000e+04
0.000000000000000000e+00
5.052000000000000000e+05
4.571000000000000000e+05
5.200000000000000000e+03
0.000000000000000000e+00
4.982000000000000000e+05
5.029000000000000000e+05
4.762000000000000000e+05
3.360000000000000000e+04
4.988000000000000000e+05
5.066000000000000000e+05
3.080000000000000000e+05
9.000000000000000000e+02
5.025000000000000000e+05
4.995000000000000000e+05
2.782000000000000000e+05
3.000000000000000000e+02
4.967000000000000000e+05
5.025000000000000000e+05
8.290000000000000000e+04
0.000000000000000000e+00
5.059000000000000000e+05
4.909000000000000000e+05
2.252000000000000000e+05
2.000000000000000000e+02
5.040000000000000000e+05
4.986000000000000000e+05
5.030000000000000000e+04
0.000000000000000000e+00
5.070000000000000000e+05
4.976000000000000000e+05
3.540000000000000000e+04
0.000000000000000000e+00
4.980000000000000000e+05
4.379000000000000000e+05
1.800000000000000000e+03
0.000000000000000000e+00
4.990000000000000000e+05
5.015000000000000000e+05
1.623000000000000000e+05
0.000000000000000000e+00
5.032000000000000000e+05
4.998000000000000000e+05
3.010000000000000000e+04
0.000000000000000000e+00
5.037000000000000000e+05
4.932000000000000000e+05
1.820000000000000000e+04
0.000000000000000000e+00
5.024000000000000000e+05
4.210000000000000000e+05
4.000000000000000000e+02
0.000000000000000000e+00
4.993000000000000000e+05
4.919000000000000000e+05
9.100000000000000000e+03
0.000000000000000000e+00
4.954000000000000000e+05
3.971000000000000000e+05
6.000000000000000000e+02
0.000000000000000000e+00
4.916000000000000000e+05
3.676000000000000000e+05
4.000000000000000000e+02
0.000000000000000000e+00
4.889000000000000000e+05
1.616000000000000000e+05
0.000000000000000000e+00
0.000000000000000000e+00
4.961000000000000000e+05
5.055000000000000000e+05
4.940000000000000000e+05
2.802000000000000000e+05
5.037000000000000000e+05
5.002000000000000000e+05
4.864000000000000000e+05
8.030000000000000000e+04
5.067000000000000000e+05
4.993000000000000000e+05
4.860000000000000000e+05
6.110000000000000000e+04
4.976000000000000000e+05
4.988000000000000000e+05
3.762000000000000000e+05
4.000000000000000000e+03
5.019000000000000000e+05
5.021000000000000000e+05
4.795000000000000000e+05
3.760000000000000000e+04
4.967000000000000000e+05
4.984000000000000000e+05
3.422000000000000000e+05
1.800000000000000000e+03
4.898000000000000000e+05
5.050000000000000000e+05
3.076000000000000000e+05
5.000000000000000000e+02
4.963000000000000000e+05
4.913000000000000000e+05
1.012000000000000000e+05
0.000000000000000000e+00
4.919000000000000000e+05
4.966000000000000000e+05
4.592000000000000000e+05
1.910000000000000000e+04
5.048000000000000000e+05
4.985000000000000000e+05
2.822000000000000000e+05
7.000000000000000000e+02
5.027000000000000000e+05
5.005000000000000000e+05
2.330000000000000000e+05
4.000000000000000000e+02
4.941000000000000000e+05
4.910000000000000000e+05
6.460000000000000000e+04
0.000000000000000000e+00
4.975000000000000000e+05
5.015000000000000000e+05
1.798000000000000000e+05
0.000000000000000000e+00
4.997000000000000000e+05
4.799000000000000000e+05
3.520000000000000000e+04
0.000000000000000000e+00
5.010000000000000000e+05
4.966000000000000000e+05
2.200000000000000000e+04
0.000000000000000000e+00
5.006000000000000000e+05
4.361000000000000000e+05
9.000000000000000000e+02
0.000000000000000000e+00
5.015000000000000000e+05
5.005000000000000000e+05
4.269000000000000000e+05
1.070000000000000000e+04
4.991000000000000000e+05
5.008000000000000000e+05
2.115000000000000000e+05
0.000000000000000000e+00
5.012000000000000000e+05
5.046000000000000000e+05
1.754000000000000000e+05
0.000000000000000000e+00
4.899000000000000000e+05
4.922000000000000000e+05
3.200000000000000000e+04
0.000000000000000000e+00
4.976000000000000000e+05
4.961000000000000000e+05
1.227000000000000000e+05
0.000000000000000000e+00
4.972000000000000000e+05
4.957000000000000000e+05
1.700000000000000000e+04
0.000000000000000000e+00
4.932000000000000000e+05
4.969000000000000000e+05
1.060000000000000000e+04
0.000000000000000000e+00
5.064000000000000000e+05
3.986000000000000000e+05
0.000000000000000000e+00
0.000000000000000000e+00
5.056000000000000000e+05
5.044000000000000000e+05
8.350000000000000000e+04
0.000000000000000000e+00
4.952000000000000000e+05
4.933000000000000000e+05
7.200000000000000000e+03
0.000000000000000000e+00
5.043000000000000000e+05
4.879000000000000000e+05
4.400000000000000000e+03
0.000000000000000000e+00
5.016000000000000000e+05
3.654000000000000000e+05
0.000000000000000000e+00
0.000000000000000000e+00
5.011000000000000000e+05
4.831000000000000000e+05
2.500000000000000000e+03
0.000000000000000000e+00
4.932000000000000000e+05
3.322000000000000000e+05
0.000000000000000000e+00
0.000000000000000000e+00
5.031000000000000000e+05
2.939000000000000000e+05
0.000000000000000000e+00
0.000000000000000000e+00
4.763000000000000000e+05
9.660000000000000000e+04
0.000000000000000000e+00
0.000000000000000000e+00
4.954000000000000000e+05
4.954000000000000000e+05
3.457000000000000000e+05
5.700000000000000000e+03
5.035000000000000000e+05
5.029000000000000000e+05
1.356000000000000000e+05
0.000000000000000000e+00
4.996000000000000000e+05
4.955000000000000000e+05
9.280000000000000000e+04
0.000000000000000000e+00
5.016000000000000000e+05
5.010000000000000000e+05
1.110000000000000000e+04
0.000000000000000000e+00
4.989000000000000000e+05
5.021000000000000000e+05
6.470000000000000000e+04
0.000000000000000000e+00
5.028000000000000000e+05
4.839000000000000000e+05
5.300000000000000000e+03
0.000000000000000000e+00
5.074000000000000000e+05
4.792000000000000000e+05
2.400000000000000000e+03
0.000000000000000000e+00
5.063000000000000000e+05
3.525000000000000000e+05
0.000000000000000000e+00
0.000000000000000000e+00
5.011000000000000000e+05
4.975000000000000000e+05
4.110000000000000000e+04
0.000000000000000000e+00
4.990000000000000000e+05
4.748000000000000000e+05
2.200000000000000000e+03
0.000000000000000000e+00
5.034000000000000000e+05
4.645000000000000000e+05
1.300000000000000000e+03
0.000000000000000000e+00
4.948000000000000000e+05
3.029000000000000000e+05
0.000000000000000000e+00
0.000000000000000000e+00
5.040000000000000000e+05
4.455000000000000000e+05
4.000000000000000000e+02
0.000000000000000000e+00
4.962000000000000000e+05
2.603000000000000000e+05
0.000000000000000000e+00
0.000000000000000000e+00
5.021000000000000000e+05
2.227000000000000000e+05
0.000000000000000000e+00
0.000000000000000000e+00
4.693000000000000000e+05
5.630000000000000000e+04
0.000000000000000000e+00
0.000000000000000000e+00
4.988000000000000000e+05
4.907000000000000000e+05
2.130000000000000000e+04
0.000000000000000000e+00
5.076000000000000000e+05
4.412000000000000000e+05
3.000000000000000000e+02
0.000000000000000000e+00
4.940000000000000000e+05
4.316000000000000000e+05
3.000000000000000000e+02
0.000000000000000000e+00
4.933000000000000000e+05
2.383000000000000000e+05
0.000000000000000000e+00
0.000000000000000000e+00
5.065000000000000000e+05
3.990000000000000000e+05
0.000000000000000000e+00
0.000000000000000000e+00
4.984000000000000000e+05
1.896000000000000000e+05
0.000000000000000000e+00
0.000000000000000000e+00
5.028000000000000000e+05
1.595000000000000000e+05
0.000000000000000000e+00
0.000000000000000000e+00
4.496000000000000000e+05
2.570000000000000000e+04
0.000000000000000000e+00
0.000000000000000000e+00
5.084000000000000000e+05
3.474000000000000000e+05
3.000000000000000000e+02
0.000000000000000000e+00
4.938000000000000000e+05
1.271000000000000000e+05
0.000000000000000000e+00
0.000000000000000000e+00
4.902000000000000000e+05
1.014000000000000000e+05
0.000000000000000000e+00
0.000000000000000000e+00
4.365000000000000000e+05
1.270000000000000000e+04
0.000000000000000000e+00
0.000000000000000000e+00
4.969000000000000000e+05
6.650000000000000000e+04
0.000000000000000000e+00
0.000000000000000000e+00
4.171000000000000000e+05
5.500000000000000000e+03
0.000000000000000000e+00
0.000000000000000000e+00
3.922000000000000000e+05
3.100000000000000000e+03
0.000000000000000000e+00
0.000000000000000000e+00
1.928000000000000000e+05
0.000000000000000000e+00
0.000000000000000000e+00
0.000000000000000000e+00
