1.000000000000000000e+06
5.117000000000000000e+05
4.998000000000000000e+05
5.021000000000000000e+05
1.000000000000000000e+06
4.994000000000000000e+05
4.927000000000000000e+05
4.990000000000000000e+05
1.000000000000000000e+06
5.167000000000000000e+05
5.012000000000000000e+05
4.998000000000000000e+05
4.960000000000000000e+05
4.907000000000000000e+05
5.056000000000000000e+05
4.904000000000000000e+05
1.000000000000000000e+06
5.039000000000000000e+05
4.932000000000000000e+05
5.005000000000000000e+05
4.947000000000000000e+05
5.033000000000000000e+05
5.002000000000000000e+05
4.978000000000000000e+05
4.927000000000000000e+05
5.066000000000000000e+05
5.119000000000000000e+05
4.921000000000000000e+05
4.985000000000000000e+05
5.014000000000000000e+05
4.969000000000000000e+05
4.966000000000000000e+05
1.000000000000000000e+06
4.940000000000000000e+05
5.044000000000000000e+05
5.075000000000000000e+05
4.996000000000000000e+05
5.122000000000000000e+05
4.921000000000000000e+05
5.000000000000000000e+05
5.032000000000000000e+05
4.946000000000000000e+05
5.032000000000000000e+05
5.052000000000000000e+05
5.017000000000000000e+05
4.924000000000000000e+05
4.992000000000000000e+05
4.999000000000000000e+05
4.895000000000000000e+05
4.948000000000000000e+05
4.958000000000000000e+05
5.009000000000000000e+05
4.943000000000000000e+05
4.993000000000000000e+05
4.899000000000000000e+05
4.975000000000000000e+05
4.952000000000000000e+05
4.946000000000000000e+05
4.993000000000000000e+05
4.949000000000000000e+05
5.001000000000000000e+05
5.004000000000000000e+05
5.015000000000000000e+05
3.918000000000000000e+05
1.000000000000000000e+06
5.067000000000000000e+05
5.033000000000000000e+05
5.037000000000000000e+05
5.036000000000000000e+05
4.913000000000000000e+05
4.966000000000000000e+05
5.116000000000000000e+05
4.956000000000000000e+05
4.944000000000000000e+05
4.966000000000000000e+05
4.996000000000000000e+05
5.106000000000000000e+05
5.028000000000000000e+05
4.976000000000000000e+05
4.931000000000000000e+05
5.041000000000000000e+05
5.009000000000000000e+05
4.989000000000000000e+05
4.990000000000000000e+05
5.020000000000000000e+05
4.972000000000000000e+05
4.976000000000000000e+05
4.905000000000000000e+05
4.963000000000000000e+05
4.980000000000000000e+05
4.972000000000000000e+05
4.766000000000000000e+05
4.931000000000000000e+05
4.957000000000000000e+05
5.012000000000000000e+05
3.583000000000000000e+05
4.882000000000000000e+05
5.026000000000000000e+05
4.966000000000000000e+05
4.970000000000000000e+05
5.025000000000000000e+05
5.038000000000000000e+05
4.997000000000000000e+05
4.745000000000000000e+05
5.043000000000000000e+05
4.961000000000000000e+05
5.029000000000000000e+05
4.796000000000000000e+05
4.917000000000000000e+05
5.089000000000000000e+05
5.012000000000000000e+05
3.243000000000000000e+05
4.961000000000000000e+05
4.915000000000000000e+05
5.080000000000000000e+05
4.554000000000000000e+05
5.013000000000000000e+05
4.983000000000000000e+05
4.994000000000000000e+05
2.707000000000000000e+05
4.990000000000000000e+05
5.050000000000000000e+05
5.027000000000000000e+05
2.408000000000000000e+05
4.989000000000000000e+05
4.988000000000000000e+05
4.280000000000000000e+05
5.930000000000000000e+04
9.974000000000000000e+05
5.024000000000000000e+05
5.037000000000000000e+05
4.967000000000000000e+05
4.978000000000000000e+05
5.025000000000000000e+05
5.042000000000000000e+05
5.020000000000000000e+05
4.921000000000000000e+05
5.071000000000000000e+05
5.065000000000000000e+05
4.937000000000000000e+05
5.054000000000000000e+05
4.944000000000000000e+05
4.960000000000000000e+05
4.811000000000000000e+05
4.887000000000000000e+05
4.966000000000000000e+05
4.956000000000000000e+05
4.994000000000000000e+05
4.915000000000000000e+05
4.964000000000000000e+05
5.047000000000000000e+05
4.711000000000000000e+05
5.028000000000000000e+05
4.906000000000000000e+05
5.046000000000000000e+05
4.650000000000000000e+05
5.011000000000000000e+05
4.954000000000000000e+05
4.949000000000000000e+05
2.882000000000000000e+05
4.961000000000000000e+05
4.942000000000000000e+05
4.947000000000000000e+05
4.953000000000000000e+05
4.957000000000000000e+05
4.914000000000000000e+05
5.001000000000000000e+05
4.475000000000000000e+05
4.903000000000000000e+05
5.039000000000000000e+05
4.992000000000000000e+05
4.447000000000000000e+05
5.028000000000000000e+05
4.984000000000000000e+05
5.041000000000000000e+05
2.357000000000000000e+05
5.103000000000000000e+05
5.028000000000000000e+05
5.035000000000000000e+05
4.030000000000000000e+05
5.026000000000000000e+05
4.894000000000000000e+05
4.947000000000000000e+05
1.931000000000000000e+05
4.947000000000000000e+05
4.917000000000000000e+05
4.894000000000000000e+05
1.581000000000000000e+05
5.049000000000000000e+05
4.967000000000000000e+05
3.946000000000000000e+05
2.370000000000000000e+04
4.903000000000000000e+05
4.996000000000000000e+05
5.189000000000000000e+05
5.021000000000000000e+05
4.999000000000000000e+05
4.966000000000000000e+05
5.007000000000000000e+05
4.067000000000000000e+05
4.986000000000000000e+05
5.046000000000000000e+05
5.027000000000000000e+05
3.689000000000000000e+05
4.991000000000000000e+05
5.026000000000000000e+05
4.937000000000000000e+05
1.608000000000000000e+05
5.094000000000000000e+05
4.983000000000000000e+05
5.002000000000000000e+05
3.404000000000000000e+05
5.024000000000000000e+05
5.039000000000000000e+05
4.893000000000000000e+05
1.188000000000000000e+05
5.027000000000000000e+05
4.954000000000000000e+05
4.796000000000000000e+05
8.980000000000000000e+04
4.960000000000000000e+05
4.900000000000000000e+05
3.566000000000000000e+05
8.400000000000000000e+03
4.990000000000000000e+05
5.019000000000000000e+05
4.974000000000000000e+05
2.601000000000000000e+05
5.024000000000000000e+05
5.018000000000000000e+05
4.713000000000000000e+05
7.400000000000000000e+04
4.959000000000000000e+05
5.056000000000000000e+05
4.685000000000000000e+05
5.310000000000000000e+04
4.994000000000000000e+05
5.018000000000000000e+05
3.103000000000000000e+05
2.700000000000000000e+03
5.012000000000000000e+05
5.058000000000000000e+05
4.427000000000000000e+05
2.870000000000000000e+04
5.041000000000000000e+05
4.938000000000000000e+05
2.639000000000000000e+05
7.000000000000000000e+02
5.074000000000000000e+05
5.103000000000000000e+05
2.313000000000000000e+05
4.000000000000000000e+02
4.989000000000000000e+05
4.731000000000000000e+05
5.890000000000000000e+04
0.000000000000000000e+00
9.117000000000000000e+05
4.974000000000000000e+05
4.971000000000000000e+05
4.891000000000000000e+05
5.035000000000000000e+05
4.885000000000000000e+05
4.991000000000000000e+05
4.990000000000000000e+05
4.921000000000000000e+05
5.003000000000000000e+05
5.011000000000000000e+05
4.888000000000000000e+05
4.910000000000000000e+05
5.002000000000000000e+05
5.056000000000000000e+05
4.430000000000000000e+05
5.037000000000000000e+05
4.932000000000000000e+05
4.961000000000000000e+05
4.905000000000000000e+05
4.952000000000000000e+05
4.990000000000000000e+05
4.957000000000000000e+05
4.108000000000000000e+05
4.972000000000000000e+05
4.938000000000000000e+05
4.973000000000000000e+05
3.896000000000000000e+05
4.919000000000000000e+05
5.035000000000000000e+05
4.887000000000000000e+05
1.902000000000000000e+05
5.003000000000000000e+05
5.029000000000000000e+05
5.028000000000000000e+05
4.893000000000000000e+05
5.011000000000000000e+05
4.953000000000000000e+05
5.064000000000000000e+05
3.716000000000000000e+05
5.007000000000000000e+05
4.928000000000000000e+05
5.004000000000000000e+05
3.448000000000000000e+05
5.071000000000000000e+05
5.003000000000000000e+05
4.861000000000000000e+05
1.354000000000000000e+05
5.009000000000000000e+05
5.004000000000000000e+05
5.007000000000000000e+05
2.930000000000000000e+05
4.921000000000000000e+05
5.010000000000000000e+05
4.769000000000000000e+05
8.820000000000000000e+04
5.013000000000000000e+05
5.010000000000000000e+05
4.697000000000000000e+05
6.470000000000000000e+04
4.867000000000000000e+05
5.058000000000000000e+05
3.221000000000000000e+05
4.300000000000000000e+03
5.057000000000000000e+05
4.987000000000000000e+05
4.998000000000000000e+05
4.668000000000000000e+05
5.076000000000000000e+05
4.990000000000000000e+05
5.005000000000000000e+05
2.995000000000000000e+05
4.942000000000000000e+05
4.974000000000000000e+05
4.969000000000000000e+05
2.705000000000000000e+05
4.947000000000000000e+05
4.971000000000000000e+05
4.757000000000000000e+05
7.320000000000000000e+04
5.038000000000000000e+05
5.059000000000000000e+05
4.926000000000000000e+05
2.091000000000000000e+05
5.008000000000000000e+05
4.927000000000000000e+05
4.647000000000000000e+05
4.770000000000000000e+04
5.035000000000000000e+05
5.027000000000000000e+05
4.579000000000000000e+05
3.170000000000000000e+04
4.986000000000000000e+05
4.989000000000000000e+05
2.769000000000000000e+05
7.000000000000000000e+02
5.010000000000000000e+05
5.029000000000000000e+05
5.076000000000000000e+05
1.529000000000000000e+05
4.963000000000000000e+05
5.078000000000000000e+05
4.398000000000000000e+05
2.410000000000000000e+04
4.907000000000000000e+05
5.017000000000000000e+05
4.261000000000000000e+05
1.590000000000000000e+04
4.975000000000000000e+05
5.050000000000000000e+05
2.273000000000000000e+05
3.000000000000000000e+02
5.047000000000000000e+05
4.987000000000000000e+05
3.950000000000000000e+05
8.400000000000000000e+03
4.932000000000000000e+05
4.964000000000000000e+05
1.837000000000000000e+05
1.000000000000000000e+02
4.955000000000000000e+05
4.962000000000000000e+05
1.378000000000000000e+05
0.000000000000000000e+00
4.999000000000000000e+05
4.543000000000000000e+05
1.990000000000000000e+04
0.000000000000000000e+00
4.968000000000000000e+05
4.963000000000000000e+05
4.961000000000000000e+05
4.100000000000000000e+05
4.990000000000000000e+05
4.965000000000000000e+05
4.973000000000000000e+05
2.146000000000000000e+05
5.078000000000000000e+05
4.985000000000000000e+05
4.973000000000000000e+05
1.692000000000000000e+05
5.009000000000000000e+05
5.024000000000000000e+05
4.491000000000000000e+05
3.180000000000000000e+04
4.989000000000000000e+05
5.013000000000000000e+05
4.930000000000000000e+05
1.236000000000000000e+05
5.039000000000000000e+05
5.012000000000000000e+05
4.185000000000000000e+05
1.470000000000000000e+04
4.965000000000000000e+05
5.011000000000000000e+05
4.088000000000000000e+05
8.100000000000000000e+03
4.951000000000000000e+05
4.953000000000000000e+05
2.011000000000000000e+05
2.000000000000000000e+02
4.942000000000000000e+05
5.043000000000000000e+05
4.935000000000000000e+05
8.390000000000000000e+04
4.952000000000000000e+05
4.998000000000000000e+05
3.908000000000000000e+05
7.600000000000000000e+03
5.104000000000000000e+05
5.026000000000000000e+05
3.560000000000000000e+05
4.000000000000000000e+03
4.987000000000000000e+05
5.030000000000000000e+05
1.480000000000000000e+05
0.000000000000000000e+00
5.008000000000000000e+05
5.018000000000000000e+05
3.089000000000000000e+05
2.200000000000000000e+03
5.087000000000000000e+05
4.895000000000000000e+05
1.034000000000000000e+05
0.000000000000000000e+00
4.986000000000000000e+05
4.971000000000000000e+05
7.730000000000000000e+04
0.000000000000000000e+00
4.970000000000000000e+05
4.424000000000000000e+05
7.200000000000000000e+03
0.000000000000000000e+00
4.957000000000000000e+05
4.952000000000000000e+05
4.701000000000000000e+05
5.160000000000000000e+04
4.882000000000000000e+05
5.024000000000000000e+05
3.292000000000000000e+05
2.200000000000000000e+03
4.986000000000000000e+05
4.988000000000000000e+05
2.883000000000000000e+05
8.000000000000000000e+02
4.983000000000000000e+05
4.941000000000000000e+05
8.690000000000000000e+04
0.000000000000000000e+00
4.994000000000000000e+05
4.995000000000000000e+05
2.309000000000000000e+05
1.000000000000000000e+03
5.012000000000000000e+05
4.970000000000000000e+05
5.570000000000000000e+04
0.000000000000000000e+00
4.996000000000000000e+05
4.971000000000000000e+05
3.740000000000000000e+04
0.000000000000000000e+00
5.002000000000000000e+05
4.259000000000000000e+05
1.700000000000000000e+03
0.000000000000000000e+00
5.037000000000000000e+05
5.077000000000000000e+05
1.704000000000000000e+05
5.000000000000000000e+02
4.944000000000000000e+05
4.907000000000000000e+05
3.100000000000000000e+04
0.000000000000000000e+00
4.953000000000000000e+05
4.910000000000000000e+05
2.090000000000000000e+04
0.000000000000000000e+00
4.991000000000000000e+05
4.034000000000000000e+05
3.000000000000000000e+02
0.000000000000000000e+00
5.050000000000000000e+05
4.841000000000000000e+05
9.600000000000000000e+03
0.000000000000000000e+00
5.014000000000000000e+05
3.701000000000000000e+05
4.000000000000000000e+02
0.000000000000000000e+00
4.967000000000000000e+05
3.332000000000000000e+05
0.000000000000000000e+00
0.000000000000000000e+00
4.950000000000000000e+05
1.269000000000000000e+05
0.000000000000000000e+00
0.000000000000000000e+00
7.764000000000000000e+05
5.016000000000000000e+05
4.939000000000000000e+05
4.962000000000000000e+05
4.967000000000000000e+05
5.038000000000000000e+05
4.996000000000000000e+05
4.839000000000000000e+05
4.859000000000000000e+05
5.044000000000000000e+05
5.093000000000000000e+05
4.788000000000000000e+05
4.989000000000000000e+05
5.025000000000000000e+05
5.022000000000000000e+05
3.544000000000000000e+05
4.951000000000000000e+05
5.020000000000000000e+05
5.023000000000000000e+05
4.608000000000000000e+05
5.085000000000000000e+05
5.014000000000000000e+05
5.019000000000000000e+05
3.122000000000000000e+05
5.043000000000000000e+05
5.001000000000000000e+05
4.957000000000000000e+05
2.587000000000000000e+05
5.024000000000000000e+05
5.037000000000000000e+05
4.633000000000000000e+05
7.630000000000000000e+04
5.021000000000000000e+05
5.011000000000000000e+05
4.946000000000000000e+05
4.388000000000000000e+05
4.925000000000000000e+05
5.062000000000000000e+05
5.053000000000000000e+05
2.460000000000000000e+05
4.966000000000000000e+05
4.989000000000000000e+05
5.034000000000000000e+05
2.075000000000000000e+05
5.049000000000000000e+05
4.916000000000000000e+05
4.573000000000000000e+05
4.590000000000000000e+04
4.986000000000000000e+05
5.037000000000000000e+05
5.060000000000000000e+05
1.472000000000000000e+05
4.973000000000000000e+05
5.109000000000000000e+05
4.360000000000000000e+05
2.230000000000000000e+04
4.982000000000000000e+05
5.051000000000000000e+05
4.240000000000000000e+05
1.370000000000000000e+04
5.040000000000000000e+05
4.956000000000000000e+05
2.320000000000000000e+05
2.000000000000000000e+02
5.011000000000000000e+05
4.939000000000000000e+05
4.982000000000000000e+05
3.853000000000000000e+05
4.962000000000000000e+05
4.973000000000000000e+05
5.018000000000000000e+05
1.713000000000000000e+05
5.045000000000000000e+05
5.031000000000000000e+05
4.995000000000000000e+05
1.326000000000000000e+05
4.961000000000000000e+05
5.040000000000000000e+05
4.387000000000000000e+05
1.780000000000000000e+04
5.058000000000000000e+05
4.982000000000000000e+05
4.998000000000000000e+05
9.300000000000000000e+04
4.969000000000000000e+05
4.995000000000000000e+05
4.087000000000000000e+05
8.200000000000000000e+03
4.990000000000000000e+05
4.984000000000000000e+05
3.828000000000000000e+05
5.700000000000000000e+03
5.023000000000000000e+05
5.050000000000000000e+05
1.682000000000000000e+05
0.000000000000000000e+00
5.088000000000000000e+05
4.985000000000000000e+05
4.924000000000000000e+05
5.540000000000000000e+04
4.997000000000000000e+05
5.053000000000000000e+05
3.554000000000000000e+05
3.400000000000000000e+03
4.976000000000000000e+05
5.066000000000000000e+05
3.330000000000000000e+05
1.500000000000000000e+03
4.995000000000000000e+05
4.972000000000000000e+05
1.205000000000000000e+05
0.000000000000000000e+00
4.942000000000000000e+05
4.972000000000000000e+05
2.742000000000000000e+05
8.000000000000000000e+02
5.003000000000000000e+05
4.977000000000000000e+05
8.210000000000000000e+04
0.000000000000000000e+00
4.973000000000000000e+05
4.958000000000000000e+05
5.810000000000000000e+04
0.000000000000000000e+00
4.976000000000000000e+05
4.274000000000000000e+05
4.600000000000000000e+03
0.000000000000000000e+00
5.041000000000000000e+05
4.927000000000000000e+05
5.015000000000000000e+05
2.997000000000000000e+05
5.048000000000000000e+05
4.961000000000000000e+05
4.983000000000000000e+05
9.610000000000000000e+04
4.976000000000000000e+05
5.054000000000000000e+05
4.929000000000000000e+05
7.170000000000000000e+04
4.993000000000000000e+05
5.010000000000000000e+05
3.709000000000000000e+05
5.900000000000000000e+03
5.003000000000000000e+05
5.034000000000000000e+05
4.807000000000000000e+05
4.160000000000000000e+04
5.026000000000000000e+05
5.007000000000000000e+05
3.375000000000000000e+05
1.600000000000000000e+03
4.924000000000000000e+05
5.008000000000000000e+05
3.005000000000000000e+05
1.000000000000000000e+02
4.994000000000000000e+05
4.933000000000000000e+05
9.900000000000000000e+04
0.000000000000000000e+00
5.022000000000000000e+05
5.066000000000000000e+05
4.612000000000000000e+05
2.300000000000000000e+04
4.980000000000000000e+05
5.001000000000000000e+05
2.793000000000000000e+05
7.000000000000000000e+02
5.027000000000000000e+05
5.107000000000000000e+05
2.366000000000000000e+05
6.000000000000000000e+02
5.013000000000000000e+05
5.055000000000000000e+05
5.970000000000000000e+04
0.000000000000000000e+00
4.929000000000000000e+05
5.019000000000000000e+05
1.849000000000000000e+05
2.000000000000000000e+02
5.066000000000000000e+05
5.021000000000000000e+05
3.190000000000000000e+04
0.000000000000000000e+00
5.004000000000000000e+05
5.013000000000000000e+05
2.270000000000000000e+04
0.000000000000000000e+00
5.045000000000000000e+05
4.037000000000000000e+05
4.000000000000000000e+02
0.000000000000000000e+00
4.866000000000000000e+05
5.053000000000000000e+05
4.130000000000000000e+05
1.590000000000000000e+04
4.962000000000000000e+05
5.028000000000000000e+05
1.961000000000000000e+05
3.000000000000000000e+02
4.972000000000000000e+05
4.917000000000000000e+05
1.642000000000000000e+05
0.000000000000000000e+00
4.968000000000000000e+05
4.951000000000000000e+05
2.540000000000000000e+04
0.000000000000000000e+00
4.933000000000000000e+05
5.042000000000000000e+05
1.179000000000000000e+05
0.000000000000000000e+00
5.099000000000000000e+05
4.887000000000000000e+05
1.300000000000000000e+04
0.000000000000000000e+00
4.978000000000000000e+05
4.814000000000000000e+05
9.400000000000000000e+03
0.000000000000000000e+00
4.984000000000000000e+05
3.738000000000000000e+05
1.000000000000000000e+02
0.000000000000000000e+00
4.962000000000000000e+05
4.963000000000000000e+05
7.870000000000000000e+04
0.000000000000000000e+00
4.985000000000000000e+05
4.831000000000000000e+05
5.200000000000000000e+03
0.000000000000000000e+00
5.045000000000000000e+05
4.736000000000000000e+05
4.700000000000000000e+03
0.000000000000000000e+00
5.038000000000000000e+05
3.333000000000000000e+05
0.000000000000000000e+00
0.000000000000000000e+00
4.967000000000000000e+05
4.567000000000000000e+05
2.000000000000000000e+03
0.000000000000000000e+00
5.050000000000000000e+05
3.006000000000000000e+05
0.000000000000000000e+00
0.000000000000000000e+00
4.952000000000000000e+05
2.582000000000000000e+05
0.000000000000000000e+00
0.000000000000000000e+00
4.814000000000000000e+05
7.210000000000000000e+04
0.000000000000000000e+00
0.000000000000000000e+00
5.095000000000000000e+05
5.025000000000000000e+05
5.093000000000000000e+05
2.007000000000000000e+05
4.871000000000000000e+05
4.981000000000000000e+05
4.652000000000000000e+05
4.320000000000000000e+04
5.040000000000000000e+05
5.004000000000000000e+05
4.578000000000000000e+05
3.100000000000000000e+04
5.002000000000000000e+05
4.984000000000000000e+05
2.811000000000000000e+05
1.300000000000000000e+03
5.067000000000000000e+05
4.997000000000000000e+05
4.440000000000000000e+05
1.490000000000000000e+04
5.040000000000000000e+05
5.062000000000000000e+05
2.290000000000000000e+05
1.000000000000000000e+02
5.018000000000000000e+05
5.085000000000000000e+05
1.911000000000000000e+05
1.000000000000000000e+02
5.043000000000000000e+05
4.885000000000000000e+05
3.900000000000000000e+04
0.000000000000000000e+00
5.062000000000000000e+05
5.016000000000000000e+05
3.838000000000000000e+05
8.300000000000000000e+03
4.971000000000000000e+05
4.972000000000000000e+05
1.686000000000000000e+05
1.000000000000000000e+02
5.011000000000000000e+05
5.013000000000000000e+05
1.289000000000000000e+05
0.000000000000000000e+00
4.984000000000000000e+05
4.774000000000000000e+05
1.940000000000000000e+04
0.000000000000000000e+00
4.899000000000000000e+05
5.046000000000000000e+05
8.760000000000000000e+04
0.000000000000000000e+00
5.095000000000000000e+05
4.829000000000000000e+05
8.800000000000000000e+03
0.000000000000000000e+00
5.014000000000000000e+05
4.785000000000000000e+05
5.000000000000000000e+03
0.000000000000000000e+00
5.079000000000000000e+05
3.620000000000000000e+05
0.000000000000000000e+00
0.000000000000000000e+00
5.004000000000000000e+05
5.064000000000000000e+05
3.241000000000000000e+05
3.800000000000000000e+03
4.969000000000000000e+05
5.022000000000000000e+05
1.082000000000000000e+05
0.000000000000000000e+00
4.974000000000000000e+05
5.005000000000000000e+05
8.210000000000000000e+04
0.000000000000000000e+00
4.938000000000000000e+05
4.759000000000000000e+05
7.700000000000000000e+03
0.000000000000000000e+00
5.019000000000000000e+05
4.968000000000000000e+05
5.080000000000000000e+04
0.000000000000000000e+00
4.977000000000000000e+05
4.747000000000000000e+05
3.200000000000000000e+03
0.000000000000000000e+00
4.979000000000000000e+05
4.712000000000000000e+05
2.000000000000000000e+03
0.000000000000000000e+00
5.086000000000000000e+05
3.082000000000000000e+05
0.000000000000000000e+00
0.000000000000000000e+00
5.093000000000000000e+05
4.980000000000000000e+05
3.380000000000000000e+04
0.000000000000000000e+00
5.003000000000000000e+05
4.587000000000000000e+05
9.000000000000000000e+02
0.000000000000000000e+00
5.025000000000000000e+05
4.409000000000000000e+05
1.000000000000000000e+03
0.000000000000000000e+00
5.042000000000000000e+05
2.528000000000000000e+05
0.000000000000000000e+00
0.000000000000000000e+00
4.937000000000000000e+05
4.128000000000000000e+05
3.000000000000000000e+02
0.000000000000000000e+00
5.011000000000000000e+05
2.006000000000000000e+05
0.000000000000000000e+00
0.000000000000000000e+00
5.080000000000000000e+05
1.703000000000000000e+05
0.000000000000000000e+00
0.000000000000000000e+00
4.659000000000000000e+05
3.040000000000000000e+04
0.000000000000000000e+00
0.000000000000000000e+00
5.078000000000000000e+05
4.992000000000000000e+05
2.369000000000000000e+05
2.000000000000000000e+03
5.005000000000000000e+05
5.086000000000000000e+05
6.200000000000000000e+04
0.000000000000000000e+00
5.047000000000000000e+05
4.967000000000000000e+05
3.760000000000000000e+04
0.000000000000000000e+00
5.004000000000000000e+05
4.689000000000000000e+05
1.500000000000000000e+03
0.000000000000000000e+00
4.990000000000000000e+05
5.021000000000000000e+05
2.450000000000000000e+04
0.000000000000000000e+00
4.991000000000000000e+05
4.405000000000000000e+05
1.400000000000000000e+03
0.000000000000000000e+00
5.087000000000000000e+05
4.277000000000000000e+05
0.000000000000000000e+00
0.000000000000000000e+00
5.034000000000000000e+05
2.384000000000000000e+05
0.000000000000000000e+00
0.000000000000000000e+00
5.021000000000000000e+05
4.917000000000000000e+05
1.440000000000000000e+04
0.000000000000000000e+00
5.044000000000000000e+05
4.181000000000000000e+05
1.000000000000000000e+02
0.000000000000000000e+00
4.934000000000000000e+05
3.837000000000000000e+05
4.000000000000000000e+02
0.000000000000000000e+00
4.947000000000000000e+05
1.806000000000000000e+05
0.000000000000000000e+00
0.000000000000000000e+00
4.980000000000000000e+05
3.592000000000000000e+05
1.000000000000000000e+02
0.000000000000000000e+00
5.001000000000000000e+05
1.375000000000000000e+05
0.000000000000000000e+00
0.000000000000000000e+00
5.020000000000000000e+05
1.065000000000000000e+05
0.000000000000000000e+00
0.000000000000000000e+00
4.507000000000000000e+05
1.320000000000000000e+04
0.000000000000000000e+00
0.000000000000000000e+00
5.042000000000000000e+05
4.787000000000000000e+05
5.800000000000000000e+03
0.000000000000000000e+00
4.984000000000000000e+05
3.547000000000000000e+05
1.000000000000000000e+02
0.000000000000000000e+00
5.017000000000000000e+05
3.290000000000000000e+05
0.000000000000000000e+00
0.000000000000000000e+00
4.978000000000000000e+05
1.187000000000000000e+05
0.000000000000000000e+00
0.000000000000000000e+00
5.016000000000000000e+05
2.842000000000000000e+05
0.000000000000000000e+00
0.000000000000000000e+00
5.003000000000000000e+05
8.150000000000000000e+04
0.000000000000000000e+00
0.000000000000000000e+00
4.976000000000000000e+05
5.570000000000000000e+04
0.000000000000000000e+00
0.000000000000000000e+00
4.300000000000000000e+05
4.000000000000000000e+03
0.000000000000000000e+00
0.000000000000000000e+00
4.951000000000000000e+05
2.075000000000000000e+05
0.000000000000000000e+00
0.000000000000000000e+00
4.913000000000000000e+05
4.400000000000000000e+04
0.000000000000000000e+00
0.000000000000000000e+00
4.881000000000000000e+05
3.060000000000000000e+04
0.000000000000000000e+00
0.000000000000000000e+00
4.090000000000000000e+05
1.100000000000000000e+03
0.000000000000000000e+00
0.000000000000000000e+00
4.944000000000000000e+05
1.940000000000000000e+04
0.000000000000000000e+00
0.000000000000000000e+00
3.851000000000000000e+05
4.000000000000000000e+02
0.000000000000000000e+00
0.000000000000000000e+00
3.516000000000000000e+05
3.000000000000000000e+02
0.000000000000000000e+00
0.000000000000000000e+00
1.508000000000000000e+05
0.000000000000000000e+00
0.000000000000000000e+00
0.000000000000000000e+00
