5.037000000000000000e+05
5.007000000000000000e+05
4.945000000000000000e+05
5.041000000000000000e+05
5.021000000000000000e+05
4.973000000000000000e+05
5.072000000000000000e+05
4.678000000000000000e+05
5.008000000000000000e+05
5.019000000000000000e+05
4.923000000000000000e+05
4.662000000000000000e+05
4.976000000000000000e+05
5.034000000000000000e+05
4.756000000000000000e+05
2.888000000000000000e+05
5.039000000000000000e+05
5.042000000000000000e+05
4.932000000000000000e+05
4.386000000000000000e+05
5.018000000000000000e+05
5.055000000000000000e+05
4.659000000000000000e+05
2.352000000000000000e+05
5.035000000000000000e+05
4.949000000000000000e+05
4.515000000000000000e+05
1.908000000000000000e+05
5.062000000000000000e+05
4.464000000000000000e+05
2.508000000000000000e+05
2.640000000000000000e+04
4.957000000000000000e+05
4.995000000000000000e+05
5.018000000000000000e+05
3.848000000000000000e+05
4.993000000000000000e+05
4.962000000000000000e+05
4.407000000000000000e+05
1.658000000000000000e+05
4.921000000000000000e+05
4.902000000000000000e+05
4.102000000000000000e+05
1.232000000000000000e+05
4.986000000000000000e+05
4.316000000000000000e+05
1.718000000000000000e+05
1.020000000000000000e+04
4.999000000000000000e+05
4.956000000000000000e+05
3.695000000000000000e+05
7.790000000000000000e+04
4.964000000000000000e+05
4.052000000000000000e+05
1.275000000000000000e+05
3.000000000000000000e+03
5.014000000000000000e+05
3.705000000000000000e+05
9.240000000000000000e+04
1.300000000000000000e+03
4.494000000000000000e+05
1.537000000000000000e+05
7.900000000000000000e+03
0.000000000000000000e+00
5.039000000000000000e+05
5.011000000000000000e+05
4.819000000000000000e+05
3.180000000000000000e+05
5.008000000000000000e+05
4.925000000000000000e+05
3.761000000000000000e+05
9.500000000000000000e+04
4.943000000000000000e+05
4.958000000000000000e+05
3.403000000000000000e+05
6.290000000000000000e+04
4.922000000000000000e+05
3.757000000000000000e+05
9.680000000000000000e+04
2.500000000000000000e+03
4.959000000000000000e+05
4.833000000000000000e+05
2.676000000000000000e+05
3.140000000000000000e+04
5.016000000000000000e+05
3.378000000000000000e+05
6.260000000000000000e+04
5.000000000000000000e+02
5.001000000000000000e+05
2.949000000000000000e+05
4.360000000000000000e+04
1.000000000000000000e+02
4.370000000000000000e+05
9.110000000000000000e+04
1.900000000000000000e+03
0.000000000000000000e+00
5.006000000000000000e+05
4.590000000000000000e+05
1.970000000000000000e+05
1.420000000000000000e+04
4.942000000000000000e+05
2.711000000000000000e+05
3.290000000000000000e+04
1.000000000000000000e+02
4.936000000000000000e+05
2.300000000000000000e+05
2.190000000000000000e+04
0.000000000000000000e+00
3.916000000000000000e+05
5.120000000000000000e+04
9.000000000000000000e+02
0.000000000000000000e+00
4.859000000000000000e+05
1.832000000000000000e+05
1.010000000000000000e+04
1.000000000000000000e+02
3.606000000000000000e+05
2.850000000000000000e+04
0.000000000000000000e+00
0.000000000000000000e+00
3.227000000000000000e+05
1.590000000000000000e+04
0.000000000000000000e+00
0.000000000000000000e+00
1.123000000000000000e+05
3.000000000000000000e+02
0.000000000000000000e+00
0.000000000000000000e+00
5.035000000000000000e+05
5.011000000000000000e+05
4.581000000000000000e+05
2.208000000000000000e+05
5.073000000000000000e+05
4.648000000000000000e+05
2.679000000000000000e+05
3.540000000000000000e+04
4.959000000000000000e+05
4.645000000000000000e+05
2.200000000000000000e+05
1.940000000000000000e+04
5.065000000000000000e+05
2.965000000000000000e+05
4.440000000000000000e+04
5.000000000000000000e+02
5.085000000000000000e+05
4.367000000000000000e+05
1.703000000000000000e+05
8.200000000000000000e+03
4.948000000000000000e+05
2.430000000000000000e+05
2.170000000000000000e+04
0.000000000000000000e+00
4.836000000000000000e+05
2.016000000000000000e+05
1.410000000000000000e+04
0.000000000000000000e+00
3.631000000000000000e+05
3.910000000000000000e+04
1.000000000000000000e+02
0.000000000000000000e+00
5.030000000000000000e+05
3.939000000000000000e+05
1.028000000000000000e+05
2.900000000000000000e+03
4.883000000000000000e+05
1.769000000000000000e+05
8.900000000000000000e+03
0.000000000000000000e+00
4.799000000000000000e+05
1.404000000000000000e+05
4.000000000000000000e+03
0.000000000000000000e+00
3.295000000000000000e+05
1.840000000000000000e+04
0.000000000000000000e+00
0.000000000000000000e+00
4.563000000000000000e+05
9.640000000000000000e+04
3.100000000000000000e+03
0.000000000000000000e+00
2.684000000000000000e+05
7.800000000000000000e+03
0.000000000000000000e+00
0.000000000000000000e+00
2.277000000000000000e+05
3.500000000000000000e+03
0.000000000000000000e+00
0.000000000000000000e+00
5.730000000000000000e+04
0.000000000000000000e+00
0.000000000000000000e+00
0.000000000000000000e+00
5.009000000000000000e+05
3.128000000000000000e+05
5.990000000000000000e+04
1.500000000000000000e+03
4.673000000000000000e+05
1.080000000000000000e+05
2.900000000000000000e+03
0.000000000000000000e+00
4.541000000000000000e+05
7.720000000000000000e+04
2.400000000000000000e+03
0.000000000000000000e+00
2.545000000000000000e+05
5.300000000000000000e+03
0.000000000000000000e+00
0.000000000000000000e+00
4.205000000000000000e+05
4.660000000000000000e+04
7.000000000000000000e+02
0.000000000000000000e+00
2.049000000000000000e+05
2.200000000000000000e+03
0.000000000000000000e+00
0.000000000000000000e+00
1.593000000000000000e+05
7.000000000000000000e+02
0.000000000000000000e+00
0.000000000000000000e+00
2.730000000000000000e+04
0.000000000000000000e+00
0.000000000000000000e+00
0.000000000000000000e+00
3.725000000000000000e+05
2.880000000000000000e+04
2.000000000000000000e+02
0.000000000000000000e+00
1.399000000000000000e+05
5.000000000000000000e+02
0.000000000000000000e+00
0.000000000000000000e+00
1.046000000000000000e+05
4.000000000000000000e+02
0.000000000000000000e+00
0.000000000000000000e+00
1.380000000000000000e+04
0.000000000000000000e+00
0.000000000000000000e+00
0.000000000000000000e+00
7.120000000000000000e+04
0.000000000000000000e+00
0.000000000000000000e+00
0.000000000000000000e+00
5.100000000000000000e+03
0.000000000000000000e+00
0.000000000000000000e+00
0.000000000000000000e+00
2.600000000000000000e+03
0.000000000000000000e+00
0.000000000000000000e+00
0.000000000000000000e+00
0.000000000000000000e+00
0.000000000000000000e+00
0.000000000000000000e+00
0.000000000000000000e+00
5.044000000000000000e+05
5.038000000000000000e+05
3.937000000000000000e+05
1.194000000000000000e+05
4.921000000000000000e+05
4.243000000000000000e+05
1.514000000000000000e+05
8.300000000000000000e+03
5.053000000000000000e+05
3.910000000000000000e+05
1.113000000000000000e+05
4.500000000000000000e+03
4.873000000000000000e+05
1.724000000000000000e+05
1.160000000000000000e+04
0.000000000000000000e+00
4.991000000000000000e+05
3.543000000000000000e+05
7.510000000000000000e+04
1.300000000000000000e+03
4.730000000000000000e+05
1.326000000000000000e+05
4.900000000000000000e+03
0.000000000000000000e+00
4.604000000000000000e+05
9.810000000000000000e+04
2.600000000000000000e+03
0.000000000000000000e+00
2.793000000000000000e+05
6.500000000000000000e+03
0.000000000000000000e+00
0.000000000000000000e+00
5.014000000000000000e+05
2.841000000000000000e+05
4.290000000000000000e+04
6.000000000000000000e+02
4.462000000000000000e+05
8.020000000000000000e+04
1.200000000000000000e+03
0.000000000000000000e+00
4.226000000000000000e+05
5.270000000000000000e+04
1.000000000000000000e+03
0.000000000000000000e+00
2.153000000000000000e+05
2.300000000000000000e+03
0.000000000000000000e+00
0.000000000000000000e+00
3.920000000000000000e+05
3.430000000000000000e+04
3.000000000000000000e+02
0.000000000000000000e+00
1.639000000000000000e+05
1.300000000000000000e+03
0.000000000000000000e+00
0.000000000000000000e+00
1.263000000000000000e+05
5.000000000000000000e+02
0.000000000000000000e+00
0.000000000000000000e+00
1.790000000000000000e+04
0.000000000000000000e+00
0.000000000000000000e+00
0.000000000000000000e+00
5.087000000000000000e+05
2.062000000000000000e+05
2.230000000000000000e+04
1.000000000000000000e+02
4.010000000000000000e+05
4.110000000000000000e+04
4.000000000000000000e+02
0.000000000000000000e+00
3.677000000000000000e+05
2.260000000000000000e+04
3.000000000000000000e+02
0.000000000000000000e+00
1.479000000000000000e+05
6.000000000000000000e+02
0.000000000000000000e+00
0.000000000000000000e+00
3.204000000000000000e+05
1.560000000000000000e+04
2.000000000000000000e+02
0.000000000000000000e+00
1.071000000000000000e+05
0.000000000000000000e+00
0.000000000000000000e+00
0.000000000000000000e+00
7.300000000000000000e+04
0.000000000000000000e+00
0.000000000000000000e+00
0.000000000000000000e+00
6.600000000000000000e+03
0.000000000000000000e+00
0.000000000000000000e+00
0.000000000000000000e+00
2.503000000000000000e+05
7.500000000000000000e+03
0.000000000000000000e+00
0.000000000000000000e+00
6.370000000000000000e+04
1.000000000000000000e+02
0.000000000000000000e+00
0.000000000000000000e+00
4.170000000000000000e+04
0.000000000000000000e+00
0.000000000000000000e+00
0.000000000000000000e+00
2.100000000000000000e+03
0.000000000000000000e+00
0.000000000000000000e+00
0.000000000000000000e+00
2.680000000000000000e+04
0.000000000000000000e+00
0.000000000000000000e+00
0.000000000000000000e+00
1.200000000000000000e+03
0.000000000000000000e+00
0.000000000000000000e+00
0.000000000000000000e+00
6.000000000000000000e+02
0.000000000000000000e+00
0.000000000000000000e+00
0.000000000000000000e+00
0.000000000000000000e+00
0.000000000000000000e+00
0.000000000000000000e+00
0.000000000000000000e+00
4.748000000000000000e+05
1.304000000000000000e+05
1.350000000000000000e+04
0.000000000000000000e+00
3.143000000000000000e+05
1.430000000000000000e+04
2.000000000000000000e+02
0.000000000000000000e+00
2.786000000000000000e+05
8.900000000000000000e+03
0.000000000000000000e+00
0.000000000000000000e+00
8.010000000000000000e+04
0.000000000000000000e+00
0.000000000000000000e+00
0.000000000000000000e+00
2.274000000000000000e+05
3.000000000000000000e+03
0.000000000000000000e+00
0.000000000000000000e+00
5.120000000000000000e+04
0.000000000000000000e+00
0.000000000000000000e+00
0.000000000000000000e+00
3.380000000000000000e+04
0.000000000000000000e+00
0.000000000000000000e+00
0.000000000000000000e+00
1.000000000000000000e+03
0.000000000000000000e+00
0.000000000000000000e+00
0.000000000000000000e+00
1.661000000000000000e+05
1.700000000000000000e+03
0.000000000000000000e+00
0.000000000000000000e+00
2.640000000000000000e+04
0.000000000000000000e+00
0.000000000000000000e+00
0.000000000000000000e+00
1.940000000000000000e+04
0.000000000000000000e+00
0.000000000000000000e+00
0.000000000000000000e+00
6.000000000000000000e+02
0.000000000000000000e+00
0.000000000000000000e+00
0.000000000000000000e+00
9.500000000000000000e+03
0.000000000000000000e+00
0.000000000000000000e+00
0.000000000000000000e+00
2.000000000000000000e+02
0.000000000000000000e+00
0.000000000000000000e+00
0.000000000000000000e+00
0.000000000000000000e+00
0.000000000000000000e+00
0.000000000000000000e+00
0.000000000000000000e+00
0.000000000000000000e+00
0.000000000000000000e+00
0.000000000000000000e+00
0.000000000000000000e+00
1.063000000000000000e+05
4.000000000000000000e+02
0.000000000000000000e+00
0.000000000000000000e+00
1.390000000000000000e+04
0.000000000000000000e+00
0.000000000000000000e+00
0.000000000000000000e+00
7.500000000000000000e+03
0.000000000000000000e+00
0.000000000000000000e+00
0.000000000000000000e+00
0.000000000000000000e+00
0.000000000000000000e+00
0.000000000000000000e+00
0.000000000000000000e+00
3.900000000000000000e+03
0.000000000000000000e+00
0.000000000000000000e+00
0.000000000000000000e+00
3.000000000000000000e+02
0.000000000000000000e+00
0.000000000000000000e+00
0.000000000000000000e+00
0.000000000000000000e+00
0.000000000000000000e+00
0.000000000000000000e+00
0.000000000000000000e+00
0.000000000000000000e+00
0.000000000000000000e+00
0.000000000000000000e+00
0.000000000000000000e+00
2.300000000000000000e+03
0.000000000000000000e+00
0.000000000000000000e+00
0.000000000000000000e+00
0.000000000000000000e+00
0.000000000000000000e+00
0.000000000000000000e+00
0.000000000000000000e+00
0.000000000000000000e+00
0.000000000000000000e+00
0.000000000000000000e+00
0.000000000000000000e+00
0.000000000000000000e+00
0.000000000000000000e+00
0.000000000000000000e+00
0.000000000000000000e+00
1.000000000000000000e+02
0.000000000000000000e+00
0.000000000000000000e+00
0.000000000000000000e+00
0.000000000000000000e+00
0.000000000000000000e+00
0.000000000000000000e+00
0.000000000000000000e+00
0.000000000000000000e+00
0.000000000000000000e+00
0.000000000000000000e+00
0.000000000000000000e+00
0.000000000000000000e+00
0.000000000000000000e+00
0.000000000000000000e+00
0.000000000000000000e+00
5.040000000000000000e+05
4.742000000000000000e+05
2.898000000000000000e+05
5.590000000000000000e+04
4.982000000000000000e+05
3.030000000000000000e+05
6.300000000000000000e+04
1.600000000000000000e+03
5.004000000000000000e+05
2.717000000000000000e+05
4.430000000000000000e+04
6.000000000000000000e+02
4.413000000000000000e+05
7.680000000000000000e+04
1.600000000000000000e+03
0.000000000000000000e+00
4.926000000000000000e+05
2.087000000000000000e+05
2.620000000000000000e+04
1.000000000000000000e+02
4.092000000000000000e+05
4.120000000000000000e+04
1.300000000000000000e+03
0.000000000000000000e+00
3.668000000000000000e+05
2.830000000000000000e+04
4.000000000000000000e+02
0.000000000000000000e+00
1.564000000000000000e+05
3.000000000000000000e+02
0.000000000000000000e+00
0.000000000000000000e+00
4.767000000000000000e+05
1.508000000000000000e+05
1.470000000000000000e+04
0.000000000000000000e+00
3.542000000000000000e+05
2.330000000000000000e+04
3.000000000000000000e+02
0.000000000000000000e+00
3.183000000000000000e+05
1.310000000000000000e+04
3.000000000000000000e+02
0.000000000000000000e+00
1.083000000000000000e+05
0.000000000000000000e+00
0.000000000000000000e+00
0.000000000000000000e+00
2.592000000000000000e+05
6.900000000000000000e+03
0.000000000000000000e+00
0.000000000000000000e+00
6.920000000000000000e+04
0.000000000000000000e+00
0.000000000000000000e+00
0.000000000000000000e+00
4.980000000000000000e+04
0.000000000000000000e+00
0.000000000000000000e+00
0.000000000000000000e+00
1.800000000000000000e+03
0.000000000000000000e+00
0.000000000000000000e+00
0.000000000000000000e+00
4.594000000000000000e+05
9.370000000000000000e+04
7.200000000000000000e+03
0.000000000000000000e+00
2.881000000000000000e+05
8.000000000000000000e+03
1.000000000000000000e+02
0.000000000000000000e+00
2.420000000000000000e+05
5.200000000000000000e+03
0.000000000000000000e+00
0.000000000000000000e+00
6.290000000000000000e+04
2.000000000000000000e+02
0.000000000000000000e+00
0.000000000000000000e+00
1.807000000000000000e+05
1.800000000000000000e+03
1.000000000000000000e+02
0.000000000000000000e+00
3.550000000000000000e+04
0.000000000000000000e+00
0.000000000000000000e+00
0.000000000000000000e+00
2.200000000000000000e+04
0.000000000000000000e+00
0.000000000000000000e+00
0.000000000000000000e+00
9.000000000000000000e+02
0.000000000000000000e+00
0.000000000000000000e+00
0.000000000000000000e+00
1.289000000000000000e+05
7.000000000000000000e+02
1.000000000000000000e+02
0.000000000000000000e+00
1.600000000000000000e+04
0.000000000000000000e+00
0.000000000000000000e+00
0.000000000000000000e+00
1.140000000000000000e+04
0.000000000000000000e+00
0.000000000000000000e+00
0.000000000000000000e+00
1.000000000000000000e+02
0.000000000000000000e+00
0.000000000000000000e+00
0.000000000000000000e+00
6.200000000000000000e+03
0.000000000000000000e+00
0.000000000000000000e+00
0.000000000000000000e+00
0.000000000000000000e+00
0.000000000000000000e+00
0.000000000000000000e+00
0.000000000000000000e+00
0.000000000000000000e+00
0.000000000000000000e+00
0.000000000000000000e+00
0.000000000000000000e+00
0.000000000000000000e+00
0.000000000000000000e+00
0.000000000000000000e+00
0.000000000000000000e+00
4.163000000000000000e+05
5.250000000000000000e+04
4.100000000000000000e+03
0.000000000000000000e+00
1.867000000000000000e+05
2.600000000000000000e+03
1.000000000000000000e+02
0.000000000000000000e+00
1.527000000000000000e+05
1.400000000000000000e+03
0.000000000000000000e+00
0.000000000000000000e+00
2.480000000000000000e+04
0.000000000000000000e+00
0.000000000000000000e+00
0.000000000000000000e+00
1.098000000000000000e+05
8.000000000000000000e+02
0.000000000000000000e+00
0.000000000000000000e+00
1.250000000000000000e+04
0.000000000000000000e+00
0.000000000000000000e+00
0.000000000000000000e+00
7.500000000000000000e+03
0.000000000000000000e+00
0.000000000000000000e+00
0.000000000000000000e+00
1.000000000000000000e+02
0.000000000000000000e+00
0.000000000000000000e+00
0.000000000000000000e+00
6.940000000000000000e+04
3.000000000000000000e+02
0.000000000000000000e+00
0.000000000000000000e+00
6.400000000000000000e+03
0.000000000000000000e+00
0.000000000000000000e+00
0.000000000000000000e+00
2.800000000000000000e+03
0.000000000000000000e+00
0.000000000000000000e+00
0.000000000000000000e+00
0.000000000000000000e+00
0.000000000000000000e+00
0.000000000000000000e+00
0.000000000000000000e+00
2.800000000000000000e+03
0.000000000000000000e+00
0.000000000000000000e+00
0.000000000000000000e+00
0.000000000000000000e+00
0.000000000000000000e+00
0.000000000000000000e+00
0.000000000000000000e+00
0.000000000000000000e+00
0.000000000000000000e+00
0.000000000000000000e+00
0.000000000000000000e+00
0.000000000000000000e+00
0.000000000000000000e+00
0.000000000000000000e+00
0.000000000000000000e+00
4.070000000000000000e+04
1.000000000000000000e+02
0.000000000000000000e+00
0.000000000000000000e+00
3.100000000000000000e+03
0.000000000000000000e+00
0.000000000000000000e+00
0.000000000000000000e+00
1.200000000000000000e+03
0.000000000000000000e+00
0.000000000000000000e+00
0.000000000000000000e+00
0.000000000000000000e+00
0.000000000000000000e+00
0.000000000000000000e+00
0.000000000000000000e+00
5.000000000000000000e+02
0.000000000000000000e+00
0.000000000000000000e+00
0.000000000000000000e+00
0.000000000000000000e+00
0.000000000000000000e+00
0.000000000000000000e+00
0.000000000000000000e+00
0.000000000000000000e+00
0.000000000000000000e+00
0.000000000000000000e+00
0.000000000000000000e+00
0.000000000000000000e+00
0.000000000000000000e+00
0.000000000000000000e+00
0.000000000000000000e+00
5.000000000000000000e+02
0.000000000000000000e+00
0.000000000000000000e+00
0.000000000000000000e+00
0.000000000000000000e+00
0.000000000000000000e+00
0.000000000000000000e+00
0.000000000000000000e+00
0.000000000000000000e+00
0.000000000000000000e+00
0.000000000000000000e+00
0.000000000000000000e+00
0.000000000000000000e+00
0.000000000000000000e+00
0.000000000000000000e+00
0.000000000000000000e+00
0.000000000000000000e+00
0.000000000000000000e+00
0.000000000000000000e+00
0.000000000000000000e+00
0.000000000000000000e+00
0.000000000000000000e+00
0.000000000000000000e+00
0.000000000000000000e+00
0.000000000000000000e+00
0.000000000000000000e+00
0.000000000000000000e+00
0.000000000000000000e+00
0.000000000000000000e+00
0.000000000000000000e+00
0.000000000000000000e+00
0.000000000000000000e+00
3.263000000000000000e+05
2.620000000000000000e+04
1.700000000000000000e+03
0.000000000000000000e+00
1.093000000000000000e+05
5.000000000000000000e+02
0.000000000000000000e+00
0.000000000000000000e+00
8.170000000000000000e+04
0.000000000000000000e+00
0.000000000000000000e+00
0.000000000000000000e+00
6.600000000000000000e+03
0.000000000000000000e+00
0.000000000000000000e+00
0.000000000000000000e+00
4.990000000000000000e+04
0.000000000000000000e+00
0.000000000000000000e+00
0.000000000000000000e+00
3.700000000000000000e+03
0.000000000000000000e+00
0.000000000000000000e+00
0.000000000000000000e+00
2.100000000000000000e+03
0.000000000000000000e+00
0.000000000000000000e+00
0.000000000000000000e+00
0.000000000000000000e+00
0.000000000000000000e+00
0.000000000000000000e+00
0.000000000000000000e+00
3.190000000000000000e+04
0.000000000000000000e+00
0.000000000000000000e+00
0.000000000000000000e+00
8.000000000000000000e+02
0.000000000000000000e+00
0.000000000000000000e+00
0.000000000000000000e+00
8.000000000000000000e+02
0.000000000000000000e+00
0.000000000000000000e+00
0.000000000000000000e+00
0.000000000000000000e+00
0.000000000000000000e+00
0.000000000000000000e+00
0.000000000000000000e+00
1.000000000000000000e+02
0.000000000000000000e+00
0.000000000000000000e+00
0.000000000000000000e+00
0.000000000000000000e+00
0.000000000000000000e+00
0.000000000000000000e+00
0.000000000000000000e+00
0.000000000000000000e+00
0.000000000000000000e+00
0.000000000000000000e+00
0.000000000000000000e+00
0.000000000000000000e+00
0.000000000000000000e+00
0.000000000000000000e+00
0.000000000000000000e+00
2.040000000000000000e+04
0.000000000000000000e+00
0.000000000000000000e+00
0.000000000000000000e+00
2.000000000000000000e+02
0.000000000000000000e+00
0.000000000000000000e+00
0.000000000000000000e+00
1.000000000000000000e+02
0.000000000000000000e+00
0.000000000000000000e+00
0.000000000000000000e+00
0.000000000000000000e+00
0.000000000000000000e+00
0.000000000000000000e+00
0.000000000000000000e+00
1.000000000000000000e+02
0.000000000000000000e+00
0.000000000000000000e+00
0.000000000000000000e+00
0.000000000000000000e+00
0.000000000000000000e+00
0.000000000000000000e+00
0.000000000000000000e+00
0.000000000000000000e+00
0.000000000000000000e+00
0.000000000000000000e+00
0.000000000000000000e+00
0.000000000000000000e+00
0.000000000000000000e+00
0.000000000000000000e+00
0.000000000000000000e+00
2.000000000000000000e+02
0.000000000000000000e+00
0.000000000000000000e+00
0.000000000000000000e+00
0.000000000000000000e+00
0.000000000000000000e+00
0.000000000000000000e+00
0.000000000000000000e+00
0.000000000000000000e+00
0.000000000000000000e+00
0.000000000000000000e+00
0.000000000000000000e+00
0.000000000000000000e+00
0.000000000000000000e+00
0.000000000000000000e+00
0.000000000000000000e+00
0.000000000000000000e+00
0.000000000000000000e+00
0.000000000000000000e+00
0.000000000000000000e+00
0.000000000000000000e+00
0.000000000000000000e+00
0.000000000000000000e+00
0.000000000000000000e+00
0.000000000000000000e+00
0.000000000000000000e+00
0.000000000000000000e+00
0.000000000000000000e+00
0.000000000000000000e+00
0.000000000000000000e+00
0.000000000000000000e+00
0.000000000000000000e+00
1.070000000000000000e+04
0.000000000000000000e+00
0.000000000000000000e+00
0.000000000000000000e+00
1.000000000000000000e+02
0.000000000000000000e+00
0.000000000000000000e+00
0.000000000000000000e+00
1.000000000000000000e+02
0.000000000000000000e+00
0.000000000000000000e+00
0.000000000000000000e+00
0.000000000000000000e+00
0.000000000000000000e+00
0.000000000000000000e+00
0.000000000000000000e+00
0.000000000000000000e+00
0.000000000000000000e+00
0.000000000000000000e+00
0.000000000000000000e+00
0.000000000000000000e+00
0.000000000000000000e+00
0.000000000000000000e+00
0.000000000000000000e+00
0.000000000000000000e+00
0.000000000000000000e+00
0.000000000000000000e+00
0.000000000000000000e+00
0.000000000000000000e+00
0.000000000000000000e+00
0.000000000000000000e+00
0.000000000000000000e+00
0.000000000000000000e+00
0.000000000000000000e+00
0.000000000000000000e+00
0.000000000000000000e+00
0.000000000000000000e+00
0.000000000000000000e+00
0.000000000000000000e+00
0.000000000000000000e+00
0.000000000000000000e+00
0.000000000000000000e+00
0.000000000000000000e+00
0.000000000000000000e+00
0.000000000000000000e+00
0.000000000000000000e+00
0.000000000000000000e+00
0.000000000000000000e+00
0.000000000000000000e+00
0.000000000000000000e+00
0.000000000000000000e+00
0.000000000000000000e+00
0.000000000000000000e+00
0.000000000000000000e+00
0.000000000000000000e+00
0.000000000000000000e+00
0.000000000000000000e+00
0.000000000000000000e+00
0.000000000000000000e+00
0.000000000000000000e+00
0.000000000000000000e+00
0.000000000000000000e+00
0.000000000000000000e+00
0.000000000000000000e+00
0.000000000000000000e+00
0.000000000000000000e+00
0.000000000000000000e+00
0.000000000000000000e+00
0.000000000000000000e+00
0.000000000000000000e+00
0.000000000000000000e+00
0.000000000000000000e+00
0.000000000000000000e+00
0.000000000000000000e+00
0.000000000000000000e+00
0.000000000000000000e+00
0.000000000000000000e+00
0.000000000000000000e+00
0.000000000000000000e+00
0.000000000000000000e+00
0.000000000000000000e+00
0.000000000000000000e+00
0.000000000000000000e+00
0.000000000000000000e+00
0.000000000000000000e+00
0.000000000000000000e+00
0.000000000000000000e+00
0.000000000000000000e+00
0.000000000000000000e+00
0.000000000000000000e+00
0.000000000000000000e+00
0.000000000000000000e+00
0.000000000000000000e+00
0.000000000000000000e+00
0.000000000000000000e+00
0.000000000000000000e+00
0.000000000000000000e+00
0.000000000000000000e+00
0.000000000000000000e+00
0.000000000000000000e+00
0.000000000000000000e+00
0.000000000000000000e+00
0.000000000000000000e+00
0.000000000000000000e+00
0.000000000000000000e+00
0.000000000000000000e+00
0.000000000000000000e+00
0.000000000000000000e+00
0.000000000000000000e+00
0.000000000000000000e+00
0.000000000000000000e+00
0.000000000000000000e+00
0.000000000000000000e+00
0.000000000000000000e+00
0.000000000000000000e+00
0.000000000000000000e+00
0.000000000000000000e+00
0.000000000000000000e+00
0.000000000000000000e+00
0.000000000000000000e+00
0.000000000000000000e+00
0.000000000000000000e+00
0.000000000000000000e+00
0.000000000000000000e+00
0.000000000000000000e+00
0.000000000000000000e+00
0.000000000000000000e+00
0.000000000000000000e+00
