5.063000000000000000e+05
4.973000000000000000e+05
4.973000000000000000e+05
4.948000000000000000e+05
5.042000000000000000e+05
5.027000000000000000e+05
5.086000000000000000e+05
4.763000000000000000e+05
5.052000000000000000e+05
5.092000000000000000e+05
4.975000000000000000e+05
4.824000000000000000e+05
4.910000000000000000e+05
4.965000000000000000e+05
4.902000000000000000e+05
3.547000000000000000e+05
5.023000000000000000e+05
4.990000000000000000e+05
4.953000000000000000e+05
4.706000000000000000e+05
5.059000000000000000e+05
5.059000000000000000e+05
4.894000000000000000e+05
3.101000000000000000e+05
5.025000000000000000e+05
5.018000000000000000e+05
4.798000000000000000e+05
2.663000000000000000e+05
4.932000000000000000e+05
4.775000000000000000e+05
3.372000000000000000e+05
6.200000000000000000e+04
4.991000000000000000e+05
4.977000000000000000e+05
5.083000000000000000e+05
4.367000000000000000e+05
5.024000000000000000e+05
5.008000000000000000e+05
4.794000000000000000e+05
2.430000000000000000e+05
4.980000000000000000e+05
4.984000000000000000e+05
4.572000000000000000e+05
1.928000000000000000e+05
5.015000000000000000e+05
4.709000000000000000e+05
2.583000000000000000e+05
2.710000000000000000e+04
4.991000000000000000e+05
4.931000000000000000e+05
4.396000000000000000e+05
1.401000000000000000e+05
4.934000000000000000e+05
4.567000000000000000e+05
2.097000000000000000e+05
1.240000000000000000e+04
5.014000000000000000e+05
4.413000000000000000e+05
1.716000000000000000e+05
6.200000000000000000e+03
4.806000000000000000e+05
2.545000000000000000e+05
2.420000000000000000e+04
0.000000000000000000e+00
5.016000000000000000e+05
5.012000000000000000e+05
4.924000000000000000e+05
3.852000000000000000e+05
4.987000000000000000e+05
5.060000000000000000e+05
4.399000000000000000e+05
1.540000000000000000e+05
5.038000000000000000e+05
4.953000000000000000e+05
4.179000000000000000e+05
1.153000000000000000e+05
5.000000000000000000e+05
4.430000000000000000e+05
1.732000000000000000e+05
9.200000000000000000e+03
4.959000000000000000e+05
5.006000000000000000e+05
3.613000000000000000e+05
7.040000000000000000e+04
4.997000000000000000e+05
4.245000000000000000e+05
1.253000000000000000e+05
2.600000000000000000e+03
4.894000000000000000e+05
3.908000000000000000e+05
9.130000000000000000e+04
1.400000000000000000e+03
4.852000000000000000e+05
1.837000000000000000e+05
6.600000000000000000e+03
0.000000000000000000e+00
4.942000000000000000e+05
4.841000000000000000e+05
2.905000000000000000e+05
3.710000000000000000e+04
4.967000000000000000e+05
3.743000000000000000e+05
7.620000000000000000e+04
6.000000000000000000e+02
5.070000000000000000e+05
3.384000000000000000e+05
5.240000000000000000e+04
3.000000000000000000e+02
4.650000000000000000e+05
1.272000000000000000e+05
3.200000000000000000e+03
0.000000000000000000e+00
4.967000000000000000e+05
3.017000000000000000e+05
2.900000000000000000e+04
1.000000000000000000e+02
4.531000000000000000e+05
8.820000000000000000e+04
7.000000000000000000e+02
0.000000000000000000e+00
4.361000000000000000e+05
5.870000000000000000e+04
5.000000000000000000e+02
0.000000000000000000e+00
2.334000000000000000e+05
3.600000000000000000e+03
0.000000000000000000e+00
0.000000000000000000e+00
4.982000000000000000e+05
5.047000000000000000e+05
4.803000000000000000e+05
2.882000000000000000e+05
5.048000000000000000e+05
4.795000000000000000e+05
3.542000000000000000e+05
7.480000000000000000e+04
5.025000000000000000e+05
4.983000000000000000e+05
3.121000000000000000e+05
4.480000000000000000e+04
5.094000000000000000e+05
3.962000000000000000e+05
9.110000000000000000e+04
2.400000000000000000e+03
5.096000000000000000e+05
4.945000000000000000e+05
2.597000000000000000e+05
2.340000000000000000e+04
4.988000000000000000e+05
3.507000000000000000e+05
5.410000000000000000e+04
3.000000000000000000e+02
4.943000000000000000e+05
3.121000000000000000e+05
3.730000000000000000e+04
0.000000000000000000e+00
4.545000000000000000e+05
1.052000000000000000e+05
1.300000000000000000e+03
0.000000000000000000e+00
5.002000000000000000e+05
4.740000000000000000e+05
1.803000000000000000e+05
1.060000000000000000e+04
5.011000000000000000e+05
2.836000000000000000e+05
2.590000000000000000e+04
1.000000000000000000e+02
5.065000000000000000e+05
2.556000000000000000e+05
1.650000000000000000e+04
0.000000000000000000e+00
4.389000000000000000e+05
6.790000000000000000e+04
3.000000000000000000e+02
0.000000000000000000e+00
4.923000000000000000e+05
1.956000000000000000e+05
8.600000000000000000e+03
0.000000000000000000e+00
4.005000000000000000e+05
3.790000000000000000e+04
1.000000000000000000e+02
0.000000000000000000e+00
3.711000000000000000e+05
2.340000000000000000e+04
0.000000000000000000e+00
0.000000000000000000e+00
1.617000000000000000e+05
1.000000000000000000e+02
0.000000000000000000e+00
0.000000000000000000e+00
4.986000000000000000e+05
4.141000000000000000e+05
1.110000000000000000e+05
4.300000000000000000e+03
5.035000000000000000e+05
2.039000000000000000e+05
1.090000000000000000e+04
0.000000000000000000e+00
4.900000000000000000e+05
1.681000000000000000e+05
6.700000000000000000e+03
0.000000000000000000e+00
3.900000000000000000e+05
2.680000000000000000e+04
0.000000000000000000e+00
0.000000000000000000e+00
4.836000000000000000e+05
1.150000000000000000e+05
2.800000000000000000e+03
0.000000000000000000e+00
3.556000000000000000e+05
1.320000000000000000e+04
0.000000000000000000e+00
0.000000000000000000e+00
3.147000000000000000e+05
6.400000000000000000e+03
1.000000000000000000e+02
0.000000000000000000e+00
1.050000000000000000e+05
2.000000000000000000e+02
0.000000000000000000e+00
0.000000000000000000e+00
4.697000000000000000e+05
7.800000000000000000e+04
1.200000000000000000e+03
0.000000000000000000e+00
2.947000000000000000e+05
6.600000000000000000e+03
0.000000000000000000e+00
0.000000000000000000e+00
2.524000000000000000e+05
3.000000000000000000e+03
0.000000000000000000e+00
0.000000000000000000e+00
6.570000000000000000e+04
0.000000000000000000e+00
0.000000000000000000e+00
0.000000000000000000e+00
1.998000000000000000e+05
1.600000000000000000e+03
0.000000000000000000e+00
0.000000000000000000e+00
3.730000000000000000e+04
0.000000000000000000e+00
0.000000000000000000e+00
0.000000000000000000e+00
2.480000000000000000e+04
0.000000000000000000e+00
0.000000000000000000e+00
0.000000000000000000e+00
9.000000000000000000e+02
0.000000000000000000e+00
0.000000000000000000e+00
0.000000000000000000e+00
4.939000000000000000e+05
5.061000000000000000e+05
4.492000000000000000e+05
1.772000000000000000e+05
5.095000000000000000e+05
4.825000000000000000e+05
2.334000000000000000e+05
2.440000000000000000e+04
5.011000000000000000e+05
4.504000000000000000e+05
1.833000000000000000e+05
1.240000000000000000e+04
4.987000000000000000e+05
2.798000000000000000e+05
3.030000000000000000e+04
0.000000000000000000e+00
5.058000000000000000e+05
4.348000000000000000e+05
1.327000000000000000e+05
5.000000000000000000e+03
4.907000000000000000e+05
2.352000000000000000e+05
1.610000000000000000e+04
0.000000000000000000e+00
4.971000000000000000e+05
1.933000000000000000e+05
9.500000000000000000e+03
0.000000000000000000e+00
4.043000000000000000e+05
3.660000000000000000e+04
0.000000000000000000e+00
0.000000000000000000e+00
4.994000000000000000e+05
3.888000000000000000e+05
8.000000000000000000e+04
2.100000000000000000e+03
4.874000000000000000e+05
1.728000000000000000e+05
6.500000000000000000e+03
0.000000000000000000e+00
4.804000000000000000e+05
1.347000000000000000e+05
3.500000000000000000e+03
0.000000000000000000e+00
3.591000000000000000e+05
1.730000000000000000e+04
0.000000000000000000e+00
0.000000000000000000e+00
4.784000000000000000e+05
8.890000000000000000e+04
1.400000000000000000e+03
0.000000000000000000e+00
3.147000000000000000e+05
9.700000000000000000e+03
0.000000000000000000e+00
0.000000000000000000e+00
2.823000000000000000e+05
5.100000000000000000e+03
0.000000000000000000e+00
0.000000000000000000e+00
8.510000000000000000e+04
0.000000000000000000e+00
0.000000000000000000e+00
0.000000000000000000e+00
5.057000000000000000e+05
3.100000000000000000e+05
4.450000000000000000e+04
4.000000000000000000e+02
4.793000000000000000e+05
1.059000000000000000e+05
1.600000000000000000e+03
0.000000000000000000e+00
4.687000000000000000e+05
7.210000000000000000e+04
9.000000000000000000e+02
0.000000000000000000e+00
3.007000000000000000e+05
5.100000000000000000e+03
0.000000000000000000e+00
0.000000000000000000e+00
4.533000000000000000e+05
4.790000000000000000e+04
6.000000000000000000e+02
0.000000000000000000e+00
2.516000000000000000e+05
2.500000000000000000e+03
0.000000000000000000e+00
0.000000000000000000e+00
2.105000000000000000e+05
1.100000000000000000e+03
0.000000000000000000e+00
0.000000000000000000e+00
4.500000000000000000e+04
0.000000000000000000e+00
0.000000000000000000e+00
0.000000000000000000e+00
4.016000000000000000e+05
2.510000000000000000e+04
2.000000000000000000e+02
0.000000000000000000e+00
1.887000000000000000e+05
3.000000000000000000e+02
0.000000000000000000e+00
0.000000000000000000e+00
1.455000000000000000e+05
0.000000000000000000e+00
0.000000000000000000e+00
0.000000000000000000e+00
2.380000000000000000e+04
0.000000000000000000e+00
0.000000000000000000e+00
0.000000000000000000e+00
1.045000000000000000e+05
0.000000000000000000e+00
0.000000000000000000e+00
0.000000000000000000e+00
1.180000000000000000e+04
0.000000000000000000e+00
0.000000000000000000e+00
0.000000000000000000e+00
6.700000000000000000e+03
0.000000000000000000e+00
0.000000000000000000e+00
0.000000000000000000e+00
2.000000000000000000e+02
0.000000000000000000e+00
0.000000000000000000e+00
0.000000000000000000e+00
4.996000000000000000e+05
2.271000000000000000e+05
2.730000000000000000e+04
1.000000000000000000e+02
4.375000000000000000e+05
4.870000000000000000e+04
5.000000000000000000e+02
0.000000000000000000e+00
4.167000000000000000e+05
3.230000000000000000e+04
2.000000000000000000e+02
0.000000000000000000e+00
2.098000000000000000e+05
5.000000000000000000e+02
0.000000000000000000e+00
0.000000000000000000e+00
3.782000000000000000e+05
2.130000000000000000e+04
1.000000000000000000e+02
0.000000000000000000e+00
1.620000000000000000e+05
1.000000000000000000e+02
0.000000000000000000e+00
0.000000000000000000e+00
1.223000000000000000e+05
3.000000000000000000e+02
0.000000000000000000e+00
0.000000000000000000e+00
1.750000000000000000e+04
0.000000000000000000e+00
0.000000000000000000e+00
0.000000000000000000e+00
3.254000000000000000e+05
9.200000000000000000e+03
1.000000000000000000e+02
0.000000000000000000e+00
1.099000000000000000e+05
1.000000000000000000e+02
0.000000000000000000e+00
0.000000000000000000e+00
8.030000000000000000e+04
1.000000000000000000e+02
0.000000000000000000e+00
0.000000000000000000e+00
8.000000000000000000e+03
0.000000000000000000e+00
0.000000000000000000e+00
0.000000000000000000e+00
5.240000000000000000e+04
0.000000000000000000e+00
0.000000000000000000e+00
0.000000000000000000e+00
2.400000000000000000e+03
0.000000000000000000e+00
0.000000000000000000e+00
0.000000000000000000e+00
2.300000000000000000e+03
0.000000000000000000e+00
0.000000000000000000e+00
0.000000000000000000e+00
0.000000000000000000e+00
0.000000000000000000e+00
0.000000000000000000e+00
0.000000000000000000e+00
2.474000000000000000e+05
3.600000000000000000e+03
0.000000000000000000e+00
0.000000000000000000e+00
6.160000000000000000e+04
0.000000000000000000e+00
0.000000000000000000e+00
0.000000000000000000e+00
4.380000000000000000e+04
0.000000000000000000e+00
0.000000000000000000e+00
0.000000000000000000e+00
1.900000000000000000e+03
0.000000000000000000e+00
0.000000000000000000e+00
0.000000000000000000e+00
2.720000000000000000e+04
0.000000000000000000e+00
0.000000000000000000e+00
0.000000000000000000e+00
9.000000000000000000e+02
0.000000000000000000e+00
0.000000000000000000e+00
0.000000000000000000e+00
5.000000000000000000e+02
0.000000000000000000e+00
0.000000000000000000e+00
0.000000000000000000e+00
0.000000000000000000e+00
0.000000000000000000e+00
0.000000000000000000e+00
0.000000000000000000e+00
1.480000000000000000e+04
0.000000000000000000e+00
0.000000000000000000e+00
0.000000000000000000e+00
6.000000000000000000e+02
0.000000000000000000e+00
0.000000000000000000e+00
0.000000000000000000e+00
1.000000000000000000e+02
0.000000000000000000e+00
0.000000000000000000e+00
0.000000000000000000e+00
0.000000000000000000e+00
0.000000000000000000e+00
0.000000000000000000e+00
0.000000000000000000e+00
2.000000000000000000e+02
0.000000000000000000e+00
0.000000000000000000e+00
0.000000000000000000e+00
0.000000000000000000e+00
0.000000000000000000e+00
0.000000000000000000e+00
0.000000000000000000e+00
0.000000000000000000e+00
0.000000000000000000e+00
0.000000000000000000e+00
0.000000000000000000e+00
0.000000000000000000e+00
0.000000000000000000e+00
0.000000000000000000e+00
0.000000000000000000e+00
4.905000000000000000e+05
4.998000000000000000e+05
3.658000000000000000e+05
9.190000000000000000e+04
4.989000000000000000e+05
3.932000000000000000e+05
1.134000000000000000e+05
4.700000000000000000e+03
4.969000000000000000e+05
3.668000000000000000e+05
8.430000000000000000e+04
2.200000000000000000e+03
4.886000000000000000e+05
1.585000000000000000e+05
5.300000000000000000e+03
0.000000000000000000e+00
4.935000000000000000e+05
3.167000000000000000e+05
5.260000000000000000e+04
7.000000000000000000e+02
4.794000000000000000e+05
1.058000000000000000e+05
3.400000000000000000e+03
0.000000000000000000e+00
4.657000000000000000e+05
7.680000000000000000e+04
1.300000000000000000e+03
0.000000000000000000e+00
2.979000000000000000e+05
5.700000000000000000e+03
0.000000000000000000e+00
0.000000000000000000e+00
5.005000000000000000e+05
2.517000000000000000e+05
2.920000000000000000e+04
2.000000000000000000e+02
4.574000000000000000e+05
6.690000000000000000e+04
8.000000000000000000e+02
0.000000000000000000e+00
4.410000000000000000e+05
4.420000000000000000e+04
8.000000000000000000e+02
0.000000000000000000e+00
2.529000000000000000e+05
1.100000000000000000e+03
0.000000000000000000e+00
0.000000000000000000e+00
3.999000000000000000e+05
2.760000000000000000e+04
2.000000000000000000e+02
0.000000000000000000e+00
1.928000000000000000e+05
4.000000000000000000e+02
0.000000000000000000e+00
0.000000000000000000e+00
1.560000000000000000e+05
2.000000000000000000e+02
0.000000000000000000e+00
0.000000000000000000e+00
2.860000000000000000e+04
0.000000000000000000e+00
0.000000000000000000e+00
0.000000000000000000e+00
4.981000000000000000e+05
1.743000000000000000e+05
1.530000000000000000e+04
2.000000000000000000e+02
4.279000000000000000e+05
3.100000000000000000e+04
2.000000000000000000e+02
0.000000000000000000e+00
3.942000000000000000e+05
2.190000000000000000e+04
0.000000000000000000e+00
0.000000000000000000e+00
1.834000000000000000e+05
4.000000000000000000e+02
0.000000000000000000e+00
0.000000000000000000e+00
3.549000000000000000e+05
8.500000000000000000e+03
2.000000000000000000e+02
0.000000000000000000e+00
1.331000000000000000e+05
1.000000000000000000e+02
0.000000000000000000e+00
0.000000000000000000e+00
9.860000000000000000e+04
1.000000000000000000e+02
0.000000000000000000e+00
0.000000000000000000e+00
1.090000000000000000e+04
0.000000000000000000e+00
0.000000000000000000e+00
0.000000000000000000e+00
2.802000000000000000e+05
5.200000000000000000e+03
1.000000000000000000e+02
0.000000000000000000e+00
8.360000000000000000e+04
0.000000000000000000e+00
0.000000000000000000e+00
0.000000000000000000e+00
6.070000000000000000e+04
1.000000000000000000e+02
0.000000000000000000e+00
0.000000000000000000e+00
4.100000000000000000e+03
0.000000000000000000e+00
0.000000000000000000e+00
0.000000000000000000e+00
3.620000000000000000e+04
0.000000000000000000e+00
0.000000000000000000e+00
0.000000000000000000e+00
1.500000000000000000e+03
0.000000000000000000e+00
0.000000000000000000e+00
0.000000000000000000e+00
8.000000000000000000e+02
0.000000000000000000e+00
0.000000000000000000e+00
0.000000000000000000e+00
0.000000000000000000e+00
0.000000000000000000e+00
0.000000000000000000e+00
0.000000000000000000e+00
4.861000000000000000e+05
1.095000000000000000e+05
1.010000000000000000e+04
0.000000000000000000e+00
3.436000000000000000e+05
1.130000000000000000e+04
1.000000000000000000e+02
0.000000000000000000e+00
3.050000000000000000e+05
8.200000000000000000e+03
0.000000000000000000e+00
0.000000000000000000e+00
1.047000000000000000e+05
1.000000000000000000e+02
0.000000000000000000e+00
0.000000000000000000e+00
2.586000000000000000e+05
4.300000000000000000e+03
0.000000000000000000e+00
0.000000000000000000e+00
6.630000000000000000e+04
1.000000000000000000e+02
0.000000000000000000e+00
0.000000000000000000e+00
4.230000000000000000e+04
0.000000000000000000e+00
0.000000000000000000e+00
0.000000000000000000e+00
2.600000000000000000e+03
0.000000000000000000e+00
0.000000000000000000e+00
0.000000000000000000e+00
1.923000000000000000e+05
1.700000000000000000e+03
0.000000000000000000e+00
0.000000000000000000e+00
3.850000000000000000e+04
0.000000000000000000e+00
0.000000000000000000e+00
0.000000000000000000e+00
2.410000000000000000e+04
0.000000000000000000e+00
0.000000000000000000e+00
0.000000000000000000e+00
9.000000000000000000e+02
0.000000000000000000e+00
0.000000000000000000e+00
0.000000000000000000e+00
1.440000000000000000e+04
0.000000000000000000e+00
0.000000000000000000e+00
0.000000000000000000e+00
5.000000000000000000e+02
0.000000000000000000e+00
0.000000000000000000e+00
0.000000000000000000e+00
1.000000000000000000e+02
0.000000000000000000e+00
0.000000000000000000e+00
0.000000000000000000e+00
0.000000000000000000e+00
0.000000000000000000e+00
0.000000000000000000e+00
0.000000000000000000e+00
1.227000000000000000e+05
5.000000000000000000e+02
0.000000000000000000e+00
0.000000000000000000e+00
1.890000000000000000e+04
0.000000000000000000e+00
0.000000000000000000e+00
0.000000000000000000e+00
9.100000000000000000e+03
0.000000000000000000e+00
0.000000000000000000e+00
0.000000000000000000e+00
2.000000000000000000e+02
0.000000000000000000e+00
0.000000000000000000e+00
0.000000000000000000e+00
6.600000000000000000e+03
0.000000000000000000e+00
0.000000000000000000e+00
0.000000000000000000e+00
0.000000000000000000e+00
0.000000000000000000e+00
0.000000000000000000e+00
0.000000000000000000e+00
0.000000000000000000e+00
0.000000000000000000e+00
0.000000000000000000e+00
0.000000000000000000e+00
0.000000000000000000e+00
0.000000000000000000e+00
0.000000000000000000e+00
0.000000000000000000e+00
3.900000000000000000e+03
0.000000000000000000e+00
0.000000000000000000e+00
0.000000000000000000e+00
0.000000000000000000e+00
0.000000000000000000e+00
0.000000000000000000e+00
0.000000000000000000e+00
0.000000000000000000e+00
0.000000000000000000e+00
0.000000000000000000e+00
0.000000000000000000e+00
0.000000000000000000e+00
0.000000000000000000e+00
0.000000000000000000e+00
0.000000000000000000e+00
0.000000000000000000e+00
0.000000000000000000e+00
0.000000000000000000e+00
0.000000000000000000e+00
0.000000000000000000e+00
0.000000000000000000e+00
0.000000000000000000e+00
0.000000000000000000e+00
0.000000000000000000e+00
0.000000000000000000e+00
0.000000000000000000e+00
0.000000000000000000e+00
0.000000000000000000e+00
0.000000000000000000e+00
0.000000000000000000e+00
0.000000000000000000e+00
4.525000000000000000e+05
6.200000000000000000e+04
4.200000000000000000e+03
0.000000000000000000e+00
2.544000000000000000e+05
2.800000000000000000e+03
0.000000000000000000e+00
0.000000000000000000e+00
2.068000000000000000e+05
2.000000000000000000e+03
0.000000000000000000e+00
0.000000000000000000e+00
4.740000000000000000e+04
0.000000000000000000e+00
0.000000000000000000e+00
0.000000000000000000e+00
1.547000000000000000e+05
9.000000000000000000e+02
0.000000000000000000e+00
0.000000000000000000e+00
2.300000000000000000e+04
0.000000000000000000e+00
0.000000000000000000e+00
0.000000000000000000e+00
1.490000000000000000e+04
0.000000000000000000e+00
0.000000000000000000e+00
0.000000000000000000e+00
2.000000000000000000e+02
0.000000000000000000e+00
0.000000000000000000e+00
0.000000000000000000e+00
1.088000000000000000e+05
1.000000000000000000e+02
0.000000000000000000e+00
0.000000000000000000e+00
1.220000000000000000e+04
0.000000000000000000e+00
0.000000000000000000e+00
0.000000000000000000e+00
6.800000000000000000e+03
0.000000000000000000e+00
0.000000000000000000e+00
0.000000000000000000e+00
0.000000000000000000e+00
0.000000000000000000e+00
0.000000000000000000e+00
0.000000000000000000e+00
4.100000000000000000e+03
0.000000000000000000e+00
0.000000000000000000e+00
0.000000000000000000e+00
1.000000000000000000e+02
0.000000000000000000e+00
0.000000000000000000e+00
0.000000000000000000e+00
0.000000000000000000e+00
0.000000000000000000e+00
0.000000000000000000e+00
0.000000000000000000e+00
0.000000000000000000e+00
0.000000000000000000e+00
0.000000000000000000e+00
0.000000000000000000e+00
7.180000000000000000e+04
1.000000000000000000e+02
0.000000000000000000e+00
0.000000000000000000e+00
4.000000000000000000e+03
0.000000000000000000e+00
0.000000000000000000e+00
0.000000000000000000e+00
3.000000000000000000e+03
0.000000000000000000e+00
0.000000000000000000e+00
0.000000000000000000e+00
0.000000000000000000e+00
0.000000000000000000e+00
0.000000000000000000e+00
0.000000000000000000e+00
1.800000000000000000e+03
0.000000000000000000e+00
0.000000000000000000e+00
0.000000000000000000e+00
0.000000000000000000e+00
0.000000000000000000e+00
0.000000000000000000e+00
0.000000000000000000e+00
0.000000000000000000e+00
0.000000000000000000e+00
0.000000000000000000e+00
0.000000000000000000e+00
0.000000000000000000e+00
0.000000000000000000e+00
0.000000000000000000e+00
0.000000000000000000e+00
8.000000000000000000e+02
0.000000000000000000e+00
0.000000000000000000e+00
0.000000000000000000e+00
0.000000000000000000e+00
0.000000000000000000e+00
0.000000000000000000e+00
0.000000000000000000e+00
0.000000000000000000e+00
0.000000000000000000e+00
0.000000000000000000e+00
0.000000000000000000e+00
0.000000000000000000e+00
0.000000000000000000e+00
0.000000000000000000e+00
0.000000000000000000e+00
0.000000000000000000e+00
0.000000000000000000e+00
0.000000000000000000e+00
0.000000000000000000e+00
0.000000000000000000e+00
0.000000000000000000e+00
0.000000000000000000e+00
0.000000000000000000e+00
0.000000000000000000e+00
0.000000000000000000e+00
0.000000000000000000e+00
0.000000000000000000e+00
0.000000000000000000e+00
0.000000000000000000e+00
0.000000000000000000e+00
0.000000000000000000e+00
3.810000000000000000e+04
0.000000000000000000e+00
0.000000000000000000e+00
0.000000000000000000e+00
2.300000000000000000e+03
0.000000000000000000e+00
0.000000000000000000e+00
0.000000000000000000e+00
1.300000000000000000e+03
0.000000000000000000e+00
0.000000000000000000e+00
0.000000000000000000e+00
0.000000000000000000e+00
0.000000000000000000e+00
0.000000000000000000e+00
0.000000000000000000e+00
9.000000000000000000e+02
0.000000000000000000e+00
0.000000000000000000e+00
0.000000000000000000e+00
0.000000000000000000e+00
0.000000000000000000e+00
0.000000000000000000e+00
0.000000000000000000e+00
0.000000000000000000e+00
0.000000000000000000e+00
0.000000000000000000e+00
0.000000000000000000e+00
0.000000000000000000e+00
0.000000000000000000e+00
0.000000000000000000e+00
0.000000000000000000e+00
2.000000000000000000e+02
0.000000000000000000e+00
0.000000000000000000e+00
0.000000000000000000e+00
0.000000000000000000e+00
0.000000000000000000e+00
0.000000000000000000e+00
0.000000000000000000e+00
0.000000000000000000e+00
0.000000000000000000e+00
0.000000000000000000e+00
0.000000000000000000e+00
0.000000000000000000e+00
0.000000000000000000e+00
0.000000000000000000e+00
0.000000000000000000e+00
0.000000000000000000e+00
0.000000000000000000e+00
0.000000000000000000e+00
0.000000000000000000e+00
0.000000000000000000e+00
0.000000000000000000e+00
0.000000000000000000e+00
0.000000000000000000e+00
0.000000000000000000e+00
0.000000000000000000e+00
0.000000000000000000e+00
0.000000000000000000e+00
0.000000000000000000e+00
0.000000000000000000e+00
0.000000000000000000e+00
0.000000000000000000e+00
1.000000000000000000e+02
0.000000000000000000e+00
0.000000000000000000e+00
0.000000000000000000e+00
0.000000000000000000e+00
0.000000000000000000e+00
0.000000000000000000e+00
0.000000000000000000e+00
0.000000000000000000e+00
0.000000000000000000e+00
0.000000000000000000e+00
0.000000000000000000e+00
0.000000000000000000e+00
0.000000000000000000e+00
0.000000000000000000e+00
0.000000000000000000e+00
0.000000000000000000e+00
0.000000000000000000e+00
0.000000000000000000e+00
0.000000000000000000e+00
0.000000000000000000e+00
0.000000000000000000e+00
0.000000000000000000e+00
0.000000000000000000e+00
0.000000000000000000e+00
0.000000000000000000e+00
0.000000000000000000e+00
0.000000000000000000e+00
0.000000000000000000e+00
0.000000000000000000e+00
0.000000000000000000e+00
0.000000000000000000e+00
0.000000000000000000e+00
0.000000000000000000e+00
0.000000000000000000e+00
0.000000000000000000e+00
0.000000000000000000e+00
0.000000000000000000e+00
0.000000000000000000e+00
0.000000000000000000e+00
0.000000000000000000e+00
0.000000000000000000e+00
0.000000000000000000e+00
0.000000000000000000e+00
0.000000000000000000e+00
0.000000000000000000e+00
0.000000000000000000e+00
0.000000000000000000e+00
0.000000000000000000e+00
0.000000000000000000e+00
0.000000000000000000e+00
0.000000000000000000e+00
0.000000000000000000e+00
0.000000000000000000e+00
0.000000000000000000e+00
0.000000000000000000e+00
0.000000000000000000e+00
0.000000000000000000e+00
0.000000000000000000e+00
0.000000000000000000e+00
0.000000000000000000e+00
0.000000000000000000e+00
0.000000000000000000e+00
0.000000000000000000e+00
