1.000000000000000000e+06
4.918000000000000000e+05
4.939000000000000000e+05
5.014000000000000000e+05
5.022000000000000000e+05
5.009000000000000000e+05
5.010000000000000000e+05
5.048000000000000000e+05
4.946000000000000000e+05
5.009000000000000000e+05
4.981000000000000000e+05
5.029000000000000000e+05
4.917000000000000000e+05
4.970000000000000000e+05
4.993000000000000000e+05
4.964000000000000000e+05
4.975000000000000000e+05
4.968000000000000000e+05
4.993000000000000000e+05
5.033000000000000000e+05
5.003000000000000000e+05
4.966000000000000000e+05
5.042000000000000000e+05
5.142000000000000000e+05
4.917000000000000000e+05
4.998000000000000000e+05
4.969000000000000000e+05
4.948000000000000000e+05
5.066000000000000000e+05
4.947000000000000000e+05
4.964000000000000000e+05
4.829000000000000000e+05
4.985000000000000000e+05
5.103000000000000000e+05
5.082000000000000000e+05
5.036000000000000000e+05
4.983000000000000000e+05
5.052000000000000000e+05
4.986000000000000000e+05
5.006000000000000000e+05
4.985000000000000000e+05
5.113000000000000000e+05
4.956000000000000000e+05
5.000000000000000000e+05
5.047000000000000000e+05
4.972000000000000000e+05
4.954000000000000000e+05
4.890000000000000000e+05
5.010000000000000000e+05
4.910000000000000000e+05
4.899000000000000000e+05
5.027000000000000000e+05
5.001000000000000000e+05
4.990000000000000000e+05
5.036000000000000000e+05
4.739000000000000000e+05
4.969000000000000000e+05
4.972000000000000000e+05
4.998000000000000000e+05
4.640000000000000000e+05
4.972000000000000000e+05
4.975000000000000000e+05
5.032000000000000000e+05
3.000000000000000000e+05
4.998000000000000000e+05
4.981000000000000000e+05
4.998000000000000000e+05
4.969000000000000000e+05
5.037000000000000000e+05
5.076000000000000000e+05
4.993000000000000000e+05
5.002000000000000000e+05
5.098000000000000000e+05
5.062000000000000000e+05
4.863000000000000000e+05
5.040000000000000000e+05
5.065000000000000000e+05
4.877000000000000000e+05
5.073000000000000000e+05
4.667000000000000000e+05
4.946000000000000000e+05
4.950000000000000000e+05
5.009000000000000000e+05
4.967000000000000000e+05
5.023000000000000000e+05
4.954000000000000000e+05
4.978000000000000000e+05
4.508000000000000000e+05
5.024000000000000000e+05
4.978000000000000000e+05
4.971000000000000000e+05
4.359000000000000000e+05
4.934000000000000000e+05
4.951000000000000000e+05
4.854000000000000000e+05
2.475000000000000000e+05
4.952000000000000000e+05
4.973000000000000000e+05
5.032000000000000000e+05
4.907000000000000000e+05
4.981000000000000000e+05
4.948000000000000000e+05
5.028000000000000000e+05
4.180000000000000000e+05
5.082000000000000000e+05
5.016000000000000000e+05
4.980000000000000000e+05
4.105000000000000000e+05
4.992000000000000000e+05
5.017000000000000000e+05
4.864000000000000000e+05
1.891000000000000000e+05
4.898000000000000000e+05
4.932000000000000000e+05
5.055000000000000000e+05
3.636000000000000000e+05
4.973000000000000000e+05
5.021000000000000000e+05
4.778000000000000000e+05
1.414000000000000000e+05
5.084000000000000000e+05
5.029000000000000000e+05
4.775000000000000000e+05
1.071000000000000000e+05
5.067000000000000000e+05
5.017000000000000000e+05
3.013000000000000000e+05
1.210000000000000000e+04
4.942000000000000000e+05
4.974000000000000000e+05
5.044000000000000000e+05
5.053000000000000000e+05
5.078000000000000000e+05
5.057000000000000000e+05
5.018000000000000000e+05
5.004000000000000000e+05
5.028000000000000000e+05
5.070000000000000000e+05
5.048000000000000000e+05
4.841000000000000000e+05
5.019000000000000000e+05
4.989000000000000000e+05
5.062000000000000000e+05
4.262000000000000000e+05
5.020000000000000000e+05
5.013000000000000000e+05
4.952000000000000000e+05
4.955000000000000000e+05
5.003000000000000000e+05
5.058000000000000000e+05
5.035000000000000000e+05
4.044000000000000000e+05
4.994000000000000000e+05
5.051000000000000000e+05
5.026000000000000000e+05
3.685000000000000000e+05
4.983000000000000000e+05
4.997000000000000000e+05
4.839000000000000000e+05
1.595000000000000000e+05
5.031000000000000000e+05
4.927000000000000000e+05
4.944000000000000000e+05
4.865000000000000000e+05
5.031000000000000000e+05
4.985000000000000000e+05
5.012000000000000000e+05
3.520000000000000000e+05
4.948000000000000000e+05
5.056000000000000000e+05
4.865000000000000000e+05
3.174000000000000000e+05
5.020000000000000000e+05
5.038000000000000000e+05
4.668000000000000000e+05
1.013000000000000000e+05
4.991000000000000000e+05
4.990000000000000000e+05
5.030000000000000000e+05
2.554000000000000000e+05
5.002000000000000000e+05
4.971000000000000000e+05
4.553000000000000000e+05
7.210000000000000000e+04
4.979000000000000000e+05
5.016000000000000000e+05
4.429000000000000000e+05
4.590000000000000000e+04
5.038000000000000000e+05
4.971000000000000000e+05
2.500000000000000000e+05
1.800000000000000000e+03
4.997000000000000000e+05
5.074000000000000000e+05
5.034000000000000000e+05
4.560000000000000000e+05
5.006000000000000000e+05
4.995000000000000000e+05
4.792000000000000000e+05
2.693000000000000000e+05
5.038000000000000000e+05
5.031000000000000000e+05
4.974000000000000000e+05
2.277000000000000000e+05
4.976000000000000000e+05
4.941000000000000000e+05
4.340000000000000000e+05
5.320000000000000000e+04
5.051000000000000000e+05
4.967000000000000000e+05
4.951000000000000000e+05
1.831000000000000000e+05
5.053000000000000000e+05
5.022000000000000000e+05
4.173000000000000000e+05
3.310000000000000000e+04
5.022000000000000000e+05
4.933000000000000000e+05
3.918000000000000000e+05
2.020000000000000000e+04
4.955000000000000000e+05
4.920000000000000000e+05
1.936000000000000000e+05
6.000000000000000000e+02
5.057000000000000000e+05
5.080000000000000000e+05
4.861000000000000000e+05
1.222000000000000000e+05
4.904000000000000000e+05
4.982000000000000000e+05
3.810000000000000000e+05
1.640000000000000000e+04
4.901000000000000000e+05
5.031000000000000000e+05
3.498000000000000000e+05
8.300000000000000000e+03
5.017000000000000000e+05
4.903000000000000000e+05
1.303000000000000000e+05
0.000000000000000000e+00
4.886000000000000000e+05
5.087000000000000000e+05
2.926000000000000000e+05
3.400000000000000000e+03
4.942000000000000000e+05
4.814000000000000000e+05
9.650000000000000000e+04
0.000000000000000000e+00
4.919000000000000000e+05
4.901000000000000000e+05
7.060000000000000000e+04
0.000000000000000000e+00
4.999000000000000000e+05
3.810000000000000000e+05
5.100000000000000000e+03
0.000000000000000000e+00
4.974000000000000000e+05
5.082000000000000000e+05
4.974000000000000000e+05
4.932000000000000000e+05
5.008000000000000000e+05
5.064000000000000000e+05
5.070000000000000000e+05
4.852000000000000000e+05
5.043000000000000000e+05
4.954000000000000000e+05
5.041000000000000000e+05
4.888000000000000000e+05
5.011000000000000000e+05
4.980000000000000000e+05
5.021000000000000000e+05
3.437000000000000000e+05
4.996000000000000000e+05
5.051000000000000000e+05
5.004000000000000000e+05
4.552000000000000000e+05
4.970000000000000000e+05
5.057000000000000000e+05
5.067000000000000000e+05
2.958000000000000000e+05
5.026000000000000000e+05
4.979000000000000000e+05
5.002000000000000000e+05
2.592000000000000000e+05
5.062000000000000000e+05
5.047000000000000000e+05
4.422000000000000000e+05
6.970000000000000000e+04
5.027000000000000000e+05
5.035000000000000000e+05
4.973000000000000000e+05
4.348000000000000000e+05
5.008000000000000000e+05
5.026000000000000000e+05
5.006000000000000000e+05
2.270000000000000000e+05
4.965000000000000000e+05
4.977000000000000000e+05
4.969000000000000000e+05
1.976000000000000000e+05
4.951000000000000000e+05
5.033000000000000000e+05
4.237000000000000000e+05
3.760000000000000000e+04
4.995000000000000000e+05
5.053000000000000000e+05
4.896000000000000000e+05
1.404000000000000000e+05
5.039000000000000000e+05
4.996000000000000000e+05
3.974000000000000000e+05
1.880000000000000000e+04
4.966000000000000000e+05
4.964000000000000000e+05
3.663000000000000000e+05
1.170000000000000000e+04
5.056000000000000000e+05
4.910000000000000000e+05
1.573000000000000000e+05
1.000000000000000000e+02
5.083000000000000000e+05
5.041000000000000000e+05
4.992000000000000000e+05
3.744000000000000000e+05
4.982000000000000000e+05
4.986000000000000000e+05
5.003000000000000000e+05
1.566000000000000000e+05
5.070000000000000000e+05
5.055000000000000000e+05
4.929000000000000000e+05
1.166000000000000000e+05
5.049000000000000000e+05
4.937000000000000000e+05
3.675000000000000000e+05
1.280000000000000000e+04
4.858000000000000000e+05
5.101000000000000000e+05
4.795000000000000000e+05
8.420000000000000000e+04
4.939000000000000000e+05
4.882000000000000000e+05
3.472000000000000000e+05
7.200000000000000000e+03
5.015000000000000000e+05
4.984000000000000000e+05
3.111000000000000000e+05
2.900000000000000000e+03
5.047000000000000000e+05
4.870000000000000000e+05
1.047000000000000000e+05
0.000000000000000000e+00
5.007000000000000000e+05
5.030000000000000000e+05
4.629000000000000000e+05
5.060000000000000000e+04
4.968000000000000000e+05
5.049000000000000000e+05
2.842000000000000000e+05
2.000000000000000000e+03
4.996000000000000000e+05
4.970000000000000000e+05
2.416000000000000000e+05
1.300000000000000000e+03
4.972000000000000000e+05
4.858000000000000000e+05
6.300000000000000000e+04
0.000000000000000000e+00
4.970000000000000000e+05
5.099000000000000000e+05
1.921000000000000000e+05
4.000000000000000000e+02
5.096000000000000000e+05
4.844000000000000000e+05
3.720000000000000000e+04
0.000000000000000000e+00
5.006000000000000000e+05
4.667000000000000000e+05
2.200000000000000000e+04
0.000000000000000000e+00
4.958000000000000000e+05
3.323000000000000000e+05
7.000000000000000000e+02
0.000000000000000000e+00
5.027000000000000000e+05
5.043000000000000000e+05
4.947000000000000000e+05
2.867000000000000000e+05
4.974000000000000000e+05
5.030000000000000000e+05
4.831000000000000000e+05
8.810000000000000000e+04
4.931000000000000000e+05
5.037000000000000000e+05
4.721000000000000000e+05
6.190000000000000000e+04
4.988000000000000000e+05
5.029000000000000000e+05
2.961000000000000000e+05
3.500000000000000000e+03
4.999000000000000000e+05
4.990000000000000000e+05
4.454000000000000000e+05
3.670000000000000000e+04
4.994000000000000000e+05
4.933000000000000000e+05
2.468000000000000000e+05
1.500000000000000000e+03
4.994000000000000000e+05
5.058000000000000000e+05
2.164000000000000000e+05
4.000000000000000000e+02
4.951000000000000000e+05
4.709000000000000000e+05
4.850000000000000000e+04
0.000000000000000000e+00
4.982000000000000000e+05
5.031000000000000000e+05
4.129000000000000000e+05
2.190000000000000000e+04
5.067000000000000000e+05
4.961000000000000000e+05
1.909000000000000000e+05
1.000000000000000000e+02
5.022000000000000000e+05
5.048000000000000000e+05
1.531000000000000000e+05
2.000000000000000000e+02
5.012000000000000000e+05
4.817000000000000000e+05
2.370000000000000000e+04
0.000000000000000000e+00
5.016000000000000000e+05
4.959000000000000000e+05
1.095000000000000000e+05
0.000000000000000000e+00
5.048000000000000000e+05
4.710000000000000000e+05
1.330000000000000000e+04
0.000000000000000000e+00
5.073000000000000000e+05
4.479000000000000000e+05
7.600000000000000000e+03
0.000000000000000000e+00
4.942000000000000000e+05
2.909000000000000000e+05
0.000000000000000000e+00
0.000000000000000000e+00
4.939000000000000000e+05
4.870000000000000000e+05
3.307000000000000000e+05
1.070000000000000000e+04
5.049000000000000000e+05
4.950000000000000000e+05
1.217000000000000000e+05
1.000000000000000000e+02
4.982000000000000000e+05
4.925000000000000000e+05
8.850000000000000000e+04
0.000000000000000000e+00
4.920000000000000000e+05
4.567000000000000000e+05
8.400000000000000000e+03
0.000000000000000000e+00
5.006000000000000000e+05
4.977000000000000000e+05
5.840000000000000000e+04
1.000000000000000000e+02
5.068000000000000000e+05
4.363000000000000000e+05
3.900000000000000000e+03
0.000000000000000000e+00
5.057000000000000000e+05
4.329000000000000000e+05
2.200000000000000000e+03
0.000000000000000000e+00
5.024000000000000000e+05
2.425000000000000000e+05
0.000000000000000000e+00
0.000000000000000000e+00
5.025000000000000000e+05
4.929000000000000000e+05
3.850000000000000000e+04
0.000000000000000000e+00
5.036000000000000000e+05
4.227000000000000000e+05
1.700000000000000000e+03
0.000000000000000000e+00
4.954000000000000000e+05
4.001000000000000000e+05
8.000000000000000000e+02
0.000000000000000000e+00
5.056000000000000000e+05
1.892000000000000000e+05
0.000000000000000000e+00
0.000000000000000000e+00
5.011000000000000000e+05
3.533000000000000000e+05
4.000000000000000000e+02
0.000000000000000000e+00
4.903000000000000000e+05
1.417000000000000000e+05
0.000000000000000000e+00
0.000000000000000000e+00
4.963000000000000000e+05
1.045000000000000000e+05
0.000000000000000000e+00
0.000000000000000000e+00
4.608000000000000000e+05
1.270000000000000000e+04
0.000000000000000000e+00
0.000000000000000000e+00
4.984000000000000000e+05
4.967000000000000000e+05
4.957000000000000000e+05
4.988000000000000000e+05
4.921000000000000000e+05
5.006000000000000000e+05
5.040000000000000000e+05
4.420000000000000000e+05
4.981000000000000000e+05
4.935000000000000000e+05
5.063000000000000000e+05
4.154000000000000000e+05
4.943000000000000000e+05
5.048000000000000000e+05
4.975000000000000000e+05
2.158000000000000000e+05
4.935000000000000000e+05
5.006000000000000000e+05
5.083000000000000000e+05
3.719000000000000000e+05
5.000000000000000000e+05
4.942000000000000000e+05
4.873000000000000000e+05
1.699000000000000000e+05
5.026000000000000000e+05
4.955000000000000000e+05
4.897000000000000000e+05
1.195000000000000000e+05
4.952000000000000000e+05
4.969000000000000000e+05
3.700000000000000000e+05
1.740000000000000000e+04
4.959000000000000000e+05
4.963000000000000000e+05
4.996000000000000000e+05
3.199000000000000000e+05
5.062000000000000000e+05
5.065000000000000000e+05
4.838000000000000000e+05
1.061000000000000000e+05
5.061000000000000000e+05
4.959000000000000000e+05
4.745000000000000000e+05
8.000000000000000000e+04
5.008000000000000000e+05
4.992000000000000000e+05
3.325000000000000000e+05
4.800000000000000000e+03
4.845000000000000000e+05
4.988000000000000000e+05
4.638000000000000000e+05
4.540000000000000000e+04
4.946000000000000000e+05
4.965000000000000000e+05
2.840000000000000000e+05
2.000000000000000000e+03
4.988000000000000000e+05
5.078000000000000000e+05
2.466000000000000000e+05
9.000000000000000000e+02
4.961000000000000000e+05
4.864000000000000000e+05
6.510000000000000000e+04
0.000000000000000000e+00
5.068000000000000000e+05
4.966000000000000000e+05
4.947000000000000000e+05
2.402000000000000000e+05
5.061000000000000000e+05
5.079000000000000000e+05
4.627000000000000000e+05
5.960000000000000000e+04
5.063000000000000000e+05
5.056000000000000000e+05
4.494000000000000000e+05
3.660000000000000000e+04
5.116000000000000000e+05
5.099000000000000000e+05
2.709000000000000000e+05
1.300000000000000000e+03
4.977000000000000000e+05
5.048000000000000000e+05
4.226000000000000000e+05
2.530000000000000000e+04
4.992000000000000000e+05
5.076000000000000000e+05
2.150000000000000000e+05
3.000000000000000000e+02
4.960000000000000000e+05
5.082000000000000000e+05
1.731000000000000000e+05
1.000000000000000000e+02
5.007000000000000000e+05
4.864000000000000000e+05
3.220000000000000000e+04
0.000000000000000000e+00
5.035000000000000000e+05
5.013000000000000000e+05
3.694000000000000000e+05
1.410000000000000000e+04
5.057000000000000000e+05
5.026000000000000000e+05
1.497000000000000000e+05
1.000000000000000000e+02
5.044000000000000000e+05
5.054000000000000000e+05
1.161000000000000000e+05
0.000000000000000000e+00
5.036000000000000000e+05
4.686000000000000000e+05
1.600000000000000000e+04
0.000000000000000000e+00
5.013000000000000000e+05
5.088000000000000000e+05
8.120000000000000000e+04
0.000000000000000000e+00
5.066000000000000000e+05
4.552000000000000000e+05
8.300000000000000000e+03
0.000000000000000000e+00
5.000000000000000000e+05
4.460000000000000000e+05
5.000000000000000000e+03
0.000000000000000000e+00
5.081000000000000000e+05
2.656000000000000000e+05
0.000000000000000000e+00
0.000000000000000000e+00
4.967000000000000000e+05
5.067000000000000000e+05
4.929000000000000000e+05
1.580000000000000000e+05
5.036000000000000000e+05
5.027000000000000000e+05
4.120000000000000000e+05
2.690000000000000000e+04
5.099000000000000000e+05
4.982000000000000000e+05
3.991000000000000000e+05
1.700000000000000000e+04
4.961000000000000000e+05
5.075000000000000000e+05
1.752000000000000000e+05
2.000000000000000000e+02
4.961000000000000000e+05
4.997000000000000000e+05
3.492000000000000000e+05
6.700000000000000000e+03
4.951000000000000000e+05
5.018000000000000000e+05
1.321000000000000000e+05
1.000000000000000000e+02
5.047000000000000000e+05
4.954000000000000000e+05
9.710000000000000000e+04
0.000000000000000000e+00
5.126000000000000000e+05
4.670000000000000000e+05
1.060000000000000000e+04
0.000000000000000000e+00
5.082000000000000000e+05
4.989000000000000000e+05
2.819000000000000000e+05
2.700000000000000000e+03
4.931000000000000000e+05
4.976000000000000000e+05
7.940000000000000000e+04
0.000000000000000000e+00
4.954000000000000000e+05
5.071000000000000000e+05
5.690000000000000000e+04
0.000000000000000000e+00
5.088000000000000000e+05
4.498000000000000000e+05
3.600000000000000000e+03
0.000000000000000000e+00
4.993000000000000000e+05
4.987000000000000000e+05
3.480000000000000000e+04
0.000000000000000000e+00
5.060000000000000000e+05
4.251000000000000000e+05
1.500000000000000000e+03
0.000000000000000000e+00
4.997000000000000000e+05
4.044000000000000000e+05
4.000000000000000000e+02
0.000000000000000000e+00
4.985000000000000000e+05
1.996000000000000000e+05
0.000000000000000000e+00
0.000000000000000000e+00
4.962000000000000000e+05
5.040000000000000000e+05
2.047000000000000000e+05
1.900000000000000000e+03
5.007000000000000000e+05
4.997000000000000000e+05
4.220000000000000000e+04
0.000000000000000000e+00
5.007000000000000000e+05
4.978000000000000000e+05
2.950000000000000000e+04
0.000000000000000000e+00
5.037000000000000000e+05
4.187000000000000000e+05
1.400000000000000000e+03
0.000000000000000000e+00
4.965000000000000000e+05
4.911000000000000000e+05
1.570000000000000000e+04
0.000000000000000000e+00
4.983000000000000000e+05
3.919000000000000000e+05
5.000000000000000000e+02
0.000000000000000000e+00
4.917000000000000000e+05
3.584000000000000000e+05
6.000000000000000000e+02
0.000000000000000000e+00
5.089000000000000000e+05
1.515000000000000000e+05
0.000000000000000000e+00
0.000000000000000000e+00
4.968000000000000000e+05
4.840000000000000000e+05
1.020000000000000000e+04
0.000000000000000000e+00
4.946000000000000000e+05
3.473000000000000000e+05
3.000000000000000000e+02
0.000000000000000000e+00
5.021000000000000000e+05
3.062000000000000000e+05
1.000000000000000000e+02
0.000000000000000000e+00
5.006000000000000000e+05
1.028000000000000000e+05
0.000000000000000000e+00
0.000000000000000000e+00
4.990000000000000000e+05
2.521000000000000000e+05
0.000000000000000000e+00
0.000000000000000000e+00
4.959000000000000000e+05
6.780000000000000000e+04
0.000000000000000000e+00
0.000000000000000000e+00
4.907000000000000000e+05
4.910000000000000000e+04
0.000000000000000000e+00
0.000000000000000000e+00
4.447000000000000000e+05
1.400000000000000000e+03
0.000000000000000000e+00
0.000000000000000000e+00
5.011000000000000000e+05
5.031000000000000000e+05
4.779000000000000000e+05
9.360000000000000000e+04
4.990000000000000000e+05
5.072000000000000000e+05
3.311000000000000000e+05
7.700000000000000000e+03
5.006000000000000000e+05
5.061000000000000000e+05
2.811000000000000000e+05
4.600000000000000000e+03
5.017000000000000000e+05
4.934000000000000000e+05
8.870000000000000000e+04
0.000000000000000000e+00
5.000000000000000000e+05
5.020000000000000000e+05
2.252000000000000000e+05
2.600000000000000000e+03
5.021000000000000000e+05
4.989000000000000000e+05
5.470000000000000000e+04
0.000000000000000000e+00
5.056000000000000000e+05
5.026000000000000000e+05
3.770000000000000000e+04
0.000000000000000000e+00
4.969000000000000000e+05
4.116000000000000000e+05
1.600000000000000000e+03
0.000000000000000000e+00
4.964000000000000000e+05
4.955000000000000000e+05
1.720000000000000000e+05
7.000000000000000000e+02
5.047000000000000000e+05
4.948000000000000000e+05
3.210000000000000000e+04
0.000000000000000000e+00
5.029000000000000000e+05
4.878000000000000000e+05
2.150000000000000000e+04
0.000000000000000000e+00
5.024000000000000000e+05
3.990000000000000000e+05
3.000000000000000000e+02
0.000000000000000000e+00
5.128000000000000000e+05
4.871000000000000000e+05
1.100000000000000000e+04
0.000000000000000000e+00
4.939000000000000000e+05
3.750000000000000000e+05
1.000000000000000000e+02
0.000000000000000000e+00
5.032000000000000000e+05
3.351000000000000000e+05
2.000000000000000000e+02
0.000000000000000000e+00
5.067000000000000000e+05
1.298000000000000000e+05
0.000000000000000000e+00
0.000000000000000000e+00
4.910000000000000000e+05
5.092000000000000000e+05
1.161000000000000000e+05
4.000000000000000000e+02
4.999000000000000000e+05
4.907000000000000000e+05
1.360000000000000000e+04
0.000000000000000000e+00
5.014000000000000000e+05
4.784000000000000000e+05
9.500000000000000000e+03
0.000000000000000000e+00
5.021000000000000000e+05
3.407000000000000000e+05
1.000000000000000000e+02
0.000000000000000000e+00
5.023000000000000000e+05
4.619000000000000000e+05
6.100000000000000000e+03
0.000000000000000000e+00
4.980000000000000000e+05
2.984000000000000000e+05
1.000000000000000000e+02
0.000000000000000000e+00
4.930000000000000000e+05
2.724000000000000000e+05
0.000000000000000000e+00
0.000000000000000000e+00
4.967000000000000000e+05
7.840000000000000000e+04
0.000000000000000000e+00
0.000000000000000000e+00
5.029000000000000000e+05
4.315000000000000000e+05
3.500000000000000000e+03
0.000000000000000000e+00
4.934000000000000000e+05
2.394000000000000000e+05
0.000000000000000000e+00
0.000000000000000000e+00
4.990000000000000000e+05
2.082000000000000000e+05
0.000000000000000000e+00
0.000000000000000000e+00
4.967000000000000000e+05
4.260000000000000000e+04
0.000000000000000000e+00
0.000000000000000000e+00
5.046000000000000000e+05
1.511000000000000000e+05
0.000000000000000000e+00
0.000000000000000000e+00
5.031000000000000000e+05
2.440000000000000000e+04
0.000000000000000000e+00
0.000000000000000000e+00
4.980000000000000000e+05
1.570000000000000000e+04
0.000000000000000000e+00
0.000000000000000000e+00
4.204000000000000000e+05
6.000000000000000000e+02
0.000000000000000000e+00
0.000000000000000000e+00
4.961000000000000000e+05
4.949000000000000000e+05
7.210000000000000000e+04
1.000000000000000000e+02
4.962000000000000000e+05
4.763000000000000000e+05
5.400000000000000000e+03
0.000000000000000000e+00
5.041000000000000000e+05
4.506000000000000000e+05
2.100000000000000000e+03
0.000000000000000000e+00
4.996000000000000000e+05
2.743000000000000000e+05
1.000000000000000000e+02
0.000000000000000000e+00
5.133000000000000000e+05
4.189000000000000000e+05
2.000000000000000000e+03
0.000000000000000000e+00
4.977000000000000000e+05
2.202000000000000000e+05
0.000000000000000000e+00
0.000000000000000000e+00
5.049000000000000000e+05
1.863000000000000000e+05
0.000000000000000000e+00
0.000000000000000000e+00
4.956000000000000000e+05
3.560000000000000000e+04
0.000000000000000000e+00
0.000000000000000000e+00
5.044000000000000000e+05
3.852000000000000000e+05
1.400000000000000000e+03
0.000000000000000000e+00
4.980000000000000000e+05
1.653000000000000000e+05
0.000000000000000000e+00
0.000000000000000000e+00
5.080000000000000000e+05
1.296000000000000000e+05
0.000000000000000000e+00
0.000000000000000000e+00
4.995000000000000000e+05
2.010000000000000000e+04
0.000000000000000000e+00
0.000000000000000000e+00
5.079000000000000000e+05
9.270000000000000000e+04
0.000000000000000000e+00
0.000000000000000000e+00
4.928000000000000000e+05
8.300000000000000000e+03
0.000000000000000000e+00
0.000000000000000000e+00
4.868000000000000000e+05
6.200000000000000000e+03
0.000000000000000000e+00
0.000000000000000000e+00
3.896000000000000000e+05
1.000000000000000000e+02
0.000000000000000000e+00
0.000000000000000000e+00
5.009000000000000000e+05
2.966000000000000000e+05
4.000000000000000000e+02
0.000000000000000000e+00
5.048000000000000000e+05
1.009000000000000000e+05
0.000000000000000000e+00
0.000000000000000000e+00
4.983000000000000000e+05
7.290000000000000000e+04
0.000000000000000000e+00
0.000000000000000000e+00
4.862000000000000000e+05
7.000000000000000000e+03
0.000000000000000000e+00
0.000000000000000000e+00
4.993000000000000000e+05
4.570000000000000000e+04
0.000000000000000000e+00
0.000000000000000000e+00
4.895000000000000000e+05
2.600000000000000000e+03
0.000000000000000000e+00
0.000000000000000000e+00
4.813000000000000000e+05
1.900000000000000000e+03
0.000000000000000000e+00
0.000000000000000000e+00
3.540000000000000000e+05
0.000000000000000000e+00
0.000000000000000000e+00
0.000000000000000000e+00
5.001000000000000000e+05
2.990000000000000000e+04
0.000000000000000000e+00
0.000000000000000000e+00
4.747000000000000000e+05
8.000000000000000000e+02
0.000000000000000000e+00
0.000000000000000000e+00
4.564000000000000000e+05
6.000000000000000000e+02
0.000000000000000000e+00
0.000000000000000000e+00
3.059000000000000000e+05
0.000000000000000000e+00
0.000000000000000000e+00
0.000000000000000000e+00
4.436000000000000000e+05
3.000000000000000000e+02
0.000000000000000000e+00
0.000000000000000000e+00
2.643000000000000000e+05
0.000000000000000000e+00
0.000000000000000000e+00
0.000000000000000000e+00
2.322000000000000000e+05
0.000000000000000000e+00
0.000000000000000000e+00
0.000000000000000000e+00
5.350000000000000000e+04
0.000000000000000000e+00
0.000000000000000000e+00
0.000000000000000000e+00
