1.000000000000000000e+06
9.554000000000000000e+05
5.048000000000000000e+05
5.010000000000000000e+05
1.000000000000000000e+06
5.042000000000000000e+05
4.986000000000000000e+05
5.036000000000000000e+05
1.000000000000000000e+06
5.004000000000000000e+05
4.978000000000000000e+05
4.993000000000000000e+05
4.974000000000000000e+05
5.004000000000000000e+05
4.970000000000000000e+05
4.899000000000000000e+05
1.000000000000000000e+06
4.997000000000000000e+05
4.960000000000000000e+05
5.054000000000000000e+05
5.066000000000000000e+05
4.897000000000000000e+05
5.122000000000000000e+05
4.996000000000000000e+05
4.995000000000000000e+05
5.026000000000000000e+05
4.965000000000000000e+05
5.098000000000000000e+05
4.961000000000000000e+05
4.949000000000000000e+05
5.028000000000000000e+05
4.943000000000000000e+05
1.000000000000000000e+06
4.986000000000000000e+05
5.000000000000000000e+05
5.040000000000000000e+05
4.991000000000000000e+05
5.000000000000000000e+05
5.032000000000000000e+05
5.106000000000000000e+05
5.015000000000000000e+05
5.033000000000000000e+05
5.115000000000000000e+05
5.022000000000000000e+05
4.973000000000000000e+05
5.033000000000000000e+05
5.079000000000000000e+05
5.049000000000000000e+05
5.029000000000000000e+05
4.950000000000000000e+05
4.952000000000000000e+05
5.049000000000000000e+05
4.937000000000000000e+05
5.040000000000000000e+05
5.098000000000000000e+05
5.120000000000000000e+05
5.039000000000000000e+05
4.981000000000000000e+05
5.005000000000000000e+05
5.121000000000000000e+05
4.986000000000000000e+05
5.024000000000000000e+05
4.929000000000000000e+05
4.732000000000000000e+05
1.000000000000000000e+06
5.102000000000000000e+05
4.948000000000000000e+05
5.065000000000000000e+05
5.041000000000000000e+05
5.047000000000000000e+05
4.957000000000000000e+05
4.950000000000000000e+05
4.909000000000000000e+05
5.050000000000000000e+05
5.015000000000000000e+05
4.981000000000000000e+05
5.013000000000000000e+05
5.000000000000000000e+05
4.974000000000000000e+05
4.950000000000000000e+05
5.115000000000000000e+05
5.055000000000000000e+05
4.866000000000000000e+05
4.957000000000000000e+05
5.077000000000000000e+05
4.972000000000000000e+05
5.015000000000000000e+05
5.081000000000000000e+05
5.012000000000000000e+05
5.017000000000000000e+05
4.952000000000000000e+05
4.960000000000000000e+05
4.991000000000000000e+05
5.008000000000000000e+05
4.963000000000000000e+05
4.699000000000000000e+05
5.044000000000000000e+05
5.012000000000000000e+05
5.092000000000000000e+05
4.984000000000000000e+05
5.024000000000000000e+05
4.987000000000000000e+05
5.074000000000000000e+05
4.901000000000000000e+05
4.998000000000000000e+05
5.047000000000000000e+05
4.997000000000000000e+05
5.014000000000000000e+05
5.114000000000000000e+05
4.982000000000000000e+05
5.031000000000000000e+05
4.554000000000000000e+05
4.980000000000000000e+05
4.976000000000000000e+05
5.026000000000000000e+05
5.027000000000000000e+05
4.999000000000000000e+05
4.935000000000000000e+05
4.990000000000000000e+05
4.454000000000000000e+05
4.943000000000000000e+05
5.038000000000000000e+05
5.045000000000000000e+05
4.239000000000000000e+05
4.939000000000000000e+05
4.974000000000000000e+05
4.991000000000000000e+05
2.348000000000000000e+05
1.000000000000000000e+06
4.914000000000000000e+05
5.027000000000000000e+05
4.937000000000000000e+05
4.961000000000000000e+05
5.015000000000000000e+05
4.983000000000000000e+05
5.021000000000000000e+05
4.929000000000000000e+05
5.026000000000000000e+05
4.961000000000000000e+05
4.980000000000000000e+05
5.005000000000000000e+05
5.020000000000000000e+05
5.065000000000000000e+05
4.993000000000000000e+05
4.968000000000000000e+05
5.024000000000000000e+05
5.019000000000000000e+05
4.945000000000000000e+05
4.927000000000000000e+05
4.978000000000000000e+05
5.005000000000000000e+05
4.944000000000000000e+05
5.013000000000000000e+05
4.970000000000000000e+05
4.986000000000000000e+05
4.900000000000000000e+05
4.966000000000000000e+05
5.107000000000000000e+05
5.015000000000000000e+05
4.530000000000000000e+05
5.002000000000000000e+05
4.994000000000000000e+05
4.965000000000000000e+05
4.947000000000000000e+05
4.919000000000000000e+05
5.030000000000000000e+05
5.010000000000000000e+05
4.992000000000000000e+05
4.990000000000000000e+05
4.999000000000000000e+05
4.947000000000000000e+05
5.033000000000000000e+05
5.018000000000000000e+05
5.000000000000000000e+05
5.042000000000000000e+05
4.243000000000000000e+05
4.961000000000000000e+05
5.006000000000000000e+05
5.066000000000000000e+05
4.905000000000000000e+05
5.015000000000000000e+05
5.078000000000000000e+05
4.922000000000000000e+05
4.081000000000000000e+05
4.977000000000000000e+05
5.007000000000000000e+05
4.995000000000000000e+05
3.773000000000000000e+05
4.965000000000000000e+05
4.993000000000000000e+05
4.913000000000000000e+05
1.726000000000000000e+05
5.039000000000000000e+05
4.912000000000000000e+05
5.027000000000000000e+05
5.107000000000000000e+05
4.992000000000000000e+05
5.054000000000000000e+05
4.900000000000000000e+05
5.025000000000000000e+05
4.894000000000000000e+05
4.931000000000000000e+05
4.938000000000000000e+05
4.797000000000000000e+05
4.920000000000000000e+05
5.042000000000000000e+05
4.977000000000000000e+05
3.918000000000000000e+05
4.950000000000000000e+05
4.947000000000000000e+05
5.061000000000000000e+05
4.831000000000000000e+05
4.963000000000000000e+05
4.968000000000000000e+05
5.007000000000000000e+05
3.524000000000000000e+05
4.952000000000000000e+05
4.985000000000000000e+05
5.041000000000000000e+05
3.263000000000000000e+05
4.969000000000000000e+05
4.922000000000000000e+05
4.843000000000000000e+05
1.206000000000000000e+05
5.082000000000000000e+05
5.055000000000000000e+05
5.001000000000000000e+05
4.716000000000000000e+05
5.041000000000000000e+05
5.024000000000000000e+05
4.963000000000000000e+05
2.967000000000000000e+05
4.940000000000000000e+05
5.009000000000000000e+05
5.027000000000000000e+05
2.617000000000000000e+05
5.022000000000000000e+05
4.861000000000000000e+05
4.806000000000000000e+05
7.290000000000000000e+04
5.092000000000000000e+05
4.905000000000000000e+05
4.948000000000000000e+05
2.090000000000000000e+05
5.089000000000000000e+05
4.985000000000000000e+05
4.613000000000000000e+05
4.290000000000000000e+04
5.039000000000000000e+05
4.870000000000000000e+05
4.604000000000000000e+05
2.710000000000000000e+04
5.033000000000000000e+05
4.936000000000000000e+05
2.814000000000000000e+05
4.000000000000000000e+02
1.000000000000000000e+06
4.876000000000000000e+05
5.007000000000000000e+05
5.007000000000000000e+05
5.022000000000000000e+05
5.046000000000000000e+05
5.073000000000000000e+05
4.882000000000000000e+05
4.933000000000000000e+05
5.068000000000000000e+05
5.049000000000000000e+05
5.057000000000000000e+05
5.062000000000000000e+05
4.989000000000000000e+05
4.989000000000000000e+05
4.819000000000000000e+05
4.993000000000000000e+05
5.028000000000000000e+05
5.064000000000000000e+05
4.990000000000000000e+05
5.020000000000000000e+05
5.067000000000000000e+05
5.087000000000000000e+05
5.021000000000000000e+05
4.899000000000000000e+05
5.014000000000000000e+05
4.986000000000000000e+05
4.862000000000000000e+05
4.958000000000000000e+05
4.994000000000000000e+05
5.017000000000000000e+05
3.896000000000000000e+05
4.924000000000000000e+05
4.940000000000000000e+05
4.922000000000000000e+05
5.014000000000000000e+05
5.105000000000000000e+05
4.985000000000000000e+05
5.035000000000000000e+05
4.824000000000000000e+05
4.964000000000000000e+05
4.937000000000000000e+05
4.973000000000000000e+05
4.838000000000000000e+05
5.088000000000000000e+05
4.980000000000000000e+05
4.927000000000000000e+05
3.545000000000000000e+05
5.026000000000000000e+05
4.929000000000000000e+05
5.013000000000000000e+05
4.708000000000000000e+05
5.017000000000000000e+05
5.008000000000000000e+05
5.014000000000000000e+05
3.248000000000000000e+05
4.978000000000000000e+05
4.993000000000000000e+05
5.049000000000000000e+05
2.852000000000000000e+05
4.997000000000000000e+05
4.977000000000000000e+05
4.713000000000000000e+05
8.400000000000000000e+04
4.988000000000000000e+05
4.954000000000000000e+05
4.941000000000000000e+05
4.922000000000000000e+05
4.965000000000000000e+05
5.024000000000000000e+05
4.993000000000000000e+05
4.813000000000000000e+05
5.044000000000000000e+05
5.056000000000000000e+05
5.022000000000000000e+05
4.624000000000000000e+05
5.051000000000000000e+05
5.069000000000000000e+05
5.024000000000000000e+05
2.935000000000000000e+05
5.051000000000000000e+05
5.049000000000000000e+05
4.987000000000000000e+05
4.398000000000000000e+05
4.936000000000000000e+05
5.003000000000000000e+05
4.977000000000000000e+05
2.418000000000000000e+05
4.946000000000000000e+05
5.027000000000000000e+05
5.111000000000000000e+05
2.036000000000000000e+05
5.058000000000000000e+05
5.011000000000000000e+05
4.712000000000000000e+05
4.800000000000000000e+04
5.029000000000000000e+05
5.015000000000000000e+05
4.989000000000000000e+05
3.954000000000000000e+05
4.989000000000000000e+05
5.008000000000000000e+05
5.009000000000000000e+05
1.899000000000000000e+05
5.034000000000000000e+05
5.033000000000000000e+05
5.022000000000000000e+05
1.515000000000000000e+05
4.988000000000000000e+05
5.047000000000000000e+05
4.459000000000000000e+05
2.320000000000000000e+04
5.042000000000000000e+05
5.029000000000000000e+05
4.936000000000000000e+05
1.080000000000000000e+05
4.907000000000000000e+05
4.946000000000000000e+05
4.406000000000000000e+05
1.210000000000000000e+04
4.938000000000000000e+05
4.912000000000000000e+05
4.203000000000000000e+05
7.100000000000000000e+03
4.946000000000000000e+05
4.951000000000000000e+05
2.257000000000000000e+05
0.000000000000000000e+00
4.909000000000000000e+05
5.004000000000000000e+05
5.000000000000000000e+05
5.022000000000000000e+05
5.006000000000000000e+05
4.961000000000000000e+05
4.993000000000000000e+05
4.354000000000000000e+05
4.930000000000000000e+05
4.943000000000000000e+05
5.048000000000000000e+05
4.070000000000000000e+05
5.083000000000000000e+05
5.071000000000000000e+05
4.946000000000000000e+05
2.047000000000000000e+05
4.993000000000000000e+05
4.960000000000000000e+05
5.124000000000000000e+05
3.725000000000000000e+05
4.945000000000000000e+05
5.020000000000000000e+05
4.973000000000000000e+05
1.610000000000000000e+05
5.049000000000000000e+05
4.974000000000000000e+05
4.996000000000000000e+05
1.250000000000000000e+05
4.995000000000000000e+05
5.017000000000000000e+05
4.415000000000000000e+05
1.490000000000000000e+04
5.009000000000000000e+05
5.022000000000000000e+05
5.117000000000000000e+05
3.178000000000000000e+05
4.951000000000000000e+05
4.987000000000000000e+05
4.956000000000000000e+05
1.087000000000000000e+05
5.147000000000000000e+05
4.909000000000000000e+05
4.936000000000000000e+05
7.950000000000000000e+04
5.053000000000000000e+05
5.031000000000000000e+05
4.139000000000000000e+05
6.200000000000000000e+03
5.002000000000000000e+05
5.065000000000000000e+05
4.999000000000000000e+05
5.030000000000000000e+04
5.036000000000000000e+05
4.950000000000000000e+05
3.915000000000000000e+05
2.200000000000000000e+03
4.901000000000000000e+05
4.993000000000000000e+05
3.696000000000000000e+05
1.600000000000000000e+03
4.976000000000000000e+05
5.010000000000000000e+05
1.589000000000000000e+05
0.000000000000000000e+00
4.952000000000000000e+05
5.038000000000000000e+05
5.044000000000000000e+05
2.339000000000000000e+05
5.064000000000000000e+05
4.954000000000000000e+05
5.002000000000000000e+05
5.650000000000000000e+04
4.984000000000000000e+05
5.016000000000000000e+05
4.921000000000000000e+05
3.870000000000000000e+04
4.977000000000000000e+05
5.059000000000000000e+05
3.795000000000000000e+05
1.700000000000000000e+03
5.020000000000000000e+05
5.019000000000000000e+05
4.736000000000000000e+05
2.470000000000000000e+04
4.920000000000000000e+05
4.947000000000000000e+05
3.463000000000000000e+05
8.000000000000000000e+02
5.041000000000000000e+05
4.995000000000000000e+05
3.149000000000000000e+05
3.000000000000000000e+02
5.068000000000000000e+05
4.923000000000000000e+05
1.034000000000000000e+05
0.000000000000000000e+00
4.937000000000000000e+05
4.950000000000000000e+05
4.651000000000000000e+05
1.130000000000000000e+04
4.928000000000000000e+05
4.971000000000000000e+05
2.875000000000000000e+05
1.000000000000000000e+02
4.974000000000000000e+05
4.993000000000000000e+05
2.536000000000000000e+05
0.000000000000000000e+00
5.015000000000000000e+05
4.975000000000000000e+05
6.540000000000000000e+04
0.000000000000000000e+00
5.003000000000000000e+05
4.948000000000000000e+05
1.959000000000000000e+05
0.000000000000000000e+00
4.984000000000000000e+05
4.880000000000000000e+05
4.190000000000000000e+04
0.000000000000000000e+00
5.054000000000000000e+05
4.812000000000000000e+05
2.630000000000000000e+04
0.000000000000000000e+00
5.049000000000000000e+05
3.848000000000000000e+05
9.000000000000000000e+02
0.000000000000000000e+00
1.000000000000000000e+06
5.013000000000000000e+05
4.965000000000000000e+05
4.966000000000000000e+05
4.971000000000000000e+05
5.024000000000000000e+05
5.021000000000000000e+05
4.959000000000000000e+05
4.990000000000000000e+05
5.073000000000000000e+05
5.069000000000000000e+05
4.954000000000000000e+05
5.027000000000000000e+05
5.025000000000000000e+05
5.061000000000000000e+05
4.760000000000000000e+05
5.005000000000000000e+05
4.861000000000000000e+05
5.042000000000000000e+05
4.989000000000000000e+05
5.030000000000000000e+05
4.893000000000000000e+05
4.963000000000000000e+05
4.664000000000000000e+05
4.968000000000000000e+05
4.984000000000000000e+05
5.041000000000000000e+05
4.469000000000000000e+05
4.999000000000000000e+05
5.018000000000000000e+05
5.075000000000000000e+05
2.979000000000000000e+05
5.024000000000000000e+05
5.021000000000000000e+05
5.008000000000000000e+05
5.028000000000000000e+05
4.958000000000000000e+05
4.979000000000000000e+05
4.994000000000000000e+05
4.469000000000000000e+05
5.060000000000000000e+05
4.971000000000000000e+05
5.025000000000000000e+05
4.294000000000000000e+05
4.987000000000000000e+05
5.027000000000000000e+05
4.920000000000000000e+05
2.284000000000000000e+05
4.951000000000000000e+05
5.060000000000000000e+05
5.077000000000000000e+05
4.031000000000000000e+05
5.034000000000000000e+05
5.024000000000000000e+05
5.015000000000000000e+05
1.968000000000000000e+05
4.975000000000000000e+05
5.025000000000000000e+05
4.916000000000000000e+05
1.538000000000000000e+05
4.994000000000000000e+05
4.936000000000000000e+05
4.460000000000000000e+05
2.550000000000000000e+04
4.979000000000000000e+05
4.892000000000000000e+05
4.963000000000000000e+05
4.986000000000000000e+05
5.035000000000000000e+05
4.999000000000000000e+05
5.036000000000000000e+05
3.933000000000000000e+05
4.966000000000000000e+05
5.055000000000000000e+05
4.995000000000000000e+05
3.824000000000000000e+05
4.971000000000000000e+05
4.950000000000000000e+05
5.024000000000000000e+05
1.754000000000000000e+05
4.968000000000000000e+05
4.985000000000000000e+05
5.096000000000000000e+05
3.300000000000000000e+05
5.081000000000000000e+05
5.003000000000000000e+05
4.999000000000000000e+05
1.212000000000000000e+05
4.998000000000000000e+05
5.027000000000000000e+05
5.025000000000000000e+05
9.080000000000000000e+04
4.975000000000000000e+05
4.970000000000000000e+05
4.245000000000000000e+05
8.200000000000000000e+03
5.053000000000000000e+05
5.049000000000000000e+05
5.058000000000000000e+05
2.748000000000000000e+05
4.955000000000000000e+05
4.961000000000000000e+05
4.877000000000000000e+05
7.250000000000000000e+04
5.003000000000000000e+05
5.008000000000000000e+05
4.964000000000000000e+05
5.320000000000000000e+04
5.005000000000000000e+05
4.986000000000000000e+05
3.948000000000000000e+05
3.200000000000000000e+03
4.955000000000000000e+05
5.084000000000000000e+05
4.827000000000000000e+05
3.340000000000000000e+04
4.942000000000000000e+05
5.009000000000000000e+05
3.707000000000000000e+05
1.300000000000000000e+03
5.113000000000000000e+05
4.883000000000000000e+05
3.369000000000000000e+05
4.000000000000000000e+02
5.071000000000000000e+05
4.981000000000000000e+05
1.335000000000000000e+05
0.000000000000000000e+00
5.032000000000000000e+05
5.038000000000000000e+05
4.956000000000000000e+05
4.740000000000000000e+05
5.012000000000000000e+05
5.046000000000000000e+05
5.029000000000000000e+05
3.295000000000000000e+05
4.966000000000000000e+05
4.951000000000000000e+05
5.031000000000000000e+05
2.879000000000000000e+05
4.973000000000000000e+05
4.949000000000000000e+05
4.881000000000000000e+05
9.430000000000000000e+04
4.989000000000000000e+05
4.980000000000000000e+05
4.927000000000000000e+05
2.456000000000000000e+05
4.935000000000000000e+05
5.088000000000000000e+05
5.009000000000000000e+05
5.900000000000000000e+04
4.977000000000000000e+05
4.941000000000000000e+05
4.845000000000000000e+05
3.860000000000000000e+04
5.015000000000000000e+05
4.993000000000000000e+05
3.892000000000000000e+05
1.500000000000000000e+03
5.096000000000000000e+05
5.041000000000000000e+05
4.952000000000000000e+05
1.744000000000000000e+05
4.992000000000000000e+05
4.942000000000000000e+05
4.832000000000000000e+05
3.320000000000000000e+04
5.066000000000000000e+05
4.970000000000000000e+05
4.796000000000000000e+05
2.040000000000000000e+04
5.050000000000000000e+05
4.996000000000000000e+05
3.389000000000000000e+05
3.000000000000000000e+02
4.975000000000000000e+05
4.976000000000000000e+05
4.699000000000000000e+05
1.220000000000000000e+04
4.956000000000000000e+05
4.975000000000000000e+05
3.039000000000000000e+05
2.000000000000000000e+02
5.030000000000000000e+05
4.981000000000000000e+05
2.683000000000000000e+05
0.000000000000000000e+00
4.959000000000000000e+05
4.844000000000000000e+05
7.760000000000000000e+04
0.000000000000000000e+00
5.067000000000000000e+05
4.965000000000000000e+05
4.987000000000000000e+05
1.153000000000000000e+05
5.075000000000000000e+05
5.024000000000000000e+05
4.632000000000000000e+05
1.510000000000000000e+04
4.960000000000000000e+05
5.004000000000000000e+05
4.695000000000000000e+05
1.020000000000000000e+04
5.009000000000000000e+05
5.014000000000000000e+05
2.827000000000000000e+05
0.000000000000000000e+00
4.988000000000000000e+05
4.983000000000000000e+05
4.347000000000000000e+05
4.200000000000000000e+03
5.035000000000000000e+05
5.064000000000000000e+05
2.332000000000000000e+05
0.000000000000000000e+00
4.957000000000000000e+05
4.986000000000000000e+05
2.051000000000000000e+05
0.000000000000000000e+00
5.010000000000000000e+05
4.919000000000000000e+05
4.200000000000000000e+04
0.000000000000000000e+00
4.920000000000000000e+05
4.925000000000000000e+05
3.922000000000000000e+05
2.800000000000000000e+03
5.042000000000000000e+05
5.064000000000000000e+05
1.724000000000000000e+05
0.000000000000000000e+00
5.029000000000000000e+05
4.945000000000000000e+05
1.311000000000000000e+05
0.000000000000000000e+00
4.983000000000000000e+05
4.888000000000000000e+05
2.080000000000000000e+04
0.000000000000000000e+00
5.047000000000000000e+05
4.979000000000000000e+05
9.540000000000000000e+04
0.000000000000000000e+00
5.080000000000000000e+05
4.773000000000000000e+05
1.030000000000000000e+04
0.000000000000000000e+00
5.021000000000000000e+05
4.801000000000000000e+05
6.500000000000000000e+03
0.000000000000000000e+00
5.003000000000000000e+05
3.450000000000000000e+05
2.000000000000000000e+02
0.000000000000000000e+00
4.995000000000000000e+05
4.933000000000000000e+05
5.038000000000000000e+05
4.275000000000000000e+05
5.025000000000000000e+05
5.097000000000000000e+05
5.091000000000000000e+05
2.289000000000000000e+05
4.987000000000000000e+05
4.978000000000000000e+05
5.017000000000000000e+05
1.889000000000000000e+05
5.013000000000000000e+05
4.973000000000000000e+05
4.850000000000000000e+05
3.880000000000000000e+04
5.072000000000000000e+05
5.046000000000000000e+05
5.017000000000000000e+05
1.321000000000000000e+05
5.073000000000000000e+05
5.011000000000000000e+05
4.765000000000000000e+05
2.140000000000000000e+04
4.981000000000000000e+05
5.050000000000000000e+05
4.685000000000000000e+05
1.290000000000000000e+04
4.913000000000000000e+05
4.985000000000000000e+05
3.140000000000000000e+05
2.000000000000000000e+02
5.027000000000000000e+05
5.035000000000000000e+05
5.069000000000000000e+05
9.470000000000000000e+04
5.007000000000000000e+05
5.013000000000000000e+05
4.595000000000000000e+05
9.500000000000000000e+03
4.992000000000000000e+05
4.977000000000000000e+05
4.438000000000000000e+05
4.200000000000000000e+03
5.054000000000000000e+05
5.009000000000000000e+05
2.560000000000000000e+05
0.000000000000000000e+00
4.980000000000000000e+05
5.012000000000000000e+05
4.215000000000000000e+05
3.200000000000000000e+03
4.947000000000000000e+05
4.962000000000000000e+05
1.997000000000000000e+05
0.000000000000000000e+00
4.965000000000000000e+05
5.026000000000000000e+05
1.672000000000000000e+05
0.000000000000000000e+00
4.965000000000000000e+05
4.859000000000000000e+05
2.950000000000000000e+04
0.000000000000000000e+00
4.984000000000000000e+05
4.980000000000000000e+05
4.945000000000000000e+05
5.400000000000000000e+04
5.052000000000000000e+05
5.063000000000000000e+05
4.169000000000000000e+05
3.400000000000000000e+03
4.997000000000000000e+05
5.007000000000000000e+05
3.922000000000000000e+05
2.200000000000000000e+03
4.980000000000000000e+05
5.018000000000000000e+05
1.842000000000000000e+05
0.000000000000000000e+00
4.948000000000000000e+05
4.965000000000000000e+05
3.533000000000000000e+05
1.000000000000000000e+03
4.919000000000000000e+05
4.997000000000000000e+05
1.368000000000000000e+05
0.000000000000000000e+00
5.000000000000000000e+05
4.997000000000000000e+05
1.083000000000000000e+05
0.000000000000000000e+00
4.983000000000000000e+05
4.793000000000000000e+05
1.070000000000000000e+04
0.000000000000000000e+00
5.023000000000000000e+05
5.080000000000000000e+05
2.998000000000000000e+05
5.000000000000000000e+02
5.095000000000000000e+05
5.006000000000000000e+05
8.920000000000000000e+04
0.000000000000000000e+00
5.007000000000000000e+05
4.984000000000000000e+05
6.430000000000000000e+04
0.000000000000000000e+00
4.907000000000000000e+05
4.757000000000000000e+05
5.000000000000000000e+03
0.000000000000000000e+00
5.079000000000000000e+05
5.058000000000000000e+05
4.010000000000000000e+04
0.000000000000000000e+00
4.948000000000000000e+05
4.585000000000000000e+05
2.200000000000000000e+03
0.000000000000000000e+00
4.947000000000000000e+05
4.459000000000000000e+05
8.000000000000000000e+02
0.000000000000000000e+00
4.916000000000000000e+05
2.954000000000000000e+05
0.000000000000000000e+00
0.000000000000000000e+00
4.981000000000000000e+05
4.932000000000000000e+05
4.807000000000000000e+05
3.370000000000000000e+04
4.930000000000000000e+05
5.049000000000000000e+05
3.520000000000000000e+05
1.300000000000000000e+03
4.991000000000000000e+05
5.045000000000000000e+05
3.194000000000000000e+05
1.100000000000000000e+03
4.969000000000000000e+05
4.986000000000000000e+05
1.109000000000000000e+05
0.000000000000000000e+00
4.993000000000000000e+05
5.058000000000000000e+05
2.568000000000000000e+05
2.000000000000000000e+02
4.987000000000000000e+05
4.973000000000000000e+05
6.980000000000000000e+04
0.000000000000000000e+00
4.947000000000000000e+05
4.938000000000000000e+05
4.670000000000000000e+04
0.000000000000000000e+00
4.984000000000000000e+05
4.642000000000000000e+05
3.100000000000000000e+03
0.000000000000000000e+00
4.970000000000000000e+05
4.911000000000000000e+05
1.946000000000000000e+05
3.000000000000000000e+02
5.037000000000000000e+05
4.983000000000000000e+05
3.850000000000000000e+04
0.000000000000000000e+00
5.016000000000000000e+05
5.009000000000000000e+05
2.840000000000000000e+04
0.000000000000000000e+00
5.009000000000000000e+05
4.530000000000000000e+05
7.000000000000000000e+02
0.000000000000000000e+00
4.983000000000000000e+05
5.010000000000000000e+05
1.510000000000000000e+04
0.000000000000000000e+00
4.995000000000000000e+05
4.358000000000000000e+05
3.000000000000000000e+02
0.000000000000000000e+00
4.944000000000000000e+05
4.285000000000000000e+05
2.000000000000000000e+02
0.000000000000000000e+00
4.897000000000000000e+05
2.250000000000000000e+05
0.000000000000000000e+00
0.000000000000000000e+00
4.923000000000000000e+05
4.956000000000000000e+05
1.336000000000000000e+05
0.000000000000000000e+00
4.937000000000000000e+05
4.876000000000000000e+05
1.850000000000000000e+04
0.000000000000000000e+00
4.931000000000000000e+05
4.944000000000000000e+05
1.300000000000000000e+04
0.000000000000000000e+00
4.961000000000000000e+05
4.278000000000000000e+05
0.000000000000000000e+00
0.000000000000000000e+00
4.952000000000000000e+05
4.792000000000000000e+05
6.300000000000000000e+03
0.000000000000000000e+00
5.066000000000000000e+05
4.026000000000000000e+05
0.000000000000000000e+00
0.000000000000000000e+00
4.973000000000000000e+05
3.812000000000000000e+05
1.000000000000000000e+02
0.000000000000000000e+00
4.853000000000000000e+05
1.764000000000000000e+05
0.000000000000000000e+00
0.000000000000000000e+00
5.028000000000000000e+05
4.799000000000000000e+05
3.900000000000000000e+03
0.000000000000000000e+00
5.005000000000000000e+05
3.593000000000000000e+05
0.000000000000000000e+00
0.000000000000000000e+00
5.016000000000000000e+05
3.259000000000000000e+05
0.000000000000000000e+00
0.000000000000000000e+00
4.771000000000000000e+05
1.206000000000000000e+05
0.000000000000000000e+00
0.000000000000000000e+00
5.030000000000000000e+05
2.864000000000000000e+05
0.000000000000000000e+00
0.000000000000000000e+00
4.608000000000000000e+05
8.580000000000000000e+04
0.000000000000000000e+00
0.000000000000000000e+00
4.476000000000000000e+05
5.970000000000000000e+04
0.000000000000000000e+00
0.000000000000000000e+00
2.726000000000000000e+05
3.500000000000000000e+03
0.000000000000000000e+00
0.000000000000000000e+00
