5.072000000000000000e+05
4.958000000000000000e+05
4.998000000000000000e+05
4.945000000000000000e+05
5.003000000000000000e+05
5.061000000000000000e+05
5.056000000000000000e+05
4.940000000000000000e+05
5.078000000000000000e+05
4.968000000000000000e+05
5.005000000000000000e+05
4.895000000000000000e+05
4.976000000000000000e+05
5.073000000000000000e+05
4.931000000000000000e+05
4.077000000000000000e+05
4.929000000000000000e+05
4.906000000000000000e+05
5.044000000000000000e+05
4.884000000000000000e+05
4.957000000000000000e+05
4.939000000000000000e+05
4.980000000000000000e+05
3.793000000000000000e+05
5.033000000000000000e+05
5.022000000000000000e+05
5.005000000000000000e+05
3.332000000000000000e+05
5.064000000000000000e+05
4.904000000000000000e+05
3.942000000000000000e+05
1.054000000000000000e+05
5.007000000000000000e+05
4.963000000000000000e+05
5.059000000000000000e+05
4.658000000000000000e+05
5.036000000000000000e+05
5.072000000000000000e+05
5.003000000000000000e+05
3.109000000000000000e+05
5.081000000000000000e+05
4.910000000000000000e+05
4.877000000000000000e+05
2.650000000000000000e+05
5.035000000000000000e+05
4.908000000000000000e+05
3.498000000000000000e+05
6.280000000000000000e+04
4.986000000000000000e+05
5.035000000000000000e+05
4.672000000000000000e+05
2.029000000000000000e+05
5.018000000000000000e+05
4.805000000000000000e+05
2.963000000000000000e+05
3.570000000000000000e+04
4.943000000000000000e+05
4.754000000000000000e+05
2.437000000000000000e+05
2.020000000000000000e+04
4.986000000000000000e+05
3.368000000000000000e+05
5.610000000000000000e+04
0.000000000000000000e+00
4.910000000000000000e+05
5.004000000000000000e+05
4.986000000000000000e+05
4.224000000000000000e+05
5.033000000000000000e+05
5.061000000000000000e+05
4.766000000000000000e+05
2.144000000000000000e+05
5.037000000000000000e+05
5.014000000000000000e+05
4.686000000000000000e+05
1.724000000000000000e+05
5.012000000000000000e+05
4.751000000000000000e+05
2.622000000000000000e+05
2.140000000000000000e+04
4.913000000000000000e+05
5.093000000000000000e+05
4.320000000000000000e+05
1.149000000000000000e+05
4.988000000000000000e+05
4.695000000000000000e+05
2.112000000000000000e+05
8.000000000000000000e+03
4.932000000000000000e+05
4.617000000000000000e+05
1.654000000000000000e+05
5.500000000000000000e+03
4.946000000000000000e+05
2.841000000000000000e+05
2.550000000000000000e+04
0.000000000000000000e+00
4.980000000000000000e+05
4.974000000000000000e+05
3.702000000000000000e+05
6.470000000000000000e+04
5.003000000000000000e+05
4.433000000000000000e+05
1.368000000000000000e+05
1.500000000000000000e+03
5.004000000000000000e+05
4.256000000000000000e+05
1.018000000000000000e+05
1.600000000000000000e+03
4.844000000000000000e+05
2.238000000000000000e+05
1.200000000000000000e+04
0.000000000000000000e+00
4.932000000000000000e+05
3.836000000000000000e+05
6.590000000000000000e+04
0.000000000000000000e+00
4.835000000000000000e+05
1.697000000000000000e+05
4.200000000000000000e+03
0.000000000000000000e+00
4.897000000000000000e+05
1.324000000000000000e+05
2.100000000000000000e+03
0.000000000000000000e+00
3.458000000000000000e+05
1.540000000000000000e+04
0.000000000000000000e+00
0.000000000000000000e+00
4.980000000000000000e+05
5.018000000000000000e+05
5.014000000000000000e+05
3.465000000000000000e+05
4.914000000000000000e+05
4.993000000000000000e+05
4.282000000000000000e+05
1.235000000000000000e+05
5.038000000000000000e+05
4.935000000000000000e+05
3.893000000000000000e+05
8.370000000000000000e+04
4.972000000000000000e+05
4.460000000000000000e+05
1.595000000000000000e+05
4.800000000000000000e+03
5.013000000000000000e+05
5.031000000000000000e+05
3.438000000000000000e+05
4.940000000000000000e+04
4.974000000000000000e+05
4.271000000000000000e+05
1.063000000000000000e+05
1.100000000000000000e+03
4.976000000000000000e+05
3.983000000000000000e+05
7.350000000000000000e+04
4.000000000000000000e+02
4.822000000000000000e+05
2.009000000000000000e+05
5.800000000000000000e+03
0.000000000000000000e+00
4.969000000000000000e+05
4.911000000000000000e+05
2.653000000000000000e+05
2.550000000000000000e+04
5.013000000000000000e+05
3.883000000000000000e+05
6.050000000000000000e+04
2.000000000000000000e+02
5.048000000000000000e+05
3.554000000000000000e+05
4.030000000000000000e+04
1.000000000000000000e+02
4.842000000000000000e+05
1.458000000000000000e+05
1.600000000000000000e+03
0.000000000000000000e+00
5.036000000000000000e+05
3.038000000000000000e+05
2.480000000000000000e+04
0.000000000000000000e+00
4.684000000000000000e+05
9.860000000000000000e+04
8.000000000000000000e+02
0.000000000000000000e+00
4.655000000000000000e+05
6.910000000000000000e+04
4.000000000000000000e+02
0.000000000000000000e+00
2.895000000000000000e+05
3.900000000000000000e+03
0.000000000000000000e+00
0.000000000000000000e+00
5.053000000000000000e+05
4.746000000000000000e+05
1.802000000000000000e+05
1.040000000000000000e+04
4.927000000000000000e+05
3.095000000000000000e+05
2.960000000000000000e+04
0.000000000000000000e+00
4.962000000000000000e+05
2.699000000000000000e+05
1.910000000000000000e+04
0.000000000000000000e+00
4.647000000000000000e+05
7.920000000000000000e+04
1.000000000000000000e+02
0.000000000000000000e+00
4.972000000000000000e+05
2.202000000000000000e+05
1.130000000000000000e+04
0.000000000000000000e+00
4.471000000000000000e+05
4.820000000000000000e+04
2.000000000000000000e+02
0.000000000000000000e+00
4.247000000000000000e+05
3.240000000000000000e+04
0.000000000000000000e+00
0.000000000000000000e+00
2.224000000000000000e+05
9.000000000000000000e+02
0.000000000000000000e+00
0.000000000000000000e+00
5.007000000000000000e+05
1.519000000000000000e+05
5.200000000000000000e+03
0.000000000000000000e+00
4.144000000000000000e+05
2.420000000000000000e+04
2.000000000000000000e+02
0.000000000000000000e+00
3.836000000000000000e+05
1.380000000000000000e+04
0.000000000000000000e+00
0.000000000000000000e+00
1.765000000000000000e+05
1.000000000000000000e+02
0.000000000000000000e+00
0.000000000000000000e+00
3.490000000000000000e+05
6.000000000000000000e+03
0.000000000000000000e+00
0.000000000000000000e+00
1.382000000000000000e+05
0.000000000000000000e+00
0.000000000000000000e+00
0.000000000000000000e+00
9.690000000000000000e+04
1.000000000000000000e+02
0.000000000000000000e+00
0.000000000000000000e+00
1.010000000000000000e+04
0.000000000000000000e+00
0.000000000000000000e+00
0.000000000000000000e+00
5.017000000000000000e+05
5.031000000000000000e+05
4.841000000000000000e+05
2.418000000000000000e+05
4.945000000000000000e+05
4.913000000000000000e+05
3.143000000000000000e+05
4.740000000000000000e+04
4.958000000000000000e+05
4.858000000000000000e+05
2.674000000000000000e+05
2.700000000000000000e+04
5.019000000000000000e+05
3.773000000000000000e+05
6.580000000000000000e+04
4.000000000000000000e+02
4.930000000000000000e+05
4.792000000000000000e+05
2.047000000000000000e+05
1.180000000000000000e+04
4.999000000000000000e+05
3.349000000000000000e+05
3.570000000000000000e+04
0.000000000000000000e+00
4.910000000000000000e+05
3.040000000000000000e+05
2.300000000000000000e+04
0.000000000000000000e+00
4.618000000000000000e+05
9.790000000000000000e+04
9.000000000000000000e+02
0.000000000000000000e+00
5.029000000000000000e+05
4.529000000000000000e+05
1.444000000000000000e+05
5.200000000000000000e+03
4.879000000000000000e+05
2.656000000000000000e+05
1.890000000000000000e+04
0.000000000000000000e+00
4.995000000000000000e+05
2.276000000000000000e+05
1.250000000000000000e+04
0.000000000000000000e+00
4.488000000000000000e+05
5.650000000000000000e+04
1.000000000000000000e+02
0.000000000000000000e+00
4.937000000000000000e+05
1.792000000000000000e+05
5.600000000000000000e+03
0.000000000000000000e+00
4.342000000000000000e+05
3.120000000000000000e+04
1.000000000000000000e+02
0.000000000000000000e+00
4.086000000000000000e+05
2.180000000000000000e+04
0.000000000000000000e+00
0.000000000000000000e+00
2.056000000000000000e+05
6.000000000000000000e+02
0.000000000000000000e+00
0.000000000000000000e+00
4.991000000000000000e+05
4.104000000000000000e+05
8.360000000000000000e+04
1.700000000000000000e+03
4.915000000000000000e+05
2.004000000000000000e+05
6.800000000000000000e+03
0.000000000000000000e+00
4.959000000000000000e+05
1.587000000000000000e+05
3.400000000000000000e+03
0.000000000000000000e+00
4.206000000000000000e+05
2.640000000000000000e+04
0.000000000000000000e+00
0.000000000000000000e+00
4.854000000000000000e+05
1.140000000000000000e+05
2.500000000000000000e+03
0.000000000000000000e+00
3.832000000000000000e+05
1.030000000000000000e+04
0.000000000000000000e+00
0.000000000000000000e+00
3.684000000000000000e+05
6.900000000000000000e+03
0.000000000000000000e+00
0.000000000000000000e+00
1.501000000000000000e+05
0.000000000000000000e+00
0.000000000000000000e+00
0.000000000000000000e+00
4.948000000000000000e+05
7.080000000000000000e+04
1.200000000000000000e+03
0.000000000000000000e+00
3.360000000000000000e+05
4.400000000000000000e+03
0.000000000000000000e+00
0.000000000000000000e+00
2.913000000000000000e+05
2.700000000000000000e+03
0.000000000000000000e+00
0.000000000000000000e+00
9.500000000000000000e+04
0.000000000000000000e+00
0.000000000000000000e+00
0.000000000000000000e+00
2.482000000000000000e+05
1.100000000000000000e+03
0.000000000000000000e+00
0.000000000000000000e+00
6.330000000000000000e+04
0.000000000000000000e+00
0.000000000000000000e+00
0.000000000000000000e+00
4.290000000000000000e+04
0.000000000000000000e+00
0.000000000000000000e+00
0.000000000000000000e+00
1.300000000000000000e+03
0.000000000000000000e+00
0.000000000000000000e+00
0.000000000000000000e+00
4.930000000000000000e+05
3.293000000000000000e+05
4.510000000000000000e+04
4.000000000000000000e+02
4.872000000000000000e+05
1.173000000000000000e+05
2.500000000000000000e+03
0.000000000000000000e+00
4.843000000000000000e+05
8.400000000000000000e+04
1.400000000000000000e+03
0.000000000000000000e+00
3.559000000000000000e+05
5.900000000000000000e+03
0.000000000000000000e+00
0.000000000000000000e+00
4.564000000000000000e+05
5.220000000000000000e+04
7.000000000000000000e+02
0.000000000000000000e+00
3.093000000000000000e+05
2.900000000000000000e+03
0.000000000000000000e+00
0.000000000000000000e+00
2.756000000000000000e+05
1.400000000000000000e+03
0.000000000000000000e+00
0.000000000000000000e+00
8.190000000000000000e+04
0.000000000000000000e+00
0.000000000000000000e+00
0.000000000000000000e+00
4.487000000000000000e+05
3.010000000000000000e+04
1.000000000000000000e+02
0.000000000000000000e+00
2.509000000000000000e+05
8.000000000000000000e+02
0.000000000000000000e+00
0.000000000000000000e+00
2.130000000000000000e+05
3.000000000000000000e+02
0.000000000000000000e+00
0.000000000000000000e+00
4.420000000000000000e+04
0.000000000000000000e+00
0.000000000000000000e+00
0.000000000000000000e+00
1.610000000000000000e+05
3.000000000000000000e+02
0.000000000000000000e+00
0.000000000000000000e+00
2.680000000000000000e+04
0.000000000000000000e+00
0.000000000000000000e+00
0.000000000000000000e+00
1.690000000000000000e+04
0.000000000000000000e+00
0.000000000000000000e+00
0.000000000000000000e+00
5.000000000000000000e+02
0.000000000000000000e+00
0.000000000000000000e+00
0.000000000000000000e+00
3.985000000000000000e+05
1.910000000000000000e+04
1.000000000000000000e+02
0.000000000000000000e+00
1.783000000000000000e+05
5.000000000000000000e+02
0.000000000000000000e+00
0.000000000000000000e+00
1.366000000000000000e+05
1.000000000000000000e+02
0.000000000000000000e+00
0.000000000000000000e+00
2.070000000000000000e+04
0.000000000000000000e+00
0.000000000000000000e+00
0.000000000000000000e+00
9.440000000000000000e+04
0.000000000000000000e+00
0.000000000000000000e+00
0.000000000000000000e+00
9.500000000000000000e+03
0.000000000000000000e+00
0.000000000000000000e+00
0.000000000000000000e+00
6.600000000000000000e+03
0.000000000000000000e+00
0.000000000000000000e+00
0.000000000000000000e+00
0.000000000000000000e+00
0.000000000000000000e+00
0.000000000000000000e+00
0.000000000000000000e+00
6.090000000000000000e+04
0.000000000000000000e+00
0.000000000000000000e+00
0.000000000000000000e+00
5.400000000000000000e+03
0.000000000000000000e+00
0.000000000000000000e+00
0.000000000000000000e+00
2.700000000000000000e+03
0.000000000000000000e+00
0.000000000000000000e+00
0.000000000000000000e+00
0.000000000000000000e+00
0.000000000000000000e+00
0.000000000000000000e+00
0.000000000000000000e+00
1.000000000000000000e+03
0.000000000000000000e+00
0.000000000000000000e+00
0.000000000000000000e+00
0.000000000000000000e+00
0.000000000000000000e+00
0.000000000000000000e+00
0.000000000000000000e+00
0.000000000000000000e+00
0.000000000000000000e+00
0.000000000000000000e+00
0.000000000000000000e+00
0.000000000000000000e+00
0.000000000000000000e+00
0.000000000000000000e+00
0.000000000000000000e+00
4.970000000000000000e+05
4.963000000000000000e+05
4.299000000000000000e+05
1.377000000000000000e+05
4.829000000000000000e+05
4.646000000000000000e+05
1.879000000000000000e+05
1.270000000000000000e+04
5.041000000000000000e+05
4.394000000000000000e+05
1.410000000000000000e+05
6.300000000000000000e+03
5.046000000000000000e+05
2.533000000000000000e+05
1.780000000000000000e+04
0.000000000000000000e+00
4.987000000000000000e+05
4.093000000000000000e+05
9.110000000000000000e+04
2.100000000000000000e+03
4.954000000000000000e+05
2.051000000000000000e+05
8.700000000000000000e+03
0.000000000000000000e+00
5.016000000000000000e+05
1.593000000000000000e+05
3.500000000000000000e+03
0.000000000000000000e+00
4.147000000000000000e+05
2.320000000000000000e+04
0.000000000000000000e+00
0.000000000000000000e+00
5.071000000000000000e+05
3.488000000000000000e+05
5.750000000000000000e+04
2.000000000000000000e+02
4.944000000000000000e+05
1.407000000000000000e+05
3.000000000000000000e+03
0.000000000000000000e+00
4.900000000000000000e+05
1.023000000000000000e+05
2.100000000000000000e+03
0.000000000000000000e+00
3.866000000000000000e+05
9.500000000000000000e+03
0.000000000000000000e+00
0.000000000000000000e+00
4.829000000000000000e+05
6.860000000000000000e+04
9.000000000000000000e+02
0.000000000000000000e+00
3.465000000000000000e+05
6.000000000000000000e+03
0.000000000000000000e+00
0.000000000000000000e+00
3.172000000000000000e+05
2.900000000000000000e+03
0.000000000000000000e+00
0.000000000000000000e+00
1.134000000000000000e+05
0.000000000000000000e+00
0.000000000000000000e+00
0.000000000000000000e+00
5.027000000000000000e+05
2.831000000000000000e+05
3.290000000000000000e+04
3.000000000000000000e+02
4.894000000000000000e+05
8.300000000000000000e+04
8.000000000000000000e+02
0.000000000000000000e+00
4.734000000000000000e+05
5.850000000000000000e+04
6.000000000000000000e+02
0.000000000000000000e+00
3.208000000000000000e+05
2.700000000000000000e+03
0.000000000000000000e+00
0.000000000000000000e+00
4.515000000000000000e+05
3.660000000000000000e+04
2.000000000000000000e+02
0.000000000000000000e+00
2.764000000000000000e+05
1.300000000000000000e+03
0.000000000000000000e+00
0.000000000000000000e+00
2.406000000000000000e+05
4.000000000000000000e+02
0.000000000000000000e+00
0.000000000000000000e+00
6.220000000000000000e+04
0.000000000000000000e+00
0.000000000000000000e+00
0.000000000000000000e+00
4.224000000000000000e+05
2.160000000000000000e+04
2.000000000000000000e+02
0.000000000000000000e+00
2.230000000000000000e+05
5.000000000000000000e+02
0.000000000000000000e+00
0.000000000000000000e+00
1.797000000000000000e+05
2.000000000000000000e+02
0.000000000000000000e+00
0.000000000000000000e+00
3.170000000000000000e+04
0.000000000000000000e+00
0.000000000000000000e+00
0.000000000000000000e+00
1.264000000000000000e+05
1.000000000000000000e+02
0.000000000000000000e+00
0.000000000000000000e+00
1.880000000000000000e+04
0.000000000000000000e+00
0.000000000000000000e+00
0.000000000000000000e+00
1.190000000000000000e+04
0.000000000000000000e+00
0.000000000000000000e+00
0.000000000000000000e+00
2.000000000000000000e+02
0.000000000000000000e+00
0.000000000000000000e+00
0.000000000000000000e+00
5.052000000000000000e+05
1.877000000000000000e+05
1.820000000000000000e+04
1.000000000000000000e+02
4.474000000000000000e+05
3.720000000000000000e+04
2.000000000000000000e+02
0.000000000000000000e+00
4.322000000000000000e+05
2.620000000000000000e+04
0.000000000000000000e+00
0.000000000000000000e+00
2.365000000000000000e+05
8.000000000000000000e+02
0.000000000000000000e+00
0.000000000000000000e+00
4.115000000000000000e+05
1.370000000000000000e+04
1.000000000000000000e+02
0.000000000000000000e+00
1.975000000000000000e+05
3.000000000000000000e+02
0.000000000000000000e+00
0.000000000000000000e+00
1.540000000000000000e+05
0.000000000000000000e+00
0.000000000000000000e+00
0.000000000000000000e+00
2.380000000000000000e+04
0.000000000000000000e+00
0.000000000000000000e+00
0.000000000000000000e+00
3.486000000000000000e+05
7.300000000000000000e+03
0.000000000000000000e+00
0.000000000000000000e+00
1.382000000000000000e+05
1.000000000000000000e+02
0.000000000000000000e+00
0.000000000000000000e+00
1.013000000000000000e+05
1.000000000000000000e+02
0.000000000000000000e+00
0.000000000000000000e+00
1.140000000000000000e+04
0.000000000000000000e+00
0.000000000000000000e+00
0.000000000000000000e+00
7.250000000000000000e+04
0.000000000000000000e+00
0.000000000000000000e+00
0.000000000000000000e+00
5.500000000000000000e+03
0.000000000000000000e+00
0.000000000000000000e+00
0.000000000000000000e+00
2.700000000000000000e+03
0.000000000000000000e+00
0.000000000000000000e+00
0.000000000000000000e+00
0.000000000000000000e+00
0.000000000000000000e+00
0.000000000000000000e+00
0.000000000000000000e+00
2.760000000000000000e+05
3.500000000000000000e+03
0.000000000000000000e+00
0.000000000000000000e+00
7.650000000000000000e+04
0.000000000000000000e+00
0.000000000000000000e+00
0.000000000000000000e+00
5.700000000000000000e+04
0.000000000000000000e+00
0.000000000000000000e+00
0.000000000000000000e+00
5.300000000000000000e+03
0.000000000000000000e+00
0.000000000000000000e+00
0.000000000000000000e+00
3.340000000000000000e+04
0.000000000000000000e+00
0.000000000000000000e+00
0.000000000000000000e+00
1.500000000000000000e+03
0.000000000000000000e+00
0.000000000000000000e+00
0.000000000000000000e+00
5.000000000000000000e+02
0.000000000000000000e+00
0.000000000000000000e+00
0.000000000000000000e+00
0.000000000000000000e+00
0.000000000000000000e+00
0.000000000000000000e+00
0.000000000000000000e+00
1.930000000000000000e+04
0.000000000000000000e+00
0.000000000000000000e+00
0.000000000000000000e+00
7.000000000000000000e+02
0.000000000000000000e+00
0.000000000000000000e+00
0.000000000000000000e+00
2.000000000000000000e+02
0.000000000000000000e+00
0.000000000000000000e+00
0.000000000000000000e+00
0.000000000000000000e+00
0.000000000000000000e+00
0.000000000000000000e+00
0.000000000000000000e+00
1.000000000000000000e+02
0.000000000000000000e+00
0.000000000000000000e+00
0.000000000000000000e+00
0.000000000000000000e+00
0.000000000000000000e+00
0.000000000000000000e+00
0.000000000000000000e+00
0.000000000000000000e+00
0.000000000000000000e+00
0.000000000000000000e+00
0.000000000000000000e+00
0.000000000000000000e+00
0.000000000000000000e+00
0.000000000000000000e+00
0.000000000000000000e+00
4.939000000000000000e+05
1.182000000000000000e+05
8.400000000000000000e+03
0.000000000000000000e+00
3.941000000000000000e+05
1.370000000000000000e+04
0.000000000000000000e+00
0.000000000000000000e+00
3.622000000000000000e+05
8.200000000000000000e+03
0.000000000000000000e+00
0.000000000000000000e+00
1.453000000000000000e+05
0.000000000000000000e+00
0.000000000000000000e+00
0.000000000000000000e+00
3.135000000000000000e+05
5.500000000000000000e+03
0.000000000000000000e+00
0.000000000000000000e+00
1.065000000000000000e+05
0.000000000000000000e+00
0.000000000000000000e+00
0.000000000000000000e+00
7.440000000000000000e+04
0.000000000000000000e+00
0.000000000000000000e+00
0.000000000000000000e+00
7.400000000000000000e+03
0.000000000000000000e+00
0.000000000000000000e+00
0.000000000000000000e+00
2.393000000000000000e+05
1.900000000000000000e+03
0.000000000000000000e+00
0.000000000000000000e+00
6.270000000000000000e+04
0.000000000000000000e+00
0.000000000000000000e+00
0.000000000000000000e+00
4.110000000000000000e+04
0.000000000000000000e+00
0.000000000000000000e+00
0.000000000000000000e+00
4.000000000000000000e+03
0.000000000000000000e+00
0.000000000000000000e+00
0.000000000000000000e+00
2.580000000000000000e+04
0.000000000000000000e+00
0.000000000000000000e+00
0.000000000000000000e+00
1.500000000000000000e+03
0.000000000000000000e+00
0.000000000000000000e+00
0.000000000000000000e+00
3.000000000000000000e+02
0.000000000000000000e+00
0.000000000000000000e+00
0.000000000000000000e+00
0.000000000000000000e+00
0.000000000000000000e+00
0.000000000000000000e+00
0.000000000000000000e+00
1.703000000000000000e+05
6.000000000000000000e+02
0.000000000000000000e+00
0.000000000000000000e+00
2.940000000000000000e+04
0.000000000000000000e+00
0.000000000000000000e+00
0.000000000000000000e+00
2.170000000000000000e+04
0.000000000000000000e+00
0.000000000000000000e+00
0.000000000000000000e+00
1.200000000000000000e+03
0.000000000000000000e+00
0.000000000000000000e+00
0.000000000000000000e+00
1.430000000000000000e+04
0.000000000000000000e+00
0.000000000000000000e+00
0.000000000000000000e+00
3.000000000000000000e+02
0.000000000000000000e+00
0.000000000000000000e+00
0.000000000000000000e+00
3.000000000000000000e+02
0.000000000000000000e+00
0.000000000000000000e+00
0.000000000000000000e+00
0.000000000000000000e+00
0.000000000000000000e+00
0.000000000000000000e+00
0.000000000000000000e+00
6.800000000000000000e+03
0.000000000000000000e+00
0.000000000000000000e+00
0.000000000000000000e+00
2.000000000000000000e+02
0.000000000000000000e+00
0.000000000000000000e+00
0.000000000000000000e+00
1.000000000000000000e+02
0.000000000000000000e+00
0.000000000000000000e+00
0.000000000000000000e+00
0.000000000000000000e+00
0.000000000000000000e+00
0.000000000000000000e+00
0.000000000000000000e+00
0.000000000000000000e+00
0.000000000000000000e+00
0.000000000000000000e+00
0.000000000000000000e+00
0.000000000000000000e+00
0.000000000000000000e+00
0.000000000000000000e+00
0.000000000000000000e+00
0.000000000000000000e+00
0.000000000000000000e+00
0.000000000000000000e+00
0.000000000000000000e+00
0.000000000000000000e+00
0.000000000000000000e+00
0.000000000000000000e+00
0.000000000000000000e+00
1.149000000000000000e+05
3.000000000000000000e+02
0.000000000000000000e+00
0.000000000000000000e+00
1.430000000000000000e+04
0.000000000000000000e+00
0.000000000000000000e+00
0.000000000000000000e+00
8.400000000000000000e+03
0.000000000000000000e+00
0.000000000000000000e+00
0.000000000000000000e+00
0.000000000000000000e+00
0.000000000000000000e+00
0.000000000000000000e+00
0.000000000000000000e+00
4.200000000000000000e+03
0.000000000000000000e+00
0.000000000000000000e+00
0.000000000000000000e+00
1.000000000000000000e+02
0.000000000000000000e+00
0.000000000000000000e+00
0.000000000000000000e+00
0.000000000000000000e+00
0.000000000000000000e+00
0.000000000000000000e+00
0.000000000000000000e+00
0.000000000000000000e+00
0.000000000000000000e+00
0.000000000000000000e+00
0.000000000000000000e+00
2.300000000000000000e+03
0.000000000000000000e+00
0.000000000000000000e+00
0.000000000000000000e+00
0.000000000000000000e+00
0.000000000000000000e+00
0.000000000000000000e+00
0.000000000000000000e+00
0.000000000000000000e+00
0.000000000000000000e+00
0.000000000000000000e+00
0.000000000000000000e+00
0.000000000000000000e+00
0.000000000000000000e+00
0.000000000000000000e+00
0.000000000000000000e+00
0.000000000000000000e+00
0.000000000000000000e+00
0.000000000000000000e+00
0.000000000000000000e+00
0.000000000000000000e+00
0.000000000000000000e+00
0.000000000000000000e+00
0.000000000000000000e+00
0.000000000000000000e+00
0.000000000000000000e+00
0.000000000000000000e+00
0.000000000000000000e+00
0.000000000000000000e+00
0.000000000000000000e+00
0.000000000000000000e+00
0.000000000000000000e+00
9.000000000000000000e+02
0.000000000000000000e+00
0.000000000000000000e+00
0.000000000000000000e+00
0.000000000000000000e+00
0.000000000000000000e+00
0.000000000000000000e+00
0.000000000000000000e+00
0.000000000000000000e+00
0.000000000000000000e+00
0.000000000000000000e+00
0.000000000000000000e+00
0.000000000000000000e+00
0.000000000000000000e+00
0.000000000000000000e+00
0.000000000000000000e+00
0.000000000000000000e+00
0.000000000000000000e+00
0.000000000000000000e+00
0.000000000000000000e+00
0.000000000000000000e+00
0.000000000000000000e+00
0.000000000000000000e+00
0.000000000000000000e+00
0.000000000000000000e+00
0.000000000000000000e+00
0.000000000000000000e+00
0.000000000000000000e+00
0.000000000000000000e+00
0.000000000000000000e+00
0.000000000000000000e+00
0.000000000000000000e+00
0.000000000000000000e+00
0.000000000000000000e+00
0.000000000000000000e+00
0.000000000000000000e+00
0.000000000000000000e+00
0.000000000000000000e+00
0.000000000000000000e+00
0.000000000000000000e+00
0.000000000000000000e+00
0.000000000000000000e+00
0.000000000000000000e+00
0.000000000000000000e+00
0.000000000000000000e+00
0.000000000000000000e+00
0.000000000000000000e+00
0.000000000000000000e+00
0.000000000000000000e+00
0.000000000000000000e+00
0.000000000000000000e+00
0.000000000000000000e+00
0.000000000000000000e+00
0.000000000000000000e+00
0.000000000000000000e+00
0.000000000000000000e+00
0.000000000000000000e+00
0.000000000000000000e+00
0.000000000000000000e+00
0.000000000000000000e+00
0.000000000000000000e+00
0.000000000000000000e+00
0.000000000000000000e+00
0.000000000000000000e+00
