6.337000000000000000e+05
5.001000000000000000e+05
4.965000000000000000e+05
4.932000000000000000e+05
5.007000000000000000e+05
5.007000000000000000e+05
4.954000000000000000e+05
4.944000000000000000e+05
5.125000000000000000e+05
4.983000000000000000e+05
4.988000000000000000e+05
5.018000000000000000e+05
5.007000000000000000e+05
5.003000000000000000e+05
5.016000000000000000e+05
4.949000000000000000e+05
5.023000000000000000e+05
5.027000000000000000e+05
4.914000000000000000e+05
5.062000000000000000e+05
4.976000000000000000e+05
5.086000000000000000e+05
4.930000000000000000e+05
5.001000000000000000e+05
4.990000000000000000e+05
5.067000000000000000e+05
5.045000000000000000e+05
4.864000000000000000e+05
5.025000000000000000e+05
4.990000000000000000e+05
5.069000000000000000e+05
4.057000000000000000e+05
5.046000000000000000e+05
5.022000000000000000e+05
5.023000000000000000e+05
4.977000000000000000e+05
5.071000000000000000e+05
5.031000000000000000e+05
4.996000000000000000e+05
4.927000000000000000e+05
4.996000000000000000e+05
4.991000000000000000e+05
5.025000000000000000e+05
4.885000000000000000e+05
5.027000000000000000e+05
5.010000000000000000e+05
5.035000000000000000e+05
3.712000000000000000e+05
4.998000000000000000e+05
5.029000000000000000e+05
4.984000000000000000e+05
4.742000000000000000e+05
4.916000000000000000e+05
4.963000000000000000e+05
4.864000000000000000e+05
3.337000000000000000e+05
4.946000000000000000e+05
4.929000000000000000e+05
5.036000000000000000e+05
3.011000000000000000e+05
4.868000000000000000e+05
5.037000000000000000e+05
4.066000000000000000e+05
8.930000000000000000e+04
5.026000000000000000e+05
5.082000000000000000e+05
4.923000000000000000e+05
4.997000000000000000e+05
5.000000000000000000e+05
4.978000000000000000e+05
5.054000000000000000e+05
4.731000000000000000e+05
4.946000000000000000e+05
4.991000000000000000e+05
4.937000000000000000e+05
4.715000000000000000e+05
5.012000000000000000e+05
4.990000000000000000e+05
4.966000000000000000e+05
3.114000000000000000e+05
4.979000000000000000e+05
5.049000000000000000e+05
5.045000000000000000e+05
4.491000000000000000e+05
5.056000000000000000e+05
5.020000000000000000e+05
4.982000000000000000e+05
2.606000000000000000e+05
5.018000000000000000e+05
5.078000000000000000e+05
4.901000000000000000e+05
2.146000000000000000e+05
4.957000000000000000e+05
4.984000000000000000e+05
3.710000000000000000e+05
4.070000000000000000e+04
4.998000000000000000e+05
5.054000000000000000e+05
4.976000000000000000e+05
4.031000000000000000e+05
4.966000000000000000e+05
4.950000000000000000e+05
4.785000000000000000e+05
1.883000000000000000e+05
5.047000000000000000e+05
4.997000000000000000e+05
4.754000000000000000e+05
1.434000000000000000e+05
5.013000000000000000e+05
5.021000000000000000e+05
3.166000000000000000e+05
1.780000000000000000e+04
5.043000000000000000e+05
5.022000000000000000e+05
4.575000000000000000e+05
9.540000000000000000e+04
5.015000000000000000e+05
5.016000000000000000e+05
2.656000000000000000e+05
8.800000000000000000e+03
4.967000000000000000e+05
4.880000000000000000e+05
2.237000000000000000e+05
3.800000000000000000e+03
4.995000000000000000e+05
4.095000000000000000e+05
5.170000000000000000e+04
0.000000000000000000e+00
5.119000000000000000e+05
5.009000000000000000e+05
5.023000000000000000e+05
5.068000000000000000e+05
5.024000000000000000e+05
4.985000000000000000e+05
5.098000000000000000e+05
4.399000000000000000e+05
5.050000000000000000e+05
4.928000000000000000e+05
4.994000000000000000e+05
4.200000000000000000e+05
4.949000000000000000e+05
4.985000000000000000e+05
4.835000000000000000e+05
2.139000000000000000e+05
4.909000000000000000e+05
4.969000000000000000e+05
4.951000000000000000e+05
3.777000000000000000e+05
5.017000000000000000e+05
5.011000000000000000e+05
4.828000000000000000e+05
1.647000000000000000e+05
5.068000000000000000e+05
4.965000000000000000e+05
4.686000000000000000e+05
1.206000000000000000e+05
4.935000000000000000e+05
4.849000000000000000e+05
2.837000000000000000e+05
1.210000000000000000e+04
5.031000000000000000e+05
5.026000000000000000e+05
4.985000000000000000e+05
3.110000000000000000e+05
5.061000000000000000e+05
4.927000000000000000e+05
4.544000000000000000e+05
1.021000000000000000e+05
5.033000000000000000e+05
5.000000000000000000e+05
4.392000000000000000e+05
6.660000000000000000e+04
5.029000000000000000e+05
4.892000000000000000e+05
2.282000000000000000e+05
5.000000000000000000e+03
4.971000000000000000e+05
5.065000000000000000e+05
3.961000000000000000e+05
4.340000000000000000e+04
4.984000000000000000e+05
4.957000000000000000e+05
1.808000000000000000e+05
1.300000000000000000e+03
4.954000000000000000e+05
4.938000000000000000e+05
1.350000000000000000e+05
6.000000000000000000e+02
4.930000000000000000e+05
3.767000000000000000e+05
1.700000000000000000e+04
0.000000000000000000e+00
5.038000000000000000e+05
4.993000000000000000e+05
4.996000000000000000e+05
2.293000000000000000e+05
5.013000000000000000e+05
4.930000000000000000e+05
4.085000000000000000e+05
5.370000000000000000e+04
5.054000000000000000e+05
4.919000000000000000e+05
3.805000000000000000e+05
3.420000000000000000e+04
4.905000000000000000e+05
4.836000000000000000e+05
1.447000000000000000e+05
8.000000000000000000e+02
4.985000000000000000e+05
5.024000000000000000e+05
3.237000000000000000e+05
1.680000000000000000e+04
5.006000000000000000e+05
4.697000000000000000e+05
1.127000000000000000e+05
3.000000000000000000e+02
5.005000000000000000e+05
4.725000000000000000e+05
7.870000000000000000e+04
0.000000000000000000e+00
5.007000000000000000e+05
3.360000000000000000e+05
8.000000000000000000e+03
0.000000000000000000e+00
4.953000000000000000e+05
5.042000000000000000e+05
2.577000000000000000e+05
8.100000000000000000e+03
4.953000000000000000e+05
4.651000000000000000e+05
6.390000000000000000e+04
0.000000000000000000e+00
5.028000000000000000e+05
4.574000000000000000e+05
4.140000000000000000e+04
0.000000000000000000e+00
5.013000000000000000e+05
2.968000000000000000e+05
2.200000000000000000e+03
0.000000000000000000e+00
5.101000000000000000e+05
4.367000000000000000e+05
2.920000000000000000e+04
0.000000000000000000e+00
4.948000000000000000e+05
2.472000000000000000e+05
6.000000000000000000e+02
0.000000000000000000e+00
5.044000000000000000e+05
2.110000000000000000e+05
5.000000000000000000e+02
0.000000000000000000e+00
4.765000000000000000e+05
4.660000000000000000e+04
0.000000000000000000e+00
0.000000000000000000e+00
5.041000000000000000e+05
4.989000000000000000e+05
4.999000000000000000e+05
4.786000000000000000e+05
4.952000000000000000e+05
5.102000000000000000e+05
4.944000000000000000e+05
3.513000000000000000e+05
5.071000000000000000e+05
4.971000000000000000e+05
4.973000000000000000e+05
3.152000000000000000e+05
5.022000000000000000e+05
4.992000000000000000e+05
4.530000000000000000e+05
1.012000000000000000e+05
4.964000000000000000e+05
4.986000000000000000e+05
5.014000000000000000e+05
2.555000000000000000e+05
4.966000000000000000e+05
5.079000000000000000e+05
4.240000000000000000e+05
6.200000000000000000e+04
5.034000000000000000e+05
5.011000000000000000e+05
3.889000000000000000e+05
4.240000000000000000e+04
5.011000000000000000e+05
4.825000000000000000e+05
1.758000000000000000e+05
1.200000000000000000e+03
4.944000000000000000e+05
5.023000000000000000e+05
4.930000000000000000e+05
1.859000000000000000e+05
5.029000000000000000e+05
5.018000000000000000e+05
3.768000000000000000e+05
3.100000000000000000e+04
4.986000000000000000e+05
4.980000000000000000e+05
3.376000000000000000e+05
1.820000000000000000e+04
5.025000000000000000e+05
4.813000000000000000e+05
1.198000000000000000e+05
1.000000000000000000e+02
4.992000000000000000e+05
4.961000000000000000e+05
2.790000000000000000e+05
1.090000000000000000e+04
4.955000000000000000e+05
4.731000000000000000e+05
7.840000000000000000e+04
3.000000000000000000e+02
4.997000000000000000e+05
4.584000000000000000e+05
5.590000000000000000e+04
0.000000000000000000e+00
5.086000000000000000e+05
3.149000000000000000e+05
2.800000000000000000e+03
0.000000000000000000e+00
4.907000000000000000e+05
4.967000000000000000e+05
4.698000000000000000e+05
1.207000000000000000e+05
5.063000000000000000e+05
5.066000000000000000e+05
3.076000000000000000e+05
1.450000000000000000e+04
5.023000000000000000e+05
5.023000000000000000e+05
2.562000000000000000e+05
6.300000000000000000e+03
4.975000000000000000e+05
4.600000000000000000e+05
6.230000000000000000e+04
0.000000000000000000e+00
5.022000000000000000e+05
4.925000000000000000e+05
1.933000000000000000e+05
3.700000000000000000e+03
4.968000000000000000e+05
4.580000000000000000e+05
4.020000000000000000e+04
0.000000000000000000e+00
4.962000000000000000e+05
4.462000000000000000e+05
2.640000000000000000e+04
0.000000000000000000e+00
4.971000000000000000e+05
2.598000000000000000e+05
7.000000000000000000e+02
0.000000000000000000e+00
5.074000000000000000e+05
4.957000000000000000e+05
1.369000000000000000e+05
1.100000000000000000e+03
5.026000000000000000e+05
4.235000000000000000e+05
1.940000000000000000e+04
0.000000000000000000e+00
4.919000000000000000e+05
4.122000000000000000e+05
9.900000000000000000e+03
0.000000000000000000e+00
5.016000000000000000e+05
2.146000000000000000e+05
1.000000000000000000e+02
0.000000000000000000e+00
5.006000000000000000e+05
3.761000000000000000e+05
7.800000000000000000e+03
0.000000000000000000e+00
5.019000000000000000e+05
1.616000000000000000e+05
1.000000000000000000e+02
0.000000000000000000e+00
4.987000000000000000e+05
1.336000000000000000e+05
1.000000000000000000e+02
0.000000000000000000e+00
4.687000000000000000e+05
1.680000000000000000e+04
0.000000000000000000e+00
0.000000000000000000e+00
4.926000000000000000e+05
5.000000000000000000e+05
4.214000000000000000e+05
6.830000000000000000e+04
5.053000000000000000e+05
4.964000000000000000e+05
1.963000000000000000e+05
2.600000000000000000e+03
4.875000000000000000e+05
4.954000000000000000e+05
1.592000000000000000e+05
1.500000000000000000e+03
4.955000000000000000e+05
4.418000000000000000e+05
2.470000000000000000e+04
0.000000000000000000e+00
4.987000000000000000e+05
5.016000000000000000e+05
1.133000000000000000e+05
5.000000000000000000e+02
4.994000000000000000e+05
4.201000000000000000e+05
1.160000000000000000e+04
0.000000000000000000e+00
4.964000000000000000e+05
3.918000000000000000e+05
8.300000000000000000e+03
0.000000000000000000e+00
5.110000000000000000e+05
1.862000000000000000e+05
0.000000000000000000e+00
0.000000000000000000e+00
4.931000000000000000e+05
4.959000000000000000e+05
7.210000000000000000e+04
3.000000000000000000e+02
5.127000000000000000e+05
3.819000000000000000e+05
6.300000000000000000e+03
0.000000000000000000e+00
5.091000000000000000e+05
3.382000000000000000e+05
3.100000000000000000e+03
0.000000000000000000e+00
4.993000000000000000e+05
1.359000000000000000e+05
0.000000000000000000e+00
0.000000000000000000e+00
5.056000000000000000e+05
2.961000000000000000e+05
2.600000000000000000e+03
0.000000000000000000e+00
4.935000000000000000e+05
9.440000000000000000e+04
0.000000000000000000e+00
0.000000000000000000e+00
4.983000000000000000e+05
7.010000000000000000e+04
0.000000000000000000e+00
0.000000000000000000e+00
4.444000000000000000e+05
4.800000000000000000e+03
0.000000000000000000e+00
0.000000000000000000e+00
4.950000000000000000e+05
4.701000000000000000e+05
4.280000000000000000e+04
0.000000000000000000e+00
4.964000000000000000e+05
3.214000000000000000e+05
2.600000000000000000e+03
0.000000000000000000e+00
4.977000000000000000e+05
2.784000000000000000e+05
1.000000000000000000e+03
0.000000000000000000e+00
4.921000000000000000e+05
7.960000000000000000e+04
0.000000000000000000e+00
0.000000000000000000e+00
4.987000000000000000e+05
2.160000000000000000e+05
7.000000000000000000e+02
0.000000000000000000e+00
5.015000000000000000e+05
4.810000000000000000e+04
0.000000000000000000e+00
0.000000000000000000e+00
5.023000000000000000e+05
3.210000000000000000e+04
0.000000000000000000e+00
0.000000000000000000e+00
4.328000000000000000e+05
1.100000000000000000e+03
0.000000000000000000e+00
0.000000000000000000e+00
4.980000000000000000e+05
1.567000000000000000e+05
4.000000000000000000e+02
0.000000000000000000e+00
4.976000000000000000e+05
2.760000000000000000e+04
0.000000000000000000e+00
0.000000000000000000e+00
5.053000000000000000e+05
1.620000000000000000e+04
0.000000000000000000e+00
0.000000000000000000e+00
4.071000000000000000e+05
1.000000000000000000e+02
0.000000000000000000e+00
0.000000000000000000e+00
4.932000000000000000e+05
8.300000000000000000e+03
0.000000000000000000e+00
0.000000000000000000e+00
3.878000000000000000e+05
2.000000000000000000e+02
0.000000000000000000e+00
0.000000000000000000e+00
3.571000000000000000e+05
0.000000000000000000e+00
0.000000000000000000e+00
0.000000000000000000e+00
1.493000000000000000e+05
0.000000000000000000e+00
0.000000000000000000e+00
0.000000000000000000e+00
4.937000000000000000e+05
5.101000000000000000e+05
4.992000000000000000e+05
4.294000000000000000e+05
5.047000000000000000e+05
4.978000000000000000e+05
4.918000000000000000e+05
2.345000000000000000e+05
4.955000000000000000e+05
5.029000000000000000e+05
4.760000000000000000e+05
1.814000000000000000e+05
4.946000000000000000e+05
5.047000000000000000e+05
3.512000000000000000e+05
2.970000000000000000e+04
5.022000000000000000e+05
4.988000000000000000e+05
4.649000000000000000e+05
1.340000000000000000e+05
5.059000000000000000e+05
4.979000000000000000e+05
2.962000000000000000e+05
1.380000000000000000e+04
5.013000000000000000e+05
5.012000000000000000e+05
2.551000000000000000e+05
9.900000000000000000e+03
5.040000000000000000e+05
4.682000000000000000e+05
6.440000000000000000e+04
1.000000000000000000e+02
4.991000000000000000e+05
4.966000000000000000e+05
4.378000000000000000e+05
8.080000000000000000e+04
4.891000000000000000e+05
4.984000000000000000e+05
2.227000000000000000e+05
5.200000000000000000e+03
5.047000000000000000e+05
4.924000000000000000e+05
1.868000000000000000e+05
2.200000000000000000e+03
4.924000000000000000e+05
4.416000000000000000e+05
3.380000000000000000e+04
0.000000000000000000e+00
4.985000000000000000e+05
4.893000000000000000e+05
1.343000000000000000e+05
7.000000000000000000e+02
5.051000000000000000e+05
4.393000000000000000e+05
1.740000000000000000e+04
0.000000000000000000e+00
4.908000000000000000e+05
4.215000000000000000e+05
1.200000000000000000e+04
0.000000000000000000e+00
4.990000000000000000e+05
2.141000000000000000e+05
3.000000000000000000e+02
0.000000000000000000e+00
4.925000000000000000e+05
5.034000000000000000e+05
3.876000000000000000e+05
4.760000000000000000e+04
5.057000000000000000e+05
4.955000000000000000e+05
1.531000000000000000e+05
1.200000000000000000e+03
5.120000000000000000e+05
5.036000000000000000e+05
1.131000000000000000e+05
4.000000000000000000e+02
5.000000000000000000e+05
4.255000000000000000e+05
1.260000000000000000e+04
0.000000000000000000e+00
4.980000000000000000e+05
4.965000000000000000e+05
8.300000000000000000e+04
5.000000000000000000e+02
5.029000000000000000e+05
3.901000000000000000e+05
5.400000000000000000e+03
0.000000000000000000e+00
4.954000000000000000e+05
3.647000000000000000e+05
4.400000000000000000e+03
0.000000000000000000e+00
5.024000000000000000e+05
1.557000000000000000e+05
1.000000000000000000e+02
0.000000000000000000e+00
4.992000000000000000e+05
4.771000000000000000e+05
4.790000000000000000e+04
0.000000000000000000e+00
4.990000000000000000e+05
3.563000000000000000e+05
1.800000000000000000e+03
0.000000000000000000e+00
4.976000000000000000e+05
3.067000000000000000e+05
1.600000000000000000e+03
0.000000000000000000e+00
4.957000000000000000e+05
1.056000000000000000e+05
0.000000000000000000e+00
0.000000000000000000e+00
5.020000000000000000e+05
2.606000000000000000e+05
7.000000000000000000e+02
0.000000000000000000e+00
5.004000000000000000e+05
7.240000000000000000e+04
0.000000000000000000e+00
0.000000000000000000e+00
5.054000000000000000e+05
4.800000000000000000e+04
0.000000000000000000e+00
0.000000000000000000e+00
4.376000000000000000e+05
2.500000000000000000e+03
0.000000000000000000e+00
0.000000000000000000e+00
4.959000000000000000e+05
5.022000000000000000e+05
3.001000000000000000e+05
1.950000000000000000e+04
5.017000000000000000e+05
4.854000000000000000e+05
8.590000000000000000e+04
3.000000000000000000e+02
4.979000000000000000e+05
4.930000000000000000e+05
5.910000000000000000e+04
1.000000000000000000e+02
4.987000000000000000e+05
3.630000000000000000e+05
3.900000000000000000e+03
0.000000000000000000e+00
4.981000000000000000e+05
4.744000000000000000e+05
3.670000000000000000e+04
0.000000000000000000e+00
5.023000000000000000e+05
3.227000000000000000e+05
1.900000000000000000e+03
0.000000000000000000e+00
4.951000000000000000e+05
2.928000000000000000e+05
2.000000000000000000e+02
0.000000000000000000e+00
4.897000000000000000e+05
8.950000000000000000e+04
0.000000000000000000e+00
0.000000000000000000e+00
4.913000000000000000e+05
4.519000000000000000e+05
2.180000000000000000e+04
0.000000000000000000e+00
4.986000000000000000e+05
2.661000000000000000e+05
4.000000000000000000e+02
0.000000000000000000e+00
4.961000000000000000e+05
2.253000000000000000e+05
3.000000000000000000e+02
0.000000000000000000e+00
4.960000000000000000e+05
5.300000000000000000e+04
0.000000000000000000e+00
0.000000000000000000e+00
5.027000000000000000e+05
1.717000000000000000e+05
4.000000000000000000e+02
0.000000000000000000e+00
5.015000000000000000e+05
3.260000000000000000e+04
0.000000000000000000e+00
0.000000000000000000e+00
4.957000000000000000e+05
2.070000000000000000e+04
0.000000000000000000e+00
0.000000000000000000e+00
4.143000000000000000e+05
5.000000000000000000e+02
0.000000000000000000e+00
0.000000000000000000e+00
5.006000000000000000e+05
4.074000000000000000e+05
1.220000000000000000e+04
0.000000000000000000e+00
5.076000000000000000e+05
1.868000000000000000e+05
2.000000000000000000e+02
0.000000000000000000e+00
4.924000000000000000e+05
1.461000000000000000e+05
2.000000000000000000e+02
0.000000000000000000e+00
4.950000000000000000e+05
2.420000000000000000e+04
0.000000000000000000e+00
0.000000000000000000e+00
5.011000000000000000e+05
1.048000000000000000e+05
0.000000000000000000e+00
0.000000000000000000e+00
4.918000000000000000e+05
1.240000000000000000e+04
0.000000000000000000e+00
0.000000000000000000e+00
4.897000000000000000e+05
7.400000000000000000e+03
0.000000000000000000e+00
0.000000000000000000e+00
3.948000000000000000e+05
1.000000000000000000e+02
0.000000000000000000e+00
0.000000000000000000e+00
5.064000000000000000e+05
7.440000000000000000e+04
1.000000000000000000e+02
0.000000000000000000e+00
4.831000000000000000e+05
5.900000000000000000e+03
0.000000000000000000e+00
0.000000000000000000e+00
4.783000000000000000e+05
3.100000000000000000e+03
0.000000000000000000e+00
0.000000000000000000e+00
3.518000000000000000e+05
1.000000000000000000e+02
0.000000000000000000e+00
0.000000000000000000e+00
4.662000000000000000e+05
1.900000000000000000e+03
0.000000000000000000e+00
0.000000000000000000e+00
3.204000000000000000e+05
0.000000000000000000e+00
0.000000000000000000e+00
0.000000000000000000e+00
2.822000000000000000e+05
0.000000000000000000e+00
0.000000000000000000e+00
0.000000000000000000e+00
8.470000000000000000e+04
0.000000000000000000e+00
0.000000000000000000e+00
0.000000000000000000e+00
5.088000000000000000e+05
4.962000000000000000e+05
1.953000000000000000e+05
8.300000000000000000e+03
5.039000000000000000e+05
4.638000000000000000e+05
3.500000000000000000e+04
0.000000000000000000e+00
4.877000000000000000e+05
4.412000000000000000e+05
2.520000000000000000e+04
0.000000000000000000e+00
4.990000000000000000e+05
2.681000000000000000e+05
8.000000000000000000e+02
0.000000000000000000e+00
5.019000000000000000e+05
4.268000000000000000e+05
1.440000000000000000e+04
0.000000000000000000e+00
4.956000000000000000e+05
2.236000000000000000e+05
2.000000000000000000e+02
0.000000000000000000e+00
5.029000000000000000e+05
1.832000000000000000e+05
1.000000000000000000e+02
0.000000000000000000e+00
4.985000000000000000e+05
3.250000000000000000e+04
0.000000000000000000e+00
0.000000000000000000e+00
4.942000000000000000e+05
3.712000000000000000e+05
7.600000000000000000e+03
0.000000000000000000e+00
4.965000000000000000e+05
1.597000000000000000e+05
0.000000000000000000e+00
0.000000000000000000e+00
4.979000000000000000e+05
1.214000000000000000e+05
1.000000000000000000e+02
0.000000000000000000e+00
5.031000000000000000e+05
1.450000000000000000e+04
0.000000000000000000e+00
0.000000000000000000e+00
5.040000000000000000e+05
8.450000000000000000e+04
1.000000000000000000e+02
0.000000000000000000e+00
4.806000000000000000e+05
7.300000000000000000e+03
0.000000000000000000e+00
0.000000000000000000e+00
4.840000000000000000e+05
3.800000000000000000e+03
0.000000000000000000e+00
0.000000000000000000e+00
3.667000000000000000e+05
1.000000000000000000e+02
0.000000000000000000e+00
0.000000000000000000e+00
5.038000000000000000e+05
3.150000000000000000e+05
3.300000000000000000e+03
0.000000000000000000e+00
5.127000000000000000e+05
1.071000000000000000e+05
0.000000000000000000e+00
0.000000000000000000e+00
4.974000000000000000e+05
7.780000000000000000e+04
0.000000000000000000e+00
0.000000000000000000e+00
4.893000000000000000e+05
6.900000000000000000e+03
0.000000000000000000e+00
0.000000000000000000e+00
4.984000000000000000e+05
5.020000000000000000e+04
0.000000000000000000e+00
0.000000000000000000e+00
4.762000000000000000e+05
3.700000000000000000e+03
0.000000000000000000e+00
0.000000000000000000e+00
4.695000000000000000e+05
1.700000000000000000e+03
0.000000000000000000e+00
0.000000000000000000e+00
3.260000000000000000e+05
0.000000000000000000e+00
0.000000000000000000e+00
0.000000000000000000e+00
4.974000000000000000e+05
3.220000000000000000e+04
0.000000000000000000e+00
0.000000000000000000e+00
4.638000000000000000e+05
9.000000000000000000e+02
0.000000000000000000e+00
0.000000000000000000e+00
4.550000000000000000e+05
1.000000000000000000e+03
0.000000000000000000e+00
0.000000000000000000e+00
2.810000000000000000e+05
0.000000000000000000e+00
0.000000000000000000e+00
0.000000000000000000e+00
4.292000000000000000e+05
3.000000000000000000e+02
0.000000000000000000e+00
0.000000000000000000e+00
2.372000000000000000e+05
0.000000000000000000e+00
0.000000000000000000e+00
0.000000000000000000e+00
1.990000000000000000e+05
0.000000000000000000e+00
0.000000000000000000e+00
0.000000000000000000e+00
4.070000000000000000e+04
0.000000000000000000e+00
0.000000000000000000e+00
0.000000000000000000e+00
4.989000000000000000e+05
2.225000000000000000e+05
2.400000000000000000e+03
0.000000000000000000e+00
5.064000000000000000e+05
4.920000000000000000e+04
0.000000000000000000e+00
0.000000000000000000e+00
4.998000000000000000e+05
3.450000000000000000e+04
0.000000000000000000e+00
0.000000000000000000e+00
4.590000000000000000e+05
1.400000000000000000e+03
0.000000000000000000e+00
0.000000000000000000e+00
4.979000000000000000e+05
2.370000000000000000e+04
0.000000000000000000e+00
0.000000000000000000e+00
4.542000000000000000e+05
1.000000000000000000e+03
0.000000000000000000e+00
0.000000000000000000e+00
4.420000000000000000e+05
5.000000000000000000e+02
0.000000000000000000e+00
0.000000000000000000e+00
2.608000000000000000e+05
0.000000000000000000e+00
0.000000000000000000e+00
0.000000000000000000e+00
4.978000000000000000e+05
1.210000000000000000e+04
0.000000000000000000e+00
0.000000000000000000e+00
4.223000000000000000e+05
1.000000000000000000e+02
0.000000000000000000e+00
0.000000000000000000e+00
3.993000000000000000e+05
1.000000000000000000e+02
0.000000000000000000e+00
0.000000000000000000e+00
1.992000000000000000e+05
0.000000000000000000e+00
0.000000000000000000e+00
0.000000000000000000e+00
3.718000000000000000e+05
1.000000000000000000e+02
0.000000000000000000e+00
0.000000000000000000e+00
1.563000000000000000e+05
0.000000000000000000e+00
0.000000000000000000e+00
0.000000000000000000e+00
1.240000000000000000e+05
0.000000000000000000e+00
0.000000000000000000e+00
0.000000000000000000e+00
1.850000000000000000e+04
0.000000000000000000e+00
0.000000000000000000e+00
0.000000000000000000e+00
4.846000000000000000e+05
7.000000000000000000e+03
0.000000000000000000e+00
0.000000000000000000e+00
3.891000000000000000e+05
1.000000000000000000e+02
0.000000000000000000e+00
0.000000000000000000e+00
3.546000000000000000e+05
0.000000000000000000e+00
0.000000000000000000e+00
0.000000000000000000e+00
1.391000000000000000e+05
0.000000000000000000e+00
0.000000000000000000e+00
0.000000000000000000e+00
3.075000000000000000e+05
0.000000000000000000e+00
0.000000000000000000e+00
0.000000000000000000e+00
1.014000000000000000e+05
0.000000000000000000e+00
0.000000000000000000e+00
0.000000000000000000e+00
7.330000000000000000e+04
0.000000000000000000e+00
0.000000000000000000e+00
0.000000000000000000e+00
6.400000000000000000e+03
0.000000000000000000e+00
0.000000000000000000e+00
0.000000000000000000e+00
2.376000000000000000e+05
0.000000000000000000e+00
0.000000000000000000e+00
0.000000000000000000e+00
6.340000000000000000e+04
0.000000000000000000e+00
0.000000000000000000e+00
0.000000000000000000e+00
3.930000000000000000e+04
0.000000000000000000e+00
0.000000000000000000e+00
0.000000000000000000e+00
1.600000000000000000e+03
0.000000000000000000e+00
0.000000000000000000e+00
0.000000000000000000e+00
2.610000000000000000e+04
0.000000000000000000e+00
0.000000000000000000e+00
0.000000000000000000e+00
6.000000000000000000e+02
0.000000000000000000e+00
0.000000000000000000e+00
0.000000000000000000e+00
4.000000000000000000e+02
0.000000000000000000e+00
0.000000000000000000e+00
0.000000000000000000e+00
0.000000000000000000e+00
0.000000000000000000e+00
0.000000000000000000e+00
0.000000000000000000e+00
