1.000000000000000000e+06
5.035000000000000000e+05
4.966000000000000000e+05
5.018000000000000000e+05
4.981000000000000000e+05
4.960000000000000000e+05
5.084000000000000000e+05
4.965000000000000000e+05
4.985000000000000000e+05
5.129000000000000000e+05
5.029000000000000000e+05
5.095000000000000000e+05
5.054000000000000000e+05
4.961000000000000000e+05
5.004000000000000000e+05
5.038000000000000000e+05
5.059000000000000000e+05
5.036000000000000000e+05
5.013000000000000000e+05
5.007000000000000000e+05
5.004000000000000000e+05
4.977000000000000000e+05
5.078000000000000000e+05
4.990000000000000000e+05
4.940000000000000000e+05
5.013000000000000000e+05
5.015000000000000000e+05
4.922000000000000000e+05
5.017000000000000000e+05
5.065000000000000000e+05
5.018000000000000000e+05
4.333000000000000000e+05
5.039000000000000000e+05
4.986000000000000000e+05
4.966000000000000000e+05
5.007000000000000000e+05
4.933000000000000000e+05
5.089000000000000000e+05
5.041000000000000000e+05
5.041000000000000000e+05
5.007000000000000000e+05
5.008000000000000000e+05
4.961000000000000000e+05
4.873000000000000000e+05
5.098000000000000000e+05
4.994000000000000000e+05
5.078000000000000000e+05
4.147000000000000000e+05
5.047000000000000000e+05
5.029000000000000000e+05
5.009000000000000000e+05
4.827000000000000000e+05
4.949000000000000000e+05
4.937000000000000000e+05
4.875000000000000000e+05
3.837000000000000000e+05
4.992000000000000000e+05
5.062000000000000000e+05
4.994000000000000000e+05
3.563000000000000000e+05
5.025000000000000000e+05
4.991000000000000000e+05
4.464000000000000000e+05
1.385000000000000000e+05
4.929000000000000000e+05
4.994000000000000000e+05
4.939000000000000000e+05
4.980000000000000000e+05
5.005000000000000000e+05
5.012000000000000000e+05
4.993000000000000000e+05
4.883000000000000000e+05
5.027000000000000000e+05
5.015000000000000000e+05
4.902000000000000000e+05
4.920000000000000000e+05
4.925000000000000000e+05
4.941000000000000000e+05
4.952000000000000000e+05
3.640000000000000000e+05
5.024000000000000000e+05
5.027000000000000000e+05
4.991000000000000000e+05
4.734000000000000000e+05
5.101000000000000000e+05
4.978000000000000000e+05
5.013000000000000000e+05
3.187000000000000000e+05
4.955000000000000000e+05
5.039000000000000000e+05
4.936000000000000000e+05
2.789000000000000000e+05
4.969000000000000000e+05
5.031000000000000000e+05
4.207000000000000000e+05
7.880000000000000000e+04
5.013000000000000000e+05
4.943000000000000000e+05
4.988000000000000000e+05
4.377000000000000000e+05
5.080000000000000000e+05
5.029000000000000000e+05
4.938000000000000000e+05
2.529000000000000000e+05
4.980000000000000000e+05
4.941000000000000000e+05
4.971000000000000000e+05
2.037000000000000000e+05
5.011000000000000000e+05
5.012000000000000000e+05
3.833000000000000000e+05
3.970000000000000000e+04
5.007000000000000000e+05
4.972000000000000000e+05
4.869000000000000000e+05
1.465000000000000000e+05
4.961000000000000000e+05
5.014000000000000000e+05
3.411000000000000000e+05
2.060000000000000000e+04
5.044000000000000000e+05
4.955000000000000000e+05
3.055000000000000000e+05
1.050000000000000000e+04
4.930000000000000000e+05
4.521000000000000000e+05
9.930000000000000000e+04
0.000000000000000000e+00
4.948000000000000000e+05
4.903000000000000000e+05
5.049000000000000000e+05
5.021000000000000000e+05
4.998000000000000000e+05
5.002000000000000000e+05
5.036000000000000000e+05
4.682000000000000000e+05
5.076000000000000000e+05
4.966000000000000000e+05
4.939000000000000000e+05
4.553000000000000000e+05
5.015000000000000000e+05
4.912000000000000000e+05
4.947000000000000000e+05
2.779000000000000000e+05
4.988000000000000000e+05
5.090000000000000000e+05
4.970000000000000000e+05
4.283000000000000000e+05
4.887000000000000000e+05
4.979000000000000000e+05
4.921000000000000000e+05
2.278000000000000000e+05
5.047000000000000000e+05
5.014000000000000000e+05
4.926000000000000000e+05
1.786000000000000000e+05
4.958000000000000000e+05
4.875000000000000000e+05
3.639000000000000000e+05
3.080000000000000000e+04
5.037000000000000000e+05
5.016000000000000000e+05
4.899000000000000000e+05
3.728000000000000000e+05
4.918000000000000000e+05
4.973000000000000000e+05
4.832000000000000000e+05
1.582000000000000000e+05
5.000000000000000000e+05
4.970000000000000000e+05
4.755000000000000000e+05
1.168000000000000000e+05
5.006000000000000000e+05
4.939000000000000000e+05
3.022000000000000000e+05
1.230000000000000000e+04
5.027000000000000000e+05
5.110000000000000000e+05
4.488000000000000000e+05
7.880000000000000000e+04
4.978000000000000000e+05
4.963000000000000000e+05
2.641000000000000000e+05
5.100000000000000000e+03
4.994000000000000000e+05
5.039000000000000000e+05
2.167000000000000000e+05
2.800000000000000000e+03
4.964000000000000000e+05
4.360000000000000000e+05
4.610000000000000000e+04
0.000000000000000000e+00
4.960000000000000000e+05
5.017000000000000000e+05
5.011000000000000000e+05
2.922000000000000000e+05
4.974000000000000000e+05
5.023000000000000000e+05
4.568000000000000000e+05
9.450000000000000000e+04
5.023000000000000000e+05
5.016000000000000000e+05
4.405000000000000000e+05
6.320000000000000000e+04
5.004000000000000000e+05
4.960000000000000000e+05
2.242000000000000000e+05
3.100000000000000000e+03
5.043000000000000000e+05
5.028000000000000000e+05
4.053000000000000000e+05
3.490000000000000000e+04
4.991000000000000000e+05
4.892000000000000000e+05
1.819000000000000000e+05
1.400000000000000000e+03
5.011000000000000000e+05
4.883000000000000000e+05
1.448000000000000000e+05
2.000000000000000000e+02
5.001000000000000000e+05
4.074000000000000000e+05
2.270000000000000000e+04
0.000000000000000000e+00
5.032000000000000000e+05
4.934000000000000000e+05
3.437000000000000000e+05
1.820000000000000000e+04
4.963000000000000000e+05
4.869000000000000000e+05
1.185000000000000000e+05
2.000000000000000000e+02
5.005000000000000000e+05
4.809000000000000000e+05
8.890000000000000000e+04
0.000000000000000000e+00
4.990000000000000000e+05
3.789000000000000000e+05
7.600000000000000000e+03
0.000000000000000000e+00
4.927000000000000000e+05
4.807000000000000000e+05
5.980000000000000000e+04
0.000000000000000000e+00
4.915000000000000000e+05
3.456000000000000000e+05
5.100000000000000000e+03
0.000000000000000000e+00
5.029000000000000000e+05
3.220000000000000000e+05
1.900000000000000000e+03
0.000000000000000000e+00
4.965000000000000000e+05
1.106000000000000000e+05
0.000000000000000000e+00
0.000000000000000000e+00
5.017000000000000000e+05
5.000000000000000000e+05
4.939000000000000000e+05
4.922000000000000000e+05
5.051000000000000000e+05
5.018000000000000000e+05
5.011000000000000000e+05
3.989000000000000000e+05
5.027000000000000000e+05
5.068000000000000000e+05
4.886000000000000000e+05
3.729000000000000000e+05
5.010000000000000000e+05
5.043000000000000000e+05
4.780000000000000000e+05
1.501000000000000000e+05
4.964000000000000000e+05
4.969000000000000000e+05
5.003000000000000000e+05
3.187000000000000000e+05
4.915000000000000000e+05
5.078000000000000000e+05
4.698000000000000000e+05
1.051000000000000000e+05
5.065000000000000000e+05
5.043000000000000000e+05
4.435000000000000000e+05
7.440000000000000000e+04
4.834000000000000000e+05
4.922000000000000000e+05
2.510000000000000000e+05
5.700000000000000000e+03
5.080000000000000000e+05
5.004000000000000000e+05
4.985000000000000000e+05
2.547000000000000000e+05
4.981000000000000000e+05
5.012000000000000000e+05
4.368000000000000000e+05
6.170000000000000000e+04
5.012000000000000000e+05
5.042000000000000000e+05
4.151000000000000000e+05
3.920000000000000000e+04
4.959000000000000000e+05
4.924000000000000000e+05
1.976000000000000000e+05
1.100000000000000000e+03
4.984000000000000000e+05
5.007000000000000000e+05
3.668000000000000000e+05
2.380000000000000000e+04
5.012000000000000000e+05
4.961000000000000000e+05
1.452000000000000000e+05
7.000000000000000000e+02
4.948000000000000000e+05
4.899000000000000000e+05
1.124000000000000000e+05
2.000000000000000000e+02
4.938000000000000000e+05
3.923000000000000000e+05
1.230000000000000000e+04
0.000000000000000000e+00
4.974000000000000000e+05
4.972000000000000000e+05
4.862000000000000000e+05
1.749000000000000000e+05
5.029000000000000000e+05
4.988000000000000000e+05
3.805000000000000000e+05
2.890000000000000000e+04
5.001000000000000000e+05
4.982000000000000000e+05
3.430000000000000000e+05
1.590000000000000000e+04
4.913000000000000000e+05
4.889000000000000000e+05
1.226000000000000000e+05
1.000000000000000000e+02
4.997000000000000000e+05
4.961000000000000000e+05
2.842000000000000000e+05
8.900000000000000000e+03
5.092000000000000000e+05
4.839000000000000000e+05
8.870000000000000000e+04
1.000000000000000000e+02
5.061000000000000000e+05
4.792000000000000000e+05
5.920000000000000000e+04
0.000000000000000000e+00
5.001000000000000000e+05
3.572000000000000000e+05
4.300000000000000000e+03
0.000000000000000000e+00
4.942000000000000000e+05
4.934000000000000000e+05
2.160000000000000000e+05
4.400000000000000000e+03
5.006000000000000000e+05
4.738000000000000000e+05
4.700000000000000000e+04
0.000000000000000000e+00
5.024000000000000000e+05
4.637000000000000000e+05
3.060000000000000000e+04
0.000000000000000000e+00
5.013000000000000000e+05
3.215000000000000000e+05
7.000000000000000000e+02
0.000000000000000000e+00
4.994000000000000000e+05
4.505000000000000000e+05
1.900000000000000000e+04
0.000000000000000000e+00
5.038000000000000000e+05
2.761000000000000000e+05
9.000000000000000000e+02
0.000000000000000000e+00
5.025000000000000000e+05
2.404000000000000000e+05
1.000000000000000000e+02
0.000000000000000000e+00
4.850000000000000000e+05
6.000000000000000000e+04
0.000000000000000000e+00
0.000000000000000000e+00
4.924000000000000000e+05
4.986000000000000000e+05
4.635000000000000000e+05
1.042000000000000000e+05
5.040000000000000000e+05
4.910000000000000000e+05
2.842000000000000000e+05
8.200000000000000000e+03
4.914000000000000000e+05
4.968000000000000000e+05
2.501000000000000000e+05
5.100000000000000000e+03
5.057000000000000000e+05
4.828000000000000000e+05
5.870000000000000000e+04
0.000000000000000000e+00
4.956000000000000000e+05
4.970000000000000000e+05
1.907000000000000000e+05
1.400000000000000000e+03
5.022000000000000000e+05
4.756000000000000000e+05
3.550000000000000000e+04
0.000000000000000000e+00
4.952000000000000000e+05
4.542000000000000000e+05
2.430000000000000000e+04
0.000000000000000000e+00
5.074000000000000000e+05
2.952000000000000000e+05
2.000000000000000000e+02
0.000000000000000000e+00
5.083000000000000000e+05
5.025000000000000000e+05
1.325000000000000000e+05
1.000000000000000000e+03
4.963000000000000000e+05
4.545000000000000000e+05
1.670000000000000000e+04
0.000000000000000000e+00
4.954000000000000000e+05
4.290000000000000000e+05
1.050000000000000000e+04
0.000000000000000000e+00
4.987000000000000000e+05
2.450000000000000000e+05
0.000000000000000000e+00
0.000000000000000000e+00
5.009000000000000000e+05
4.008000000000000000e+05
6.400000000000000000e+03
0.000000000000000000e+00
5.015000000000000000e+05
1.995000000000000000e+05
1.000000000000000000e+02
0.000000000000000000e+00
5.017000000000000000e+05
1.591000000000000000e+05
1.000000000000000000e+02
0.000000000000000000e+00
4.840000000000000000e+05
2.580000000000000000e+04
0.000000000000000000e+00
0.000000000000000000e+00
5.013000000000000000e+05
4.905000000000000000e+05
8.090000000000000000e+04
2.000000000000000000e+02
4.892000000000000000e+05
4.276000000000000000e+05
8.800000000000000000e+03
0.000000000000000000e+00
4.948000000000000000e+05
3.994000000000000000e+05
4.600000000000000000e+03
0.000000000000000000e+00
5.014000000000000000e+05
1.783000000000000000e+05
0.000000000000000000e+00
0.000000000000000000e+00
4.983000000000000000e+05
3.528000000000000000e+05
3.200000000000000000e+03
0.000000000000000000e+00
5.046000000000000000e+05
1.351000000000000000e+05
0.000000000000000000e+00
0.000000000000000000e+00
5.013000000000000000e+05
9.740000000000000000e+04
0.000000000000000000e+00
0.000000000000000000e+00
4.754000000000000000e+05
1.010000000000000000e+04
0.000000000000000000e+00
0.000000000000000000e+00
5.014000000000000000e+05
2.800000000000000000e+05
1.600000000000000000e+03
0.000000000000000000e+00
5.007000000000000000e+05
8.670000000000000000e+04
0.000000000000000000e+00
0.000000000000000000e+00
4.990000000000000000e+05
5.890000000000000000e+04
0.000000000000000000e+00
0.000000000000000000e+00
4.648000000000000000e+05
3.100000000000000000e+03
0.000000000000000000e+00
0.000000000000000000e+00
5.043000000000000000e+05
3.840000000000000000e+04
0.000000000000000000e+00
0.000000000000000000e+00
4.569000000000000000e+05
1.800000000000000000e+03
0.000000000000000000e+00
0.000000000000000000e+00
4.437000000000000000e+05
2.000000000000000000e+02
0.000000000000000000e+00
0.000000000000000000e+00
2.639000000000000000e+05
0.000000000000000000e+00
0.000000000000000000e+00
0.000000000000000000e+00
4.955000000000000000e+05
5.023000000000000000e+05
4.958000000000000000e+05
4.593000000000000000e+05
5.078000000000000000e+05
5.003000000000000000e+05
4.949000000000000000e+05
2.905000000000000000e+05
4.975000000000000000e+05
4.989000000000000000e+05
4.937000000000000000e+05
2.372000000000000000e+05
4.934000000000000000e+05
4.954000000000000000e+05
4.087000000000000000e+05
5.590000000000000000e+04
4.964000000000000000e+05
5.031000000000000000e+05
4.846000000000000000e+05
1.915000000000000000e+05
5.044000000000000000e+05
4.949000000000000000e+05
3.717000000000000000e+05
3.220000000000000000e+04
5.082000000000000000e+05
4.942000000000000000e+05
3.460000000000000000e+05
2.090000000000000000e+04
4.913000000000000000e+05
4.913000000000000000e+05
1.232000000000000000e+05
3.000000000000000000e+02
4.950000000000000000e+05
5.074000000000000000e+05
4.756000000000000000e+05
1.241000000000000000e+05
4.918000000000000000e+05
4.967000000000000000e+05
3.119000000000000000e+05
1.360000000000000000e+04
5.061000000000000000e+05
4.941000000000000000e+05
2.757000000000000000e+05
6.900000000000000000e+03
4.975000000000000000e+05
4.746000000000000000e+05
7.570000000000000000e+04
0.000000000000000000e+00
5.006000000000000000e+05
5.015000000000000000e+05
2.184000000000000000e+05
2.700000000000000000e+03
5.075000000000000000e+05
4.846000000000000000e+05
4.760000000000000000e+04
0.000000000000000000e+00
4.930000000000000000e+05
4.700000000000000000e+05
3.270000000000000000e+04
0.000000000000000000e+00
5.019000000000000000e+05
3.150000000000000000e+05
1.100000000000000000e+03
0.000000000000000000e+00
4.971000000000000000e+05
5.018000000000000000e+05
4.460000000000000000e+05
8.220000000000000000e+04
4.959000000000000000e+05
5.013000000000000000e+05
2.395000000000000000e+05
4.300000000000000000e+03
5.057000000000000000e+05
5.035000000000000000e+05
1.943000000000000000e+05
2.600000000000000000e+03
4.975000000000000000e+05
4.787000000000000000e+05
3.860000000000000000e+04
0.000000000000000000e+00
4.998000000000000000e+05
5.008000000000000000e+05
1.516000000000000000e+05
1.500000000000000000e+03
5.019000000000000000e+05
4.608000000000000000e+05
1.960000000000000000e+04
0.000000000000000000e+00
5.011000000000000000e+05
4.489000000000000000e+05
1.250000000000000000e+04
0.000000000000000000e+00
5.010000000000000000e+05
2.688000000000000000e+05
1.000000000000000000e+02
0.000000000000000000e+00
4.996000000000000000e+05
5.033000000000000000e+05
9.730000000000000000e+04
4.000000000000000000e+02
4.989000000000000000e+05
4.356000000000000000e+05
7.500000000000000000e+03
0.000000000000000000e+00
5.058000000000000000e+05
4.187000000000000000e+05
6.500000000000000000e+03
0.000000000000000000e+00
5.031000000000000000e+05
2.192000000000000000e+05
1.000000000000000000e+02
0.000000000000000000e+00
4.981000000000000000e+05
3.790000000000000000e+05
4.000000000000000000e+03
0.000000000000000000e+00
5.119000000000000000e+05
1.707000000000000000e+05
0.000000000000000000e+00
0.000000000000000000e+00
5.085000000000000000e+05
1.321000000000000000e+05
0.000000000000000000e+00
0.000000000000000000e+00
4.813000000000000000e+05
1.800000000000000000e+04
0.000000000000000000e+00
0.000000000000000000e+00
4.975000000000000000e+05
4.990000000000000000e+05
3.743000000000000000e+05
3.900000000000000000e+04
5.013000000000000000e+05
5.002000000000000000e+05
1.477000000000000000e+05
1.000000000000000000e+03
5.099000000000000000e+05
5.038000000000000000e+05
1.138000000000000000e+05
4.000000000000000000e+02
4.981000000000000000e+05
4.435000000000000000e+05
1.310000000000000000e+04
0.000000000000000000e+00
4.989000000000000000e+05
4.939000000000000000e+05
7.860000000000000000e+04
2.000000000000000000e+02
5.015000000000000000e+05
4.196000000000000000e+05
5.900000000000000000e+03
0.000000000000000000e+00
4.985000000000000000e+05
4.011000000000000000e+05
2.900000000000000000e+03
0.000000000000000000e+00
5.000000000000000000e+05
1.935000000000000000e+05
0.000000000000000000e+00
0.000000000000000000e+00
4.966000000000000000e+05
4.953000000000000000e+05
4.890000000000000000e+04
2.000000000000000000e+02
5.026000000000000000e+05
3.797000000000000000e+05
2.400000000000000000e+03
0.000000000000000000e+00
5.016000000000000000e+05
3.586000000000000000e+05
6.000000000000000000e+02
0.000000000000000000e+00
5.035000000000000000e+05
1.364000000000000000e+05
0.000000000000000000e+00
0.000000000000000000e+00
5.107000000000000000e+05
3.016000000000000000e+05
1.100000000000000000e+03
0.000000000000000000e+00
5.033000000000000000e+05
9.800000000000000000e+04
0.000000000000000000e+00
0.000000000000000000e+00
4.983000000000000000e+05
7.080000000000000000e+04
0.000000000000000000e+00
0.000000000000000000e+00
4.699000000000000000e+05
6.200000000000000000e+03
0.000000000000000000e+00
0.000000000000000000e+00
4.983000000000000000e+05
4.742000000000000000e+05
2.820000000000000000e+04
1.000000000000000000e+02
5.058000000000000000e+05
3.186000000000000000e+05
9.000000000000000000e+02
0.000000000000000000e+00
4.977000000000000000e+05
2.781000000000000000e+05
4.000000000000000000e+02
0.000000000000000000e+00
4.961000000000000000e+05
7.530000000000000000e+04
0.000000000000000000e+00
0.000000000000000000e+00
5.049000000000000000e+05
2.207000000000000000e+05
3.000000000000000000e+02
0.000000000000000000e+00
5.005000000000000000e+05
5.290000000000000000e+04
0.000000000000000000e+00
0.000000000000000000e+00
4.995000000000000000e+05
3.680000000000000000e+04
0.000000000000000000e+00
0.000000000000000000e+00
4.563000000000000000e+05
1.200000000000000000e+03
0.000000000000000000e+00
0.000000000000000000e+00
5.034000000000000000e+05
1.639000000000000000e+05
3.000000000000000000e+02
0.000000000000000000e+00
4.979000000000000000e+05
3.020000000000000000e+04
0.000000000000000000e+00
0.000000000000000000e+00
4.896000000000000000e+05
1.850000000000000000e+04
0.000000000000000000e+00
0.000000000000000000e+00
4.381000000000000000e+05
3.000000000000000000e+02
0.000000000000000000e+00
0.000000000000000000e+00
4.914000000000000000e+05
1.130000000000000000e+04
0.000000000000000000e+00
0.000000000000000000e+00
4.211000000000000000e+05
1.000000000000000000e+02
0.000000000000000000e+00
0.000000000000000000e+00
4.083000000000000000e+05
0.000000000000000000e+00
0.000000000000000000e+00
0.000000000000000000e+00
2.095000000000000000e+05
0.000000000000000000e+00
0.000000000000000000e+00
0.000000000000000000e+00
4.927000000000000000e+05
5.017000000000000000e+05
2.818000000000000000e+05
1.810000000000000000e+04
5.026000000000000000e+05
4.925000000000000000e+05
7.480000000000000000e+04
2.000000000000000000e+02
5.023000000000000000e+05
4.860000000000000000e+05
5.330000000000000000e+04
0.000000000000000000e+00
4.937000000000000000e+05
3.792000000000000000e+05
3.700000000000000000e+03
0.000000000000000000e+00
4.994000000000000000e+05
4.810000000000000000e+05
3.500000000000000000e+04
0.000000000000000000e+00
4.936000000000000000e+05
3.510000000000000000e+05
9.000000000000000000e+02
0.000000000000000000e+00
5.108000000000000000e+05
3.122000000000000000e+05
9.000000000000000000e+02
0.000000000000000000e+00
5.112000000000000000e+05
1.050000000000000000e+05
0.000000000000000000e+00
0.000000000000000000e+00
4.934000000000000000e+05
4.595000000000000000e+05
1.920000000000000000e+04
0.000000000000000000e+00
5.037000000000000000e+05
2.863000000000000000e+05
5.000000000000000000e+02
0.000000000000000000e+00
5.027000000000000000e+05
2.430000000000000000e+05
4.000000000000000000e+02
0.000000000000000000e+00
4.990000000000000000e+05
6.220000000000000000e+04
0.000000000000000000e+00
0.000000000000000000e+00
4.974000000000000000e+05
1.911000000000000000e+05
4.000000000000000000e+02
0.000000000000000000e+00
4.901000000000000000e+05
3.670000000000000000e+04
0.000000000000000000e+00
0.000000000000000000e+00
4.933000000000000000e+05
2.520000000000000000e+04
0.000000000000000000e+00
0.000000000000000000e+00
4.432000000000000000e+05
6.000000000000000000e+02
0.000000000000000000e+00
0.000000000000000000e+00
4.997000000000000000e+05
4.243000000000000000e+05
1.000000000000000000e+04
0.000000000000000000e+00
5.044000000000000000e+05
2.215000000000000000e+05
2.000000000000000000e+02
0.000000000000000000e+00
5.050000000000000000e+05
1.774000000000000000e+05
2.000000000000000000e+02
0.000000000000000000e+00
5.003000000000000000e+05
3.380000000000000000e+04
0.000000000000000000e+00
0.000000000000000000e+00
4.994000000000000000e+05
1.274000000000000000e+05
0.000000000000000000e+00
0.000000000000000000e+00
4.978000000000000000e+05
1.990000000000000000e+04
0.000000000000000000e+00
0.000000000000000000e+00
4.920000000000000000e+05
1.010000000000000000e+04
0.000000000000000000e+00
0.000000000000000000e+00
4.242000000000000000e+05
0.000000000000000000e+00
0.000000000000000000e+00
0.000000000000000000e+00
5.063000000000000000e+05
9.090000000000000000e+04
0.000000000000000000e+00
0.000000000000000000e+00
4.959000000000000000e+05
8.100000000000000000e+03
0.000000000000000000e+00
0.000000000000000000e+00
4.947000000000000000e+05
5.700000000000000000e+03
0.000000000000000000e+00
0.000000000000000000e+00
4.044000000000000000e+05
0.000000000000000000e+00
0.000000000000000000e+00
0.000000000000000000e+00
4.830000000000000000e+05
2.000000000000000000e+03
0.000000000000000000e+00
0.000000000000000000e+00
3.681000000000000000e+05
0.000000000000000000e+00
0.000000000000000000e+00
0.000000000000000000e+00
3.479000000000000000e+05
0.000000000000000000e+00
0.000000000000000000e+00
0.000000000000000000e+00
1.387000000000000000e+05
0.000000000000000000e+00
0.000000000000000000e+00
0.000000000000000000e+00
5.061000000000000000e+05
3.470000000000000000e+05
5.400000000000000000e+03
0.000000000000000000e+00
4.997000000000000000e+05
1.295000000000000000e+05
1.000000000000000000e+02
0.000000000000000000e+00
5.043000000000000000e+05
9.790000000000000000e+04
1.000000000000000000e+02
0.000000000000000000e+00
4.969000000000000000e+05
1.130000000000000000e+04
0.000000000000000000e+00
0.000000000000000000e+00
4.983000000000000000e+05
7.220000000000000000e+04
1.000000000000000000e+02
0.000000000000000000e+00
4.937000000000000000e+05
5.800000000000000000e+03
0.000000000000000000e+00
0.000000000000000000e+00
4.848000000000000000e+05
3.900000000000000000e+03
0.000000000000000000e+00
0.000000000000000000e+00
3.885000000000000000e+05
1.000000000000000000e+02
0.000000000000000000e+00
0.000000000000000000e+00
4.956000000000000000e+05
4.310000000000000000e+04
0.000000000000000000e+00
0.000000000000000000e+00
4.863000000000000000e+05
2.000000000000000000e+03
0.000000000000000000e+00
0.000000000000000000e+00
4.797000000000000000e+05
1.200000000000000000e+03
0.000000000000000000e+00
0.000000000000000000e+00
3.528000000000000000e+05
0.000000000000000000e+00
0.000000000000000000e+00
0.000000000000000000e+00
4.705000000000000000e+05
7.000000000000000000e+02
0.000000000000000000e+00
0.000000000000000000e+00
3.085000000000000000e+05
0.000000000000000000e+00
0.000000000000000000e+00
0.000000000000000000e+00
2.728000000000000000e+05
0.000000000000000000e+00
0.000000000000000000e+00
0.000000000000000000e+00
8.110000000000000000e+04
0.000000000000000000e+00
0.000000000000000000e+00
0.000000000000000000e+00
5.018000000000000000e+05
2.600000000000000000e+04
0.000000000000000000e+00
0.000000000000000000e+00
4.632000000000000000e+05
6.000000000000000000e+02
0.000000000000000000e+00
0.000000000000000000e+00
4.541000000000000000e+05
6.000000000000000000e+02
0.000000000000000000e+00
0.000000000000000000e+00
2.915000000000000000e+05
0.000000000000000000e+00
0.000000000000000000e+00
0.000000000000000000e+00
4.380000000000000000e+05
2.000000000000000000e+02
0.000000000000000000e+00
0.000000000000000000e+00
2.432000000000000000e+05
0.000000000000000000e+00
0.000000000000000000e+00
0.000000000000000000e+00
2.128000000000000000e+05
0.000000000000000000e+00
0.000000000000000000e+00
0.000000000000000000e+00
4.540000000000000000e+04
0.000000000000000000e+00
0.000000000000000000e+00
0.000000000000000000e+00
3.841000000000000000e+05
0.000000000000000000e+00
0.000000000000000000e+00
0.000000000000000000e+00
1.908000000000000000e+05
0.000000000000000000e+00
0.000000000000000000e+00
0.000000000000000000e+00
1.407000000000000000e+05
0.000000000000000000e+00
0.000000000000000000e+00
0.000000000000000000e+00
2.450000000000000000e+04
0.000000000000000000e+00
0.000000000000000000e+00
0.000000000000000000e+00
1.052000000000000000e+05
0.000000000000000000e+00
0.000000000000000000e+00
0.000000000000000000e+00
1.190000000000000000e+04
0.000000000000000000e+00
0.000000000000000000e+00
0.000000000000000000e+00
7.800000000000000000e+03
0.000000000000000000e+00
0.000000000000000000e+00
0.000000000000000000e+00
0.000000000000000000e+00
0.000000000000000000e+00
0.000000000000000000e+00
0.000000000000000000e+00
