4.973000000000000000e+05
5.000000000000000000e+05
4.974000000000000000e+05
4.963000000000000000e+05
5.020000000000000000e+05
4.956000000000000000e+05
4.987000000000000000e+05
4.915000000000000000e+05
5.036000000000000000e+05
4.920000000000000000e+05
4.963000000000000000e+05
4.989000000000000000e+05
5.010000000000000000e+05
4.941000000000000000e+05
5.127000000000000000e+05
4.739000000000000000e+05
5.045000000000000000e+05
4.966000000000000000e+05
5.019000000000000000e+05
4.966000000000000000e+05
4.997000000000000000e+05
4.970000000000000000e+05
4.907000000000000000e+05
4.727000000000000000e+05
5.014000000000000000e+05
5.005000000000000000e+05
5.015000000000000000e+05
4.566000000000000000e+05
5.010000000000000000e+05
4.945000000000000000e+05
4.923000000000000000e+05
2.827000000000000000e+05
4.891000000000000000e+05
5.068000000000000000e+05
5.037000000000000000e+05
5.041000000000000000e+05
4.977000000000000000e+05
5.010000000000000000e+05
4.995000000000000000e+05
4.550000000000000000e+05
5.076000000000000000e+05
4.984000000000000000e+05
4.984000000000000000e+05
4.280000000000000000e+05
4.947000000000000000e+05
4.940000000000000000e+05
4.664000000000000000e+05
2.103000000000000000e+05
4.959000000000000000e+05
5.032000000000000000e+05
5.027000000000000000e+05
3.815000000000000000e+05
4.905000000000000000e+05
5.060000000000000000e+05
4.601000000000000000e+05
1.681000000000000000e+05
5.015000000000000000e+05
5.005000000000000000e+05
4.422000000000000000e+05
1.208000000000000000e+05
5.000000000000000000e+05
4.722000000000000000e+05
2.362000000000000000e+05
9.900000000000000000e+03
5.049000000000000000e+05
5.058000000000000000e+05
4.953000000000000000e+05
4.884000000000000000e+05
4.974000000000000000e+05
5.034000000000000000e+05
4.969000000000000000e+05
3.979000000000000000e+05
4.991000000000000000e+05
4.991000000000000000e+05
4.897000000000000000e+05
3.602000000000000000e+05
5.009000000000000000e+05
4.994000000000000000e+05
4.558000000000000000e+05
1.353000000000000000e+05
5.068000000000000000e+05
5.003000000000000000e+05
5.019000000000000000e+05
3.139000000000000000e+05
5.031000000000000000e+05
5.085000000000000000e+05
4.283000000000000000e+05
9.490000000000000000e+04
4.898000000000000000e+05
5.019000000000000000e+05
3.803000000000000000e+05
6.020000000000000000e+04
5.047000000000000000e+05
4.671000000000000000e+05
1.577000000000000000e+05
2.500000000000000000e+03
4.941000000000000000e+05
4.919000000000000000e+05
4.884000000000000000e+05
2.389000000000000000e+05
5.080000000000000000e+05
4.962000000000000000e+05
3.686000000000000000e+05
4.780000000000000000e+04
4.947000000000000000e+05
4.954000000000000000e+05
3.250000000000000000e+05
2.750000000000000000e+04
4.919000000000000000e+05
4.403000000000000000e+05
1.062000000000000000e+05
7.000000000000000000e+02
5.068000000000000000e+05
4.915000000000000000e+05
2.723000000000000000e+05
1.680000000000000000e+04
5.012000000000000000e+05
4.192000000000000000e+05
6.690000000000000000e+04
1.000000000000000000e+02
5.013000000000000000e+05
3.912000000000000000e+05
4.690000000000000000e+04
1.000000000000000000e+02
4.910000000000000000e+05
1.884000000000000000e+05
1.700000000000000000e+03
0.000000000000000000e+00
5.022000000000000000e+05
5.002000000000000000e+05
4.985000000000000000e+05
4.656000000000000000e+05
4.999000000000000000e+05
4.999000000000000000e+05
4.943000000000000000e+05
2.954000000000000000e+05
5.032000000000000000e+05
4.980000000000000000e+05
4.866000000000000000e+05
2.505000000000000000e+05
5.046000000000000000e+05
5.006000000000000000e+05
3.770000000000000000e+05
6.240000000000000000e+04
4.993000000000000000e+05
4.953000000000000000e+05
4.854000000000000000e+05
1.951000000000000000e+05
4.959000000000000000e+05
4.966000000000000000e+05
3.302000000000000000e+05
3.240000000000000000e+04
5.045000000000000000e+05
4.837000000000000000e+05
2.942000000000000000e+05
1.940000000000000000e+04
5.037000000000000000e+05
4.288000000000000000e+05
8.290000000000000000e+04
1.000000000000000000e+02
4.985000000000000000e+05
5.045000000000000000e+05
4.644000000000000000e+05
1.333000000000000000e+05
5.021000000000000000e+05
4.890000000000000000e+05
2.580000000000000000e+05
1.470000000000000000e+04
4.939000000000000000e+05
4.983000000000000000e+05
2.193000000000000000e+05
8.900000000000000000e+03
5.058000000000000000e+05
3.970000000000000000e+05
4.300000000000000000e+04
0.000000000000000000e+00
5.008000000000000000e+05
4.851000000000000000e+05
1.683000000000000000e+05
3.400000000000000000e+03
4.964000000000000000e+05
3.659000000000000000e+05
2.820000000000000000e+04
0.000000000000000000e+00
4.978000000000000000e+05
3.339000000000000000e+05
1.520000000000000000e+04
0.000000000000000000e+00
4.910000000000000000e+05
1.316000000000000000e+05
6.000000000000000000e+02
0.000000000000000000e+00
4.972000000000000000e+05
4.960000000000000000e+05
4.122000000000000000e+05
7.820000000000000000e+04
4.990000000000000000e+05
4.849000000000000000e+05
1.734000000000000000e+05
4.600000000000000000e+03
5.074000000000000000e+05
4.860000000000000000e+05
1.408000000000000000e+05
1.800000000000000000e+03
4.979000000000000000e+05
3.518000000000000000e+05
1.830000000000000000e+04
0.000000000000000000e+00
5.020000000000000000e+05
4.750000000000000000e+05
9.270000000000000000e+04
2.000000000000000000e+02
5.077000000000000000e+05
3.073000000000000000e+05
9.400000000000000000e+03
0.000000000000000000e+00
5.044000000000000000e+05
2.674000000000000000e+05
5.100000000000000000e+03
0.000000000000000000e+00
4.830000000000000000e+05
7.660000000000000000e+04
1.000000000000000000e+02
0.000000000000000000e+00
5.003000000000000000e+05
4.440000000000000000e+05
5.880000000000000000e+04
2.000000000000000000e+02
4.996000000000000000e+05
2.372000000000000000e+05
3.600000000000000000e+03
0.000000000000000000e+00
4.914000000000000000e+05
2.090000000000000000e+05
1.700000000000000000e+03
0.000000000000000000e+00
4.724000000000000000e+05
4.640000000000000000e+04
0.000000000000000000e+00
0.000000000000000000e+00
5.002000000000000000e+05
1.525000000000000000e+05
8.000000000000000000e+02
0.000000000000000000e+00
4.606000000000000000e+05
2.520000000000000000e+04
0.000000000000000000e+00
0.000000000000000000e+00
4.524000000000000000e+05
1.480000000000000000e+04
0.000000000000000000e+00
0.000000000000000000e+00
2.735000000000000000e+05
3.000000000000000000e+02
0.000000000000000000e+00
0.000000000000000000e+00
4.906000000000000000e+05
4.929000000000000000e+05
4.977000000000000000e+05
4.037000000000000000e+05
4.846000000000000000e+05
5.013000000000000000e+05
4.737000000000000000e+05
1.831000000000000000e+05
5.040000000000000000e+05
5.032000000000000000e+05
4.513000000000000000e+05
1.387000000000000000e+05
4.999000000000000000e+05
4.960000000000000000e+05
2.545000000000000000e+05
1.380000000000000000e+04
5.003000000000000000e+05
5.038000000000000000e+05
4.246000000000000000e+05
8.950000000000000000e+04
5.074000000000000000e+05
4.873000000000000000e+05
2.040000000000000000e+05
6.300000000000000000e+03
5.009000000000000000e+05
4.792000000000000000e+05
1.607000000000000000e+05
3.500000000000000000e+03
4.913000000000000000e+05
3.631000000000000000e+05
2.340000000000000000e+04
0.000000000000000000e+00
4.963000000000000000e+05
5.013000000000000000e+05
3.735000000000000000e+05
5.280000000000000000e+04
5.057000000000000000e+05
4.745000000000000000e+05
1.374000000000000000e+05
1.900000000000000000e+03
4.964000000000000000e+05
4.734000000000000000e+05
9.610000000000000000e+04
1.100000000000000000e+03
5.043000000000000000e+05
3.130000000000000000e+05
9.200000000000000000e+03
0.000000000000000000e+00
4.980000000000000000e+05
4.406000000000000000e+05
6.610000000000000000e+04
4.000000000000000000e+02
4.938000000000000000e+05
2.760000000000000000e+05
4.800000000000000000e+03
0.000000000000000000e+00
5.015000000000000000e+05
2.378000000000000000e+05
2.400000000000000000e+03
0.000000000000000000e+00
4.730000000000000000e+05
5.920000000000000000e+04
0.000000000000000000e+00
0.000000000000000000e+00
4.988000000000000000e+05
4.973000000000000000e+05
2.863000000000000000e+05
2.660000000000000000e+04
5.056000000000000000e+05
4.472000000000000000e+05
7.420000000000000000e+04
1.000000000000000000e+02
4.968000000000000000e+05
4.344000000000000000e+05
5.150000000000000000e+04
0.000000000000000000e+00
5.104000000000000000e+05
2.468000000000000000e+05
2.900000000000000000e+03
0.000000000000000000e+00
5.016000000000000000e+05
4.056000000000000000e+05
3.040000000000000000e+04
1.000000000000000000e+02
4.928000000000000000e+05
2.043000000000000000e+05
1.500000000000000000e+03
0.000000000000000000e+00
4.903000000000000000e+05
1.638000000000000000e+05
7.000000000000000000e+02
0.000000000000000000e+00
4.642000000000000000e+05
2.930000000000000000e+04
0.000000000000000000e+00
0.000000000000000000e+00
5.027000000000000000e+05
3.503000000000000000e+05
1.660000000000000000e+04
0.000000000000000000e+00
4.949000000000000000e+05
1.420000000000000000e+05
1.000000000000000000e+02
0.000000000000000000e+00
4.985000000000000000e+05
1.020000000000000000e+05
3.000000000000000000e+02
0.000000000000000000e+00
4.418000000000000000e+05
1.080000000000000000e+04
0.000000000000000000e+00
0.000000000000000000e+00
4.929000000000000000e+05
7.070000000000000000e+04
2.000000000000000000e+02
0.000000000000000000e+00
4.220000000000000000e+05
5.800000000000000000e+03
0.000000000000000000e+00
0.000000000000000000e+00
4.125000000000000000e+05
3.100000000000000000e+03
0.000000000000000000e+00
0.000000000000000000e+00
2.074000000000000000e+05
0.000000000000000000e+00
0.000000000000000000e+00
0.000000000000000000e+00
4.995000000000000000e+05
4.935000000000000000e+05
1.999000000000000000e+05
1.060000000000000000e+04
5.055000000000000000e+05
4.082000000000000000e+05
3.650000000000000000e+04
2.000000000000000000e+02
5.043000000000000000e+05
3.606000000000000000e+05
2.050000000000000000e+04
0.000000000000000000e+00
5.018000000000000000e+05
1.604000000000000000e+05
8.000000000000000000e+02
0.000000000000000000e+00
5.051000000000000000e+05
3.332000000000000000e+05
1.310000000000000000e+04
0.000000000000000000e+00
5.000000000000000000e+05
1.195000000000000000e+05
2.000000000000000000e+02
0.000000000000000000e+00
5.028000000000000000e+05
8.530000000000000000e+04
1.000000000000000000e+02
0.000000000000000000e+00
4.199000000000000000e+05
6.700000000000000000e+03
0.000000000000000000e+00
0.000000000000000000e+00
4.992000000000000000e+05
2.652000000000000000e+05
8.000000000000000000e+03
0.000000000000000000e+00
4.975000000000000000e+05
7.550000000000000000e+04
1.000000000000000000e+02
0.000000000000000000e+00
4.833000000000000000e+05
4.920000000000000000e+04
0.000000000000000000e+00
0.000000000000000000e+00
4.026000000000000000e+05
2.900000000000000000e+03
0.000000000000000000e+00
0.000000000000000000e+00
4.907000000000000000e+05
3.180000000000000000e+04
1.000000000000000000e+02
0.000000000000000000e+00
3.734000000000000000e+05
1.000000000000000000e+03
0.000000000000000000e+00
0.000000000000000000e+00
3.497000000000000000e+05
4.000000000000000000e+02
0.000000000000000000e+00
0.000000000000000000e+00
1.396000000000000000e+05
0.000000000000000000e+00
0.000000000000000000e+00
0.000000000000000000e+00
5.035000000000000000e+05
1.911000000000000000e+05
2.300000000000000000e+03
0.000000000000000000e+00
4.846000000000000000e+05
3.640000000000000000e+04
0.000000000000000000e+00
0.000000000000000000e+00
4.836000000000000000e+05
2.330000000000000000e+04
0.000000000000000000e+00
0.000000000000000000e+00
3.664000000000000000e+05
6.000000000000000000e+02
0.000000000000000000e+00
0.000000000000000000e+00
4.705000000000000000e+05
1.540000000000000000e+04
0.000000000000000000e+00
0.000000000000000000e+00
3.224000000000000000e+05
2.000000000000000000e+02
0.000000000000000000e+00
0.000000000000000000e+00
2.844000000000000000e+05
1.000000000000000000e+02
0.000000000000000000e+00
0.000000000000000000e+00
9.030000000000000000e+04
0.000000000000000000e+00
0.000000000000000000e+00
0.000000000000000000e+00
4.472000000000000000e+05
7.300000000000000000e+03
0.000000000000000000e+00
0.000000000000000000e+00
2.616000000000000000e+05
1.000000000000000000e+02
0.000000000000000000e+00
0.000000000000000000e+00
2.337000000000000000e+05
1.000000000000000000e+02
0.000000000000000000e+00
0.000000000000000000e+00
5.530000000000000000e+04
0.000000000000000000e+00
0.000000000000000000e+00
0.000000000000000000e+00
1.731000000000000000e+05
0.000000000000000000e+00
0.000000000000000000e+00
0.000000000000000000e+00
3.240000000000000000e+04
0.000000000000000000e+00
0.000000000000000000e+00
0.000000000000000000e+00
2.120000000000000000e+04
0.000000000000000000e+00
0.000000000000000000e+00
0.000000000000000000e+00
4.000000000000000000e+02
0.000000000000000000e+00
0.000000000000000000e+00
0.000000000000000000e+00
4.983000000000000000e+05
5.045000000000000000e+05
5.061000000000000000e+05
2.933000000000000000e+05
5.068000000000000000e+05
4.982000000000000000e+05
3.921000000000000000e+05
7.990000000000000000e+04
5.031000000000000000e+05
5.038000000000000000e+05
3.525000000000000000e+05
5.340000000000000000e+04
4.951000000000000000e+05
4.691000000000000000e+05
1.200000000000000000e+05
2.100000000000000000e+03
5.013000000000000000e+05
4.971000000000000000e+05
3.014000000000000000e+05
2.940000000000000000e+04
5.018000000000000000e+05
4.514000000000000000e+05
8.130000000000000000e+04
4.000000000000000000e+02
4.939000000000000000e+05
4.297000000000000000e+05
5.930000000000000000e+04
0.000000000000000000e+00
5.061000000000000000e+05
2.457000000000000000e+05
2.900000000000000000e+03
0.000000000000000000e+00
4.911000000000000000e+05
4.970000000000000000e+05
2.199000000000000000e+05
1.410000000000000000e+04
5.016000000000000000e+05
4.173000000000000000e+05
4.550000000000000000e+04
0.000000000000000000e+00
5.030000000000000000e+05
3.962000000000000000e+05
2.890000000000000000e+04
1.000000000000000000e+02
5.047000000000000000e+05
1.952000000000000000e+05
8.000000000000000000e+02
0.000000000000000000e+00
5.008000000000000000e+05
3.647000000000000000e+05
1.750000000000000000e+04
0.000000000000000000e+00
5.037000000000000000e+05
1.474000000000000000e+05
7.000000000000000000e+02
0.000000000000000000e+00
4.953000000000000000e+05
1.081000000000000000e+05
3.000000000000000000e+02
0.000000000000000000e+00
4.402000000000000000e+05
1.130000000000000000e+04
0.000000000000000000e+00
0.000000000000000000e+00
4.997000000000000000e+05
4.863000000000000000e+05
1.458000000000000000e+05
5.600000000000000000e+03
4.998000000000000000e+05
3.640000000000000000e+05
1.780000000000000000e+04
1.000000000000000000e+02
4.979000000000000000e+05
3.264000000000000000e+05
1.250000000000000000e+04
0.000000000000000000e+00
4.927000000000000000e+05
1.253000000000000000e+05
1.000000000000000000e+02
0.000000000000000000e+00
5.059000000000000000e+05
2.863000000000000000e+05
6.600000000000000000e+03
0.000000000000000000e+00
4.941000000000000000e+05
8.330000000000000000e+04
0.000000000000000000e+00
0.000000000000000000e+00
4.970000000000000000e+05
6.220000000000000000e+04
1.000000000000000000e+02
0.000000000000000000e+00
4.295000000000000000e+05
3.000000000000000000e+03
0.000000000000000000e+00
0.000000000000000000e+00
5.035000000000000000e+05
2.167000000000000000e+05
3.100000000000000000e+03
0.000000000000000000e+00
4.896000000000000000e+05
4.870000000000000000e+04
0.000000000000000000e+00
0.000000000000000000e+00
4.886000000000000000e+05
3.390000000000000000e+04
0.000000000000000000e+00
0.000000000000000000e+00
3.893000000000000000e+05
1.100000000000000000e+03
0.000000000000000000e+00
0.000000000000000000e+00
4.757000000000000000e+05
1.830000000000000000e+04
0.000000000000000000e+00
0.000000000000000000e+00
3.506000000000000000e+05
1.000000000000000000e+02
0.000000000000000000e+00
0.000000000000000000e+00
3.351000000000000000e+05
2.000000000000000000e+02
0.000000000000000000e+00
0.000000000000000000e+00
1.187000000000000000e+05
0.000000000000000000e+00
0.000000000000000000e+00
0.000000000000000000e+00
4.957000000000000000e+05
4.626000000000000000e+05
8.970000000000000000e+04
1.800000000000000000e+03
5.018000000000000000e+05
2.808000000000000000e+05
7.100000000000000000e+03
0.000000000000000000e+00
4.981000000000000000e+05
2.400000000000000000e+05
4.300000000000000000e+03
0.000000000000000000e+00
4.903000000000000000e+05
6.070000000000000000e+04
0.000000000000000000e+00
0.000000000000000000e+00
5.017000000000000000e+05
1.935000000000000000e+05
2.500000000000000000e+03
0.000000000000000000e+00
4.857000000000000000e+05
3.570000000000000000e+04
0.000000000000000000e+00
0.000000000000000000e+00
4.857000000000000000e+05
2.470000000000000000e+04
0.000000000000000000e+00
0.000000000000000000e+00
3.724000000000000000e+05
6.000000000000000000e+02
0.000000000000000000e+00
0.000000000000000000e+00
4.911000000000000000e+05
1.287000000000000000e+05
1.500000000000000000e+03
0.000000000000000000e+00
4.846000000000000000e+05
2.010000000000000000e+04
0.000000000000000000e+00
0.000000000000000000e+00
4.794000000000000000e+05
1.150000000000000000e+04
0.000000000000000000e+00
0.000000000000000000e+00
3.306000000000000000e+05
3.000000000000000000e+02
0.000000000000000000e+00
0.000000000000000000e+00
4.568000000000000000e+05
7.200000000000000000e+03
0.000000000000000000e+00
0.000000000000000000e+00
2.839000000000000000e+05
1.000000000000000000e+02
0.000000000000000000e+00
0.000000000000000000e+00
2.458000000000000000e+05
0.000000000000000000e+00
0.000000000000000000e+00
0.000000000000000000e+00
6.690000000000000000e+04
0.000000000000000000e+00
0.000000000000000000e+00
0.000000000000000000e+00
5.022000000000000000e+05
8.530000000000000000e+04
9.000000000000000000e+02
0.000000000000000000e+00
4.554000000000000000e+05
8.100000000000000000e+03
0.000000000000000000e+00
0.000000000000000000e+00
4.516000000000000000e+05
5.500000000000000000e+03
0.000000000000000000e+00
0.000000000000000000e+00
2.633000000000000000e+05
0.000000000000000000e+00
0.000000000000000000e+00
0.000000000000000000e+00
4.216000000000000000e+05
2.700000000000000000e+03
0.000000000000000000e+00
0.000000000000000000e+00
2.194000000000000000e+05
0.000000000000000000e+00
0.000000000000000000e+00
0.000000000000000000e+00
1.797000000000000000e+05
0.000000000000000000e+00
0.000000000000000000e+00
0.000000000000000000e+00
3.620000000000000000e+04
0.000000000000000000e+00
0.000000000000000000e+00
0.000000000000000000e+00
3.838000000000000000e+05
1.700000000000000000e+03
0.000000000000000000e+00
0.000000000000000000e+00
1.661000000000000000e+05
0.000000000000000000e+00
0.000000000000000000e+00
0.000000000000000000e+00
1.245000000000000000e+05
0.000000000000000000e+00
0.000000000000000000e+00
0.000000000000000000e+00
1.810000000000000000e+04
0.000000000000000000e+00
0.000000000000000000e+00
0.000000000000000000e+00
8.400000000000000000e+04
0.000000000000000000e+00
0.000000000000000000e+00
0.000000000000000000e+00
6.900000000000000000e+03
0.000000000000000000e+00
0.000000000000000000e+00
0.000000000000000000e+00
4.200000000000000000e+03
0.000000000000000000e+00
0.000000000000000000e+00
0.000000000000000000e+00
0.000000000000000000e+00
0.000000000000000000e+00
0.000000000000000000e+00
0.000000000000000000e+00
4.958000000000000000e+05
3.891000000000000000e+05
4.840000000000000000e+04
8.000000000000000000e+02
5.069000000000000000e+05
1.797000000000000000e+05
2.700000000000000000e+03
0.000000000000000000e+00
4.938000000000000000e+05
1.443000000000000000e+05
1.400000000000000000e+03
0.000000000000000000e+00
4.772000000000000000e+05
1.990000000000000000e+04
0.000000000000000000e+00
0.000000000000000000e+00
4.960000000000000000e+05
9.740000000000000000e+04
8.000000000000000000e+02
0.000000000000000000e+00
4.655000000000000000e+05
1.020000000000000000e+04
0.000000000000000000e+00
0.000000000000000000e+00
4.568000000000000000e+05
7.900000000000000000e+03
0.000000000000000000e+00
0.000000000000000000e+00
2.931000000000000000e+05
0.000000000000000000e+00
0.000000000000000000e+00
0.000000000000000000e+00
4.872000000000000000e+05
6.260000000000000000e+04
3.000000000000000000e+02
0.000000000000000000e+00
4.540000000000000000e+05
5.400000000000000000e+03
0.000000000000000000e+00
0.000000000000000000e+00
4.232000000000000000e+05
2.500000000000000000e+03
0.000000000000000000e+00
0.000000000000000000e+00
2.387000000000000000e+05
0.000000000000000000e+00
0.000000000000000000e+00
0.000000000000000000e+00
3.976000000000000000e+05
1.500000000000000000e+03
0.000000000000000000e+00
0.000000000000000000e+00
1.933000000000000000e+05
0.000000000000000000e+00
0.000000000000000000e+00
0.000000000000000000e+00
1.485000000000000000e+05
0.000000000000000000e+00
0.000000000000000000e+00
0.000000000000000000e+00
2.450000000000000000e+04
0.000000000000000000e+00
0.000000000000000000e+00
0.000000000000000000e+00
4.974000000000000000e+05
3.870000000000000000e+04
0.000000000000000000e+00
0.000000000000000000e+00
4.202000000000000000e+05
2.200000000000000000e+03
0.000000000000000000e+00
0.000000000000000000e+00
3.882000000000000000e+05
1.500000000000000000e+03
0.000000000000000000e+00
0.000000000000000000e+00
1.741000000000000000e+05
1.000000000000000000e+02
0.000000000000000000e+00
0.000000000000000000e+00
3.349000000000000000e+05
7.000000000000000000e+02
0.000000000000000000e+00
0.000000000000000000e+00
1.319000000000000000e+05
0.000000000000000000e+00
0.000000000000000000e+00
0.000000000000000000e+00
9.420000000000000000e+04
0.000000000000000000e+00
0.000000000000000000e+00
0.000000000000000000e+00
9.600000000000000000e+03
0.000000000000000000e+00
0.000000000000000000e+00
0.000000000000000000e+00
2.847000000000000000e+05
3.000000000000000000e+02
0.000000000000000000e+00
0.000000000000000000e+00
8.200000000000000000e+04
0.000000000000000000e+00
0.000000000000000000e+00
0.000000000000000000e+00
5.660000000000000000e+04
0.000000000000000000e+00
0.000000000000000000e+00
0.000000000000000000e+00
2.800000000000000000e+03
0.000000000000000000e+00
0.000000000000000000e+00
0.000000000000000000e+00
3.710000000000000000e+04
0.000000000000000000e+00
0.000000000000000000e+00
0.000000000000000000e+00
1.800000000000000000e+03
0.000000000000000000e+00
0.000000000000000000e+00
0.000000000000000000e+00
8.000000000000000000e+02
0.000000000000000000e+00
0.000000000000000000e+00
0.000000000000000000e+00
0.000000000000000000e+00
0.000000000000000000e+00
0.000000000000000000e+00
0.000000000000000000e+00
4.740000000000000000e+05
2.250000000000000000e+04
2.000000000000000000e+02
0.000000000000000000e+00
3.356000000000000000e+05
6.000000000000000000e+02
0.000000000000000000e+00
0.000000000000000000e+00
3.035000000000000000e+05
1.000000000000000000e+02
0.000000000000000000e+00
0.000000000000000000e+00
9.910000000000000000e+04
0.000000000000000000e+00
0.000000000000000000e+00
0.000000000000000000e+00
2.522000000000000000e+05
2.000000000000000000e+02
0.000000000000000000e+00
0.000000000000000000e+00
6.540000000000000000e+04
0.000000000000000000e+00
0.000000000000000000e+00
0.000000000000000000e+00
4.350000000000000000e+04
0.000000000000000000e+00
0.000000000000000000e+00
0.000000000000000000e+00
2.000000000000000000e+03
0.000000000000000000e+00
0.000000000000000000e+00
0.000000000000000000e+00
1.839000000000000000e+05
1.000000000000000000e+02
0.000000000000000000e+00
0.000000000000000000e+00
3.800000000000000000e+04
0.000000000000000000e+00
0.000000000000000000e+00
0.000000000000000000e+00
2.470000000000000000e+04
0.000000000000000000e+00
0.000000000000000000e+00
0.000000000000000000e+00
7.000000000000000000e+02
0.000000000000000000e+00
0.000000000000000000e+00
0.000000000000000000e+00
1.560000000000000000e+04
0.000000000000000000e+00
0.000000000000000000e+00
0.000000000000000000e+00
2.000000000000000000e+02
0.000000000000000000e+00
0.000000000000000000e+00
0.000000000000000000e+00
4.000000000000000000e+02
0.000000000000000000e+00
0.000000000000000000e+00
0.000000000000000000e+00
0.000000000000000000e+00
0.000000000000000000e+00
0.000000000000000000e+00
0.000000000000000000e+00
1.314000000000000000e+05
0.000000000000000000e+00
0.000000000000000000e+00
0.000000000000000000e+00
1.820000000000000000e+04
0.000000000000000000e+00
0.000000000000000000e+00
0.000000000000000000e+00
1.040000000000000000e+04
0.000000000000000000e+00
0.000000000000000000e+00
0.000000000000000000e+00
3.000000000000000000e+02
0.000000000000000000e+00
0.000000000000000000e+00
0.000000000000000000e+00
6.300000000000000000e+03
0.000000000000000000e+00
0.000000000000000000e+00
0.000000000000000000e+00
1.000000000000000000e+02
0.000000000000000000e+00
0.000000000000000000e+00
0.000000000000000000e+00
0.000000000000000000e+00
0.000000000000000000e+00
0.000000000000000000e+00
0.000000000000000000e+00
0.000000000000000000e+00
0.000000000000000000e+00
0.000000000000000000e+00
0.000000000000000000e+00
3.500000000000000000e+03
0.000000000000000000e+00
0.000000000000000000e+00
0.000000000000000000e+00
2.000000000000000000e+02
0.000000000000000000e+00
0.000000000000000000e+00
0.000000000000000000e+00
0.000000000000000000e+00
0.000000000000000000e+00
0.000000000000000000e+00
0.000000000000000000e+00
0.000000000000000000e+00
0.000000000000000000e+00
0.000000000000000000e+00
0.000000000000000000e+00
0.000000000000000000e+00
0.000000000000000000e+00
0.000000000000000000e+00
0.000000000000000000e+00
0.000000000000000000e+00
0.000000000000000000e+00
0.000000000000000000e+00
0.000000000000000000e+00
0.000000000000000000e+00
0.000000000000000000e+00
0.000000000000000000e+00
0.000000000000000000e+00
0.000000000000000000e+00
0.000000000000000000e+00
0.000000000000000000e+00
0.000000000000000000e+00
