1.000000000000000000e+06
4.973000000000000000e+05
4.974000000000000000e+05
5.026000000000000000e+05
5.094000000000000000e+05
4.942000000000000000e+05
4.956000000000000000e+05
4.973000000000000000e+05
5.051000000000000000e+05
4.867000000000000000e+05
4.981000000000000000e+05
5.003000000000000000e+05
5.027000000000000000e+05
5.032000000000000000e+05
5.002000000000000000e+05
4.951000000000000000e+05
5.000000000000000000e+05
5.092000000000000000e+05
4.955000000000000000e+05
5.032000000000000000e+05
5.094000000000000000e+05
4.941000000000000000e+05
5.019000000000000000e+05
5.003000000000000000e+05
4.989000000000000000e+05
4.956000000000000000e+05
4.971000000000000000e+05
4.943000000000000000e+05
4.974000000000000000e+05
5.070000000000000000e+05
5.000000000000000000e+05
4.848000000000000000e+05
4.974000000000000000e+05
4.955000000000000000e+05
4.949000000000000000e+05
4.999000000000000000e+05
4.992000000000000000e+05
4.975000000000000000e+05
5.032000000000000000e+05
5.001000000000000000e+05
4.995000000000000000e+05
4.978000000000000000e+05
4.986000000000000000e+05
5.054000000000000000e+05
4.947000000000000000e+05
5.077000000000000000e+05
5.017000000000000000e+05
4.796000000000000000e+05
5.060000000000000000e+05
5.015000000000000000e+05
5.010000000000000000e+05
5.037000000000000000e+05
5.062000000000000000e+05
4.980000000000000000e+05
5.049000000000000000e+05
4.707000000000000000e+05
5.093000000000000000e+05
5.019000000000000000e+05
4.977000000000000000e+05
4.674000000000000000e+05
5.030000000000000000e+05
5.004000000000000000e+05
4.920000000000000000e+05
3.027000000000000000e+05
4.959000000000000000e+05
5.086000000000000000e+05
5.000000000000000000e+05
4.955000000000000000e+05
5.059000000000000000e+05
5.030000000000000000e+05
4.952000000000000000e+05
5.018000000000000000e+05
5.050000000000000000e+05
5.021000000000000000e+05
5.065000000000000000e+05
5.021000000000000000e+05
5.095000000000000000e+05
5.011000000000000000e+05
4.952000000000000000e+05
4.721000000000000000e+05
5.017000000000000000e+05
5.002000000000000000e+05
4.978000000000000000e+05
4.980000000000000000e+05
4.886000000000000000e+05
4.974000000000000000e+05
5.022000000000000000e+05
4.473000000000000000e+05
5.078000000000000000e+05
5.027000000000000000e+05
5.003000000000000000e+05
4.411000000000000000e+05
5.093000000000000000e+05
5.040000000000000000e+05
4.855000000000000000e+05
2.500000000000000000e+05
5.033000000000000000e+05
5.105000000000000000e+05
5.098000000000000000e+05
4.866000000000000000e+05
4.995000000000000000e+05
5.022000000000000000e+05
5.047000000000000000e+05
4.164000000000000000e+05
4.892000000000000000e+05
5.095000000000000000e+05
4.992000000000000000e+05
3.992000000000000000e+05
5.003000000000000000e+05
4.947000000000000000e+05
4.829000000000000000e+05
1.943000000000000000e+05
5.085000000000000000e+05
4.923000000000000000e+05
5.018000000000000000e+05
3.549000000000000000e+05
4.939000000000000000e+05
5.024000000000000000e+05
4.837000000000000000e+05
1.367000000000000000e+05
4.951000000000000000e+05
4.975000000000000000e+05
4.708000000000000000e+05
1.035000000000000000e+05
4.926000000000000000e+05
5.087000000000000000e+05
3.061000000000000000e+05
9.700000000000000000e+03
5.023000000000000000e+05
5.023000000000000000e+05
4.966000000000000000e+05
5.006000000000000000e+05
4.973000000000000000e+05
4.970000000000000000e+05
5.021000000000000000e+05
4.984000000000000000e+05
4.952000000000000000e+05
4.966000000000000000e+05
5.082000000000000000e+05
5.015000000000000000e+05
4.953000000000000000e+05
4.993000000000000000e+05
4.936000000000000000e+05
4.264000000000000000e+05
5.019000000000000000e+05
4.983000000000000000e+05
5.026000000000000000e+05
4.946000000000000000e+05
4.974000000000000000e+05
5.033000000000000000e+05
5.012000000000000000e+05
3.989000000000000000e+05
5.029000000000000000e+05
4.979000000000000000e+05
4.973000000000000000e+05
3.765000000000000000e+05
4.950000000000000000e+05
4.984000000000000000e+05
4.739000000000000000e+05
1.637000000000000000e+05
5.117000000000000000e+05
4.944000000000000000e+05
4.933000000000000000e+05
4.769000000000000000e+05
5.045000000000000000e+05
5.020000000000000000e+05
4.974000000000000000e+05
3.562000000000000000e+05
4.887000000000000000e+05
5.014000000000000000e+05
4.986000000000000000e+05
3.219000000000000000e+05
5.003000000000000000e+05
4.979000000000000000e+05
4.711000000000000000e+05
1.102000000000000000e+05
4.956000000000000000e+05
4.954000000000000000e+05
4.975000000000000000e+05
2.672000000000000000e+05
4.959000000000000000e+05
4.956000000000000000e+05
4.581000000000000000e+05
7.000000000000000000e+04
5.032000000000000000e+05
4.971000000000000000e+05
4.381000000000000000e+05
4.650000000000000000e+04
5.044000000000000000e+05
4.946000000000000000e+05
2.436000000000000000e+05
1.600000000000000000e+03
4.976000000000000000e+05
4.960000000000000000e+05
4.981000000000000000e+05
4.527000000000000000e+05
5.063000000000000000e+05
5.003000000000000000e+05
4.995000000000000000e+05
2.789000000000000000e+05
5.019000000000000000e+05
5.079000000000000000e+05
4.973000000000000000e+05
2.405000000000000000e+05
5.083000000000000000e+05
4.894000000000000000e+05
4.436000000000000000e+05
5.560000000000000000e+04
4.898000000000000000e+05
5.046000000000000000e+05
4.882000000000000000e+05
1.817000000000000000e+05
4.960000000000000000e+05
5.002000000000000000e+05
4.240000000000000000e+05
3.090000000000000000e+04
4.991000000000000000e+05
4.891000000000000000e+05
3.988000000000000000e+05
1.970000000000000000e+04
4.949000000000000000e+05
4.975000000000000000e+05
1.857000000000000000e+05
4.000000000000000000e+02
4.990000000000000000e+05
4.943000000000000000e+05
4.920000000000000000e+05
1.173000000000000000e+05
4.952000000000000000e+05
5.090000000000000000e+05
3.841000000000000000e+05
1.700000000000000000e+04
5.006000000000000000e+05
5.028000000000000000e+05
3.466000000000000000e+05
8.200000000000000000e+03
4.917000000000000000e+05
4.913000000000000000e+05
1.337000000000000000e+05
2.000000000000000000e+02
5.048000000000000000e+05
4.897000000000000000e+05
2.966000000000000000e+05
4.400000000000000000e+03
5.001000000000000000e+05
4.913000000000000000e+05
9.670000000000000000e+04
0.000000000000000000e+00
5.040000000000000000e+05
4.900000000000000000e+05
6.750000000000000000e+04
0.000000000000000000e+00
5.048000000000000000e+05
3.833000000000000000e+05
5.300000000000000000e+03
0.000000000000000000e+00
4.917000000000000000e+05
5.128000000000000000e+05
5.000000000000000000e+05
5.013000000000000000e+05
5.044000000000000000e+05
4.976000000000000000e+05
5.053000000000000000e+05
4.855000000000000000e+05
4.938000000000000000e+05
5.047000000000000000e+05
4.968000000000000000e+05
4.780000000000000000e+05
5.031000000000000000e+05
4.969000000000000000e+05
5.000000000000000000e+05
3.487000000000000000e+05
5.015000000000000000e+05
4.976000000000000000e+05
5.072000000000000000e+05
4.676000000000000000e+05
5.028000000000000000e+05
5.025000000000000000e+05
5.006000000000000000e+05
2.950000000000000000e+05
4.989000000000000000e+05
4.947000000000000000e+05
4.984000000000000000e+05
2.569000000000000000e+05
5.015000000000000000e+05
5.030000000000000000e+05
4.490000000000000000e+05
6.940000000000000000e+04
4.919000000000000000e+05
4.943000000000000000e+05
4.868000000000000000e+05
4.348000000000000000e+05
5.025000000000000000e+05
4.988000000000000000e+05
4.964000000000000000e+05
2.344000000000000000e+05
5.020000000000000000e+05
5.108000000000000000e+05
4.956000000000000000e+05
1.875000000000000000e+05
4.947000000000000000e+05
5.002000000000000000e+05
4.260000000000000000e+05
3.920000000000000000e+04
5.054000000000000000e+05
4.991000000000000000e+05
4.831000000000000000e+05
1.400000000000000000e+05
5.029000000000000000e+05
5.072000000000000000e+05
3.970000000000000000e+05
1.920000000000000000e+04
5.079000000000000000e+05
5.025000000000000000e+05
3.705000000000000000e+05
1.010000000000000000e+04
4.979000000000000000e+05
4.818000000000000000e+05
1.543000000000000000e+05
0.000000000000000000e+00
5.054000000000000000e+05
4.996000000000000000e+05
4.965000000000000000e+05
3.748000000000000000e+05
4.982000000000000000e+05
5.005000000000000000e+05
4.898000000000000000e+05
1.533000000000000000e+05
5.002000000000000000e+05
5.004000000000000000e+05
4.857000000000000000e+05
1.190000000000000000e+05
5.004000000000000000e+05
4.948000000000000000e+05
3.757000000000000000e+05
1.400000000000000000e+04
5.015000000000000000e+05
5.047000000000000000e+05
4.830000000000000000e+05
7.910000000000000000e+04
5.018000000000000000e+05
4.903000000000000000e+05
3.378000000000000000e+05
4.800000000000000000e+03
4.965000000000000000e+05
5.008000000000000000e+05
3.093000000000000000e+05
4.300000000000000000e+03
4.976000000000000000e+05
4.932000000000000000e+05
1.040000000000000000e+05
0.000000000000000000e+00
5.017000000000000000e+05
5.057000000000000000e+05
4.595000000000000000e+05
5.240000000000000000e+04
4.952000000000000000e+05
4.985000000000000000e+05
2.744000000000000000e+05
1.600000000000000000e+03
5.012000000000000000e+05
5.052000000000000000e+05
2.363000000000000000e+05
1.100000000000000000e+03
5.063000000000000000e+05
4.955000000000000000e+05
5.790000000000000000e+04
0.000000000000000000e+00
4.971000000000000000e+05
5.039000000000000000e+05
1.935000000000000000e+05
5.000000000000000000e+02
5.051000000000000000e+05
4.769000000000000000e+05
3.710000000000000000e+04
0.000000000000000000e+00
4.931000000000000000e+05
4.750000000000000000e+05
2.390000000000000000e+04
0.000000000000000000e+00
4.977000000000000000e+05
3.496000000000000000e+05
9.000000000000000000e+02
0.000000000000000000e+00
4.913000000000000000e+05
5.001000000000000000e+05
5.041000000000000000e+05
2.823000000000000000e+05
4.999000000000000000e+05
5.029000000000000000e+05
4.715000000000000000e+05
8.160000000000000000e+04
4.977000000000000000e+05
4.982000000000000000e+05
4.687000000000000000e+05
5.930000000000000000e+04
5.044000000000000000e+05
5.018000000000000000e+05
3.002000000000000000e+05
2.100000000000000000e+03
5.018000000000000000e+05
5.060000000000000000e+05
4.469000000000000000e+05
3.290000000000000000e+04
5.039000000000000000e+05
5.089000000000000000e+05
2.526000000000000000e+05
1.400000000000000000e+03
5.067000000000000000e+05
4.950000000000000000e+05
2.135000000000000000e+05
6.000000000000000000e+02
5.006000000000000000e+05
4.876000000000000000e+05
4.830000000000000000e+04
0.000000000000000000e+00
4.970000000000000000e+05
4.995000000000000000e+05
4.017000000000000000e+05
2.090000000000000000e+04
4.969000000000000000e+05
4.988000000000000000e+05
1.919000000000000000e+05
4.000000000000000000e+02
5.036000000000000000e+05
4.976000000000000000e+05
1.564000000000000000e+05
3.000000000000000000e+02
5.057000000000000000e+05
4.770000000000000000e+05
2.480000000000000000e+04
0.000000000000000000e+00
4.991000000000000000e+05
4.912000000000000000e+05
1.057000000000000000e+05
0.000000000000000000e+00
5.015000000000000000e+05
4.670000000000000000e+05
1.330000000000000000e+04
0.000000000000000000e+00
5.016000000000000000e+05
4.618000000000000000e+05
6.900000000000000000e+03
0.000000000000000000e+00
5.056000000000000000e+05
2.919000000000000000e+05
1.000000000000000000e+02
0.000000000000000000e+00
5.008000000000000000e+05
4.997000000000000000e+05
3.402000000000000000e+05
9.500000000000000000e+03
5.003000000000000000e+05
4.979000000000000000e+05
1.234000000000000000e+05
0.000000000000000000e+00
5.051000000000000000e+05
4.940000000000000000e+05
8.930000000000000000e+04
0.000000000000000000e+00
5.011000000000000000e+05
4.600000000000000000e+05
8.600000000000000000e+03
0.000000000000000000e+00
4.984000000000000000e+05
5.006000000000000000e+05
5.920000000000000000e+04
0.000000000000000000e+00
5.035000000000000000e+05
4.566000000000000000e+05
3.800000000000000000e+03
0.000000000000000000e+00
5.036000000000000000e+05
4.340000000000000000e+05
2.200000000000000000e+03
0.000000000000000000e+00
5.041000000000000000e+05
2.468000000000000000e+05
0.000000000000000000e+00
0.000000000000000000e+00
4.991000000000000000e+05
4.972000000000000000e+05
3.690000000000000000e+04
0.000000000000000000e+00
5.067000000000000000e+05
4.244000000000000000e+05
1.800000000000000000e+03
0.000000000000000000e+00
5.012000000000000000e+05
3.982000000000000000e+05
9.000000000000000000e+02
0.000000000000000000e+00
5.004000000000000000e+05
2.007000000000000000e+05
0.000000000000000000e+00
0.000000000000000000e+00
4.963000000000000000e+05
3.547000000000000000e+05
5.000000000000000000e+02
0.000000000000000000e+00
5.070000000000000000e+05
1.457000000000000000e+05
0.000000000000000000e+00
0.000000000000000000e+00
5.030000000000000000e+05
1.134000000000000000e+05
0.000000000000000000e+00
0.000000000000000000e+00
4.683000000000000000e+05
1.440000000000000000e+04
0.000000000000000000e+00
0.000000000000000000e+00
5.142000000000000000e+05
4.968000000000000000e+05
5.069000000000000000e+05
4.949000000000000000e+05
4.934000000000000000e+05
4.985000000000000000e+05
4.949000000000000000e+05
4.413000000000000000e+05
5.007000000000000000e+05
4.987000000000000000e+05
5.021000000000000000e+05
4.120000000000000000e+05
5.006000000000000000e+05
4.960000000000000000e+05
4.896000000000000000e+05
2.139000000000000000e+05
5.010000000000000000e+05
5.060000000000000000e+05
5.095000000000000000e+05
3.825000000000000000e+05
5.031000000000000000e+05
4.940000000000000000e+05
5.042000000000000000e+05
1.559000000000000000e+05
4.992000000000000000e+05
5.057000000000000000e+05
4.767000000000000000e+05
1.190000000000000000e+05
4.993000000000000000e+05
5.012000000000000000e+05
3.833000000000000000e+05
1.440000000000000000e+04
5.059000000000000000e+05
5.022000000000000000e+05
4.924000000000000000e+05
3.119000000000000000e+05
4.879000000000000000e+05
5.036000000000000000e+05
4.808000000000000000e+05
1.036000000000000000e+05
4.958000000000000000e+05
5.125000000000000000e+05
4.753000000000000000e+05
7.590000000000000000e+04
4.929000000000000000e+05
5.027000000000000000e+05
3.335000000000000000e+05
5.700000000000000000e+03
5.099000000000000000e+05
4.976000000000000000e+05
4.603000000000000000e+05
4.790000000000000000e+04
5.089000000000000000e+05
4.982000000000000000e+05
2.875000000000000000e+05
2.000000000000000000e+03
5.056000000000000000e+05
5.048000000000000000e+05
2.493000000000000000e+05
1.200000000000000000e+03
4.923000000000000000e+05
4.793000000000000000e+05
6.210000000000000000e+04
0.000000000000000000e+00
4.985000000000000000e+05
5.044000000000000000e+05
5.009000000000000000e+05
2.309000000000000000e+05
5.039000000000000000e+05
5.057000000000000000e+05
4.662000000000000000e+05
5.870000000000000000e+04
4.985000000000000000e+05
4.982000000000000000e+05
4.482000000000000000e+05
4.040000000000000000e+04
5.049000000000000000e+05
5.090000000000000000e+05
2.628000000000000000e+05
1.800000000000000000e+03
4.940000000000000000e+05
5.056000000000000000e+05
4.230000000000000000e+05
2.060000000000000000e+04
5.087000000000000000e+05
4.992000000000000000e+05
2.108000000000000000e+05
2.000000000000000000e+02
4.988000000000000000e+05
5.042000000000000000e+05
1.725000000000000000e+05
1.000000000000000000e+02
5.015000000000000000e+05
4.815000000000000000e+05
2.980000000000000000e+04
0.000000000000000000e+00
4.983000000000000000e+05
5.088000000000000000e+05
3.679000000000000000e+05
1.170000000000000000e+04
4.993000000000000000e+05
4.989000000000000000e+05
1.503000000000000000e+05
1.000000000000000000e+02
5.125000000000000000e+05
5.062000000000000000e+05
1.196000000000000000e+05
1.000000000000000000e+02
4.916000000000000000e+05
4.675000000000000000e+05
1.630000000000000000e+04
0.000000000000000000e+00
4.994000000000000000e+05
4.927000000000000000e+05
7.740000000000000000e+04
0.000000000000000000e+00
4.899000000000000000e+05
4.549000000000000000e+05
8.100000000000000000e+03
0.000000000000000000e+00
5.057000000000000000e+05
4.442000000000000000e+05
5.100000000000000000e+03
0.000000000000000000e+00
4.990000000000000000e+05
2.740000000000000000e+05
0.000000000000000000e+00
0.000000000000000000e+00
5.020000000000000000e+05
4.945000000000000000e+05
4.954000000000000000e+05
1.559000000000000000e+05
4.960000000000000000e+05
5.001000000000000000e+05
4.252000000000000000e+05
2.450000000000000000e+04
5.045000000000000000e+05
4.991000000000000000e+05
3.851000000000000000e+05
1.520000000000000000e+04
5.023000000000000000e+05
4.943000000000000000e+05
1.810000000000000000e+05
2.000000000000000000e+02
5.040000000000000000e+05
5.000000000000000000e+05
3.392000000000000000e+05
6.700000000000000000e+03
4.937000000000000000e+05
5.105000000000000000e+05
1.295000000000000000e+05
1.000000000000000000e+02
4.974000000000000000e+05
5.004000000000000000e+05
9.460000000000000000e+04
0.000000000000000000e+00
5.044000000000000000e+05
4.606000000000000000e+05
1.010000000000000000e+04
0.000000000000000000e+00
5.000000000000000000e+05
4.999000000000000000e+05
2.788000000000000000e+05
4.900000000000000000e+03
5.024000000000000000e+05
4.961000000000000000e+05
8.560000000000000000e+04
1.000000000000000000e+02
5.016000000000000000e+05
4.955000000000000000e+05
6.030000000000000000e+04
0.000000000000000000e+00
5.070000000000000000e+05
4.482000000000000000e+05
3.700000000000000000e+03
0.000000000000000000e+00
5.046000000000000000e+05
4.961000000000000000e+05
3.570000000000000000e+04
0.000000000000000000e+00
5.001000000000000000e+05
4.255000000000000000e+05
1.400000000000000000e+03
0.000000000000000000e+00
4.982000000000000000e+05
4.146000000000000000e+05
8.000000000000000000e+02
0.000000000000000000e+00
4.989000000000000000e+05
2.074000000000000000e+05
0.000000000000000000e+00
0.000000000000000000e+00
5.047000000000000000e+05
4.997000000000000000e+05
2.121000000000000000e+05
2.100000000000000000e+03
5.038000000000000000e+05
4.965000000000000000e+05
4.580000000000000000e+04
0.000000000000000000e+00
5.004000000000000000e+05
4.924000000000000000e+05
2.840000000000000000e+04
0.000000000000000000e+00
4.995000000000000000e+05
4.177000000000000000e+05
1.000000000000000000e+03
0.000000000000000000e+00
4.998000000000000000e+05
4.982000000000000000e+05
1.860000000000000000e+04
0.000000000000000000e+00
5.017000000000000000e+05
3.908000000000000000e+05
5.000000000000000000e+02
0.000000000000000000e+00
5.059000000000000000e+05
3.652000000000000000e+05
4.000000000000000000e+02
0.000000000000000000e+00
5.036000000000000000e+05
1.589000000000000000e+05
0.000000000000000000e+00
0.000000000000000000e+00
4.944000000000000000e+05
4.745000000000000000e+05
1.100000000000000000e+04
0.000000000000000000e+00
4.957000000000000000e+05
3.462000000000000000e+05
2.000000000000000000e+02
0.000000000000000000e+00
5.037000000000000000e+05
3.155000000000000000e+05
0.000000000000000000e+00
0.000000000000000000e+00
4.977000000000000000e+05
1.043000000000000000e+05
0.000000000000000000e+00
0.000000000000000000e+00
4.909000000000000000e+05
2.631000000000000000e+05
1.000000000000000000e+02
0.000000000000000000e+00
5.041000000000000000e+05
7.240000000000000000e+04
0.000000000000000000e+00
0.000000000000000000e+00
5.013000000000000000e+05
4.780000000000000000e+04
0.000000000000000000e+00
0.000000000000000000e+00
4.454000000000000000e+05
2.800000000000000000e+03
0.000000000000000000e+00
0.000000000000000000e+00
4.986000000000000000e+05
4.971000000000000000e+05
4.812000000000000000e+05
9.370000000000000000e+04
4.995000000000000000e+05
4.964000000000000000e+05
3.269000000000000000e+05
8.000000000000000000e+03
5.003000000000000000e+05
4.953000000000000000e+05
2.833000000000000000e+05
5.300000000000000000e+03
4.972000000000000000e+05
5.062000000000000000e+05
9.600000000000000000e+04
0.000000000000000000e+00
5.011000000000000000e+05
4.928000000000000000e+05
2.319000000000000000e+05
1.700000000000000000e+03
5.028000000000000000e+05
4.923000000000000000e+05
6.050000000000000000e+04
0.000000000000000000e+00
5.016000000000000000e+05
4.937000000000000000e+05
3.640000000000000000e+04
0.000000000000000000e+00
5.059000000000000000e+05
4.258000000000000000e+05
1.700000000000000000e+03
0.000000000000000000e+00
5.009000000000000000e+05
4.984000000000000000e+05
1.644000000000000000e+05
9.000000000000000000e+02
4.991000000000000000e+05
5.007000000000000000e+05
2.840000000000000000e+04
0.000000000000000000e+00
5.063000000000000000e+05
4.918000000000000000e+05
2.190000000000000000e+04
0.000000000000000000e+00
5.016000000000000000e+05
3.997000000000000000e+05
4.000000000000000000e+02
0.000000000000000000e+00
4.946000000000000000e+05
4.853000000000000000e+05
1.210000000000000000e+04
0.000000000000000000e+00
5.098000000000000000e+05
3.658000000000000000e+05
2.000000000000000000e+02
0.000000000000000000e+00
4.975000000000000000e+05
3.382000000000000000e+05
0.000000000000000000e+00
0.000000000000000000e+00
4.980000000000000000e+05
1.267000000000000000e+05
0.000000000000000000e+00
0.000000000000000000e+00
5.015000000000000000e+05
5.044000000000000000e+05
1.177000000000000000e+05
4.000000000000000000e+02
5.018000000000000000e+05
4.819000000000000000e+05
1.470000000000000000e+04
0.000000000000000000e+00
5.044000000000000000e+05
4.767000000000000000e+05
9.900000000000000000e+03
0.000000000000000000e+00
5.022000000000000000e+05
3.573000000000000000e+05
3.000000000000000000e+02
0.000000000000000000e+00
4.952000000000000000e+05
4.633000000000000000e+05
5.100000000000000000e+03
0.000000000000000000e+00
4.997000000000000000e+05
3.088000000000000000e+05
1.000000000000000000e+02
0.000000000000000000e+00
4.983000000000000000e+05
2.772000000000000000e+05
0.000000000000000000e+00
0.000000000000000000e+00
4.959000000000000000e+05
7.870000000000000000e+04
0.000000000000000000e+00
0.000000000000000000e+00
4.935000000000000000e+05
4.430000000000000000e+05
2.600000000000000000e+03
0.000000000000000000e+00
5.030000000000000000e+05
2.437000000000000000e+05
0.000000000000000000e+00
0.000000000000000000e+00
4.977000000000000000e+05
2.040000000000000000e+05
0.000000000000000000e+00
0.000000000000000000e+00
4.957000000000000000e+05
4.450000000000000000e+04
0.000000000000000000e+00
0.000000000000000000e+00
5.024000000000000000e+05
1.593000000000000000e+05
0.000000000000000000e+00
0.000000000000000000e+00
4.939000000000000000e+05
2.580000000000000000e+04
0.000000000000000000e+00
0.000000000000000000e+00
4.941000000000000000e+05
1.370000000000000000e+04
0.000000000000000000e+00
0.000000000000000000e+00
4.143000000000000000e+05
3.000000000000000000e+02
0.000000000000000000e+00
0.000000000000000000e+00
5.017000000000000000e+05
5.005000000000000000e+05
6.960000000000000000e+04
1.000000000000000000e+02
4.999000000000000000e+05
4.531000000000000000e+05
5.700000000000000000e+03
0.000000000000000000e+00
5.088000000000000000e+05
4.386000000000000000e+05
3.800000000000000000e+03
0.000000000000000000e+00
5.034000000000000000e+05
2.686000000000000000e+05
0.000000000000000000e+00
0.000000000000000000e+00
4.998000000000000000e+05
4.237000000000000000e+05
1.600000000000000000e+03
0.000000000000000000e+00
5.094000000000000000e+05
2.176000000000000000e+05
0.000000000000000000e+00
0.000000000000000000e+00
5.013000000000000000e+05
1.790000000000000000e+05
0.000000000000000000e+00
0.000000000000000000e+00
4.928000000000000000e+05
3.280000000000000000e+04
0.000000000000000000e+00
0.000000000000000000e+00
5.023000000000000000e+05
3.803000000000000000e+05
1.100000000000000000e+03
0.000000000000000000e+00
5.033000000000000000e+05
1.627000000000000000e+05
0.000000000000000000e+00
0.000000000000000000e+00
5.023000000000000000e+05
1.282000000000000000e+05
0.000000000000000000e+00
0.000000000000000000e+00
4.874000000000000000e+05
1.940000000000000000e+04
0.000000000000000000e+00
0.000000000000000000e+00
5.049000000000000000e+05
8.580000000000000000e+04
0.000000000000000000e+00
0.000000000000000000e+00
4.879000000000000000e+05
7.200000000000000000e+03
0.000000000000000000e+00
0.000000000000000000e+00
4.759000000000000000e+05
5.000000000000000000e+03
0.000000000000000000e+00
0.000000000000000000e+00
3.866000000000000000e+05
0.000000000000000000e+00
0.000000000000000000e+00
0.000000000000000000e+00
4.995000000000000000e+05
3.157000000000000000e+05
8.000000000000000000e+02
0.000000000000000000e+00
4.947000000000000000e+05
1.048000000000000000e+05
0.000000000000000000e+00
0.000000000000000000e+00
5.092000000000000000e+05
7.320000000000000000e+04
0.000000000000000000e+00
0.000000000000000000e+00
4.967000000000000000e+05
7.900000000000000000e+03
0.000000000000000000e+00
0.000000000000000000e+00
4.964000000000000000e+05
5.130000000000000000e+04
0.000000000000000000e+00
0.000000000000000000e+00
4.902000000000000000e+05
2.800000000000000000e+03
0.000000000000000000e+00
0.000000000000000000e+00
4.809000000000000000e+05
1.500000000000000000e+03
0.000000000000000000e+00
0.000000000000000000e+00
3.509000000000000000e+05
0.000000000000000000e+00
0.000000000000000000e+00
0.000000000000000000e+00
4.974000000000000000e+05
2.990000000000000000e+04
0.000000000000000000e+00
0.000000000000000000e+00
4.754000000000000000e+05
1.300000000000000000e+03
0.000000000000000000e+00
0.000000000000000000e+00
4.604000000000000000e+05
9.000000000000000000e+02
0.000000000000000000e+00
0.000000000000000000e+00
3.020000000000000000e+05
0.000000000000000000e+00
0.000000000000000000e+00
0.000000000000000000e+00
4.465000000000000000e+05
3.000000000000000000e+02
0.000000000000000000e+00
0.000000000000000000e+00
2.653000000000000000e+05
0.000000000000000000e+00
0.000000000000000000e+00
0.000000000000000000e+00
2.270000000000000000e+05
0.000000000000000000e+00
0.000000000000000000e+00
0.000000000000000000e+00
5.540000000000000000e+04
0.000000000000000000e+00
0.000000000000000000e+00
0.000000000000000000e+00
