1.000000000000000000e+06
1.000000000000000000e+06
5.114000000000000000e+05
5.032000000000000000e+05
1.000000000000000000e+06
5.015000000000000000e+05
4.942000000000000000e+05
5.013000000000000000e+05
1.000000000000000000e+06
4.974000000000000000e+05
4.987000000000000000e+05
5.043000000000000000e+05
5.104000000000000000e+05
4.992000000000000000e+05
4.904000000000000000e+05
5.008000000000000000e+05
1.000000000000000000e+06
5.070000000000000000e+05
5.042000000000000000e+05
4.907000000000000000e+05
5.037000000000000000e+05
4.944000000000000000e+05
5.013000000000000000e+05
4.970000000000000000e+05
5.001000000000000000e+05
4.941000000000000000e+05
4.988000000000000000e+05
5.080000000000000000e+05
5.019000000000000000e+05
5.136000000000000000e+05
4.967000000000000000e+05
4.994000000000000000e+05
1.000000000000000000e+06
4.969000000000000000e+05
5.004000000000000000e+05
5.007000000000000000e+05
4.993000000000000000e+05
4.953000000000000000e+05
5.089000000000000000e+05
4.997000000000000000e+05
5.045000000000000000e+05
4.865000000000000000e+05
4.973000000000000000e+05
4.996000000000000000e+05
4.915000000000000000e+05
5.036000000000000000e+05
5.038000000000000000e+05
5.043000000000000000e+05
5.057000000000000000e+05
4.917000000000000000e+05
5.059000000000000000e+05
4.954000000000000000e+05
5.067000000000000000e+05
5.065000000000000000e+05
4.940000000000000000e+05
4.984000000000000000e+05
5.027000000000000000e+05
5.040000000000000000e+05
4.909000000000000000e+05
5.020000000000000000e+05
5.070000000000000000e+05
5.019000000000000000e+05
4.988000000000000000e+05
4.942000000000000000e+05
1.000000000000000000e+06
5.134000000000000000e+05
4.945000000000000000e+05
4.966000000000000000e+05
4.990000000000000000e+05
4.851000000000000000e+05
4.935000000000000000e+05
4.977000000000000000e+05
5.029000000000000000e+05
5.033000000000000000e+05
4.937000000000000000e+05
4.932000000000000000e+05
4.931000000000000000e+05
4.991000000000000000e+05
5.048000000000000000e+05
5.026000000000000000e+05
5.000000000000000000e+05
4.991000000000000000e+05
5.028000000000000000e+05
5.024000000000000000e+05
4.942000000000000000e+05
5.047000000000000000e+05
4.966000000000000000e+05
4.921000000000000000e+05
5.038000000000000000e+05
4.939000000000000000e+05
4.964000000000000000e+05
5.019000000000000000e+05
4.964000000000000000e+05
5.041000000000000000e+05
5.021000000000000000e+05
5.016000000000000000e+05
4.967000000000000000e+05
5.004000000000000000e+05
5.000000000000000000e+05
4.974000000000000000e+05
5.038000000000000000e+05
4.951000000000000000e+05
5.033000000000000000e+05
5.053000000000000000e+05
5.057000000000000000e+05
5.060000000000000000e+05
4.995000000000000000e+05
5.079000000000000000e+05
4.949000000000000000e+05
5.038000000000000000e+05
4.992000000000000000e+05
4.960000000000000000e+05
5.046000000000000000e+05
5.014000000000000000e+05
4.965000000000000000e+05
4.991000000000000000e+05
5.018000000000000000e+05
4.979000000000000000e+05
4.901000000000000000e+05
5.012000000000000000e+05
5.088000000000000000e+05
5.062000000000000000e+05
4.968000000000000000e+05
4.917000000000000000e+05
5.035000000000000000e+05
4.978000000000000000e+05
4.936000000000000000e+05
4.158000000000000000e+05
1.000000000000000000e+06
5.025000000000000000e+05
4.981000000000000000e+05
5.083000000000000000e+05
4.982000000000000000e+05
5.013000000000000000e+05
4.982000000000000000e+05
4.973000000000000000e+05
5.054000000000000000e+05
4.900000000000000000e+05
5.044000000000000000e+05
5.008000000000000000e+05
4.990000000000000000e+05
4.972000000000000000e+05
5.006000000000000000e+05
4.889000000000000000e+05
4.940000000000000000e+05
5.003000000000000000e+05
5.021000000000000000e+05
4.924000000000000000e+05
5.021000000000000000e+05
4.942000000000000000e+05
5.046000000000000000e+05
5.031000000000000000e+05
5.016000000000000000e+05
4.955000000000000000e+05
5.041000000000000000e+05
4.998000000000000000e+05
5.046000000000000000e+05
5.037000000000000000e+05
4.977000000000000000e+05
4.908000000000000000e+05
5.066000000000000000e+05
4.982000000000000000e+05
4.983000000000000000e+05
4.978000000000000000e+05
4.934000000000000000e+05
5.000000000000000000e+05
4.947000000000000000e+05
4.938000000000000000e+05
4.997000000000000000e+05
4.956000000000000000e+05
4.962000000000000000e+05
5.025000000000000000e+05
5.020000000000000000e+05
5.036000000000000000e+05
5.034000000000000000e+05
4.950000000000000000e+05
4.934000000000000000e+05
5.035000000000000000e+05
4.997000000000000000e+05
5.050000000000000000e+05
4.964000000000000000e+05
4.961000000000000000e+05
4.984000000000000000e+05
4.849000000000000000e+05
5.022000000000000000e+05
4.998000000000000000e+05
5.018000000000000000e+05
4.897000000000000000e+05
4.968000000000000000e+05
5.029000000000000000e+05
4.996000000000000000e+05
3.882000000000000000e+05
4.982000000000000000e+05
4.983000000000000000e+05
5.053000000000000000e+05
4.930000000000000000e+05
5.006000000000000000e+05
4.984000000000000000e+05
4.987000000000000000e+05
4.998000000000000000e+05
4.964000000000000000e+05
4.987000000000000000e+05
4.888000000000000000e+05
5.029000000000000000e+05
4.965000000000000000e+05
4.911000000000000000e+05
4.973000000000000000e+05
4.863000000000000000e+05
5.038000000000000000e+05
5.044000000000000000e+05
4.986000000000000000e+05
4.966000000000000000e+05
5.025000000000000000e+05
5.055000000000000000e+05
4.973000000000000000e+05
4.901000000000000000e+05
5.007000000000000000e+05
4.922000000000000000e+05
5.014000000000000000e+05
4.747000000000000000e+05
4.959000000000000000e+05
4.965000000000000000e+05
5.009000000000000000e+05
3.361000000000000000e+05
4.963000000000000000e+05
5.016000000000000000e+05
4.979000000000000000e+05
5.066000000000000000e+05
4.948000000000000000e+05
4.952000000000000000e+05
5.064000000000000000e+05
4.730000000000000000e+05
5.061000000000000000e+05
5.077000000000000000e+05
5.041000000000000000e+05
4.595000000000000000e+05
5.007000000000000000e+05
4.936000000000000000e+05
5.087000000000000000e+05
2.937000000000000000e+05
4.802000000000000000e+05
5.005000000000000000e+05
4.955000000000000000e+05
4.341000000000000000e+05
5.001000000000000000e+05
4.974000000000000000e+05
4.979000000000000000e+05
2.445000000000000000e+05
5.046000000000000000e+05
5.027000000000000000e+05
4.970000000000000000e+05
2.125000000000000000e+05
5.022000000000000000e+05
5.120000000000000000e+05
4.560000000000000000e+05
5.060000000000000000e+04
1.000000000000000000e+06
5.054000000000000000e+05
4.944000000000000000e+05
4.977000000000000000e+05
4.919000000000000000e+05
4.900000000000000000e+05
5.019000000000000000e+05
5.037000000000000000e+05
5.035000000000000000e+05
5.039000000000000000e+05
5.019000000000000000e+05
4.985000000000000000e+05
4.947000000000000000e+05
5.022000000000000000e+05
5.055000000000000000e+05
4.993000000000000000e+05
5.028000000000000000e+05
4.968000000000000000e+05
4.933000000000000000e+05
5.018000000000000000e+05
4.904000000000000000e+05
5.006000000000000000e+05
4.927000000000000000e+05
5.059000000000000000e+05
4.922000000000000000e+05
5.073000000000000000e+05
4.993000000000000000e+05
5.005000000000000000e+05
4.939000000000000000e+05
5.023000000000000000e+05
4.942000000000000000e+05
4.892000000000000000e+05
5.025000000000000000e+05
5.069000000000000000e+05
4.919000000000000000e+05
5.062000000000000000e+05
5.030000000000000000e+05
4.967000000000000000e+05
4.991000000000000000e+05
4.934000000000000000e+05
5.079000000000000000e+05
4.949000000000000000e+05
5.003000000000000000e+05
5.027000000000000000e+05
5.054000000000000000e+05
4.877000000000000000e+05
4.941000000000000000e+05
4.851000000000000000e+05
5.063000000000000000e+05
4.922000000000000000e+05
5.045000000000000000e+05
5.026000000000000000e+05
4.952000000000000000e+05
4.975000000000000000e+05
5.045000000000000000e+05
4.684000000000000000e+05
4.993000000000000000e+05
5.108000000000000000e+05
4.954000000000000000e+05
4.653000000000000000e+05
5.091000000000000000e+05
5.018000000000000000e+05
4.956000000000000000e+05
3.133000000000000000e+05
5.110000000000000000e+05
5.007000000000000000e+05
5.038000000000000000e+05
5.000000000000000000e+05
5.014000000000000000e+05
5.004000000000000000e+05
4.847000000000000000e+05
4.948000000000000000e+05
4.990000000000000000e+05
5.010000000000000000e+05
4.944000000000000000e+05
5.019000000000000000e+05
4.984000000000000000e+05
5.014000000000000000e+05
5.010000000000000000e+05
4.700000000000000000e+05
4.946000000000000000e+05
4.969000000000000000e+05
5.046000000000000000e+05
5.006000000000000000e+05
5.018000000000000000e+05
4.964000000000000000e+05
4.934000000000000000e+05
4.524000000000000000e+05
4.983000000000000000e+05
5.030000000000000000e+05
4.994000000000000000e+05
4.439000000000000000e+05
4.987000000000000000e+05
5.021000000000000000e+05
4.992000000000000000e+05
2.591000000000000000e+05
5.065000000000000000e+05
5.046000000000000000e+05
5.045000000000000000e+05
4.888000000000000000e+05
4.991000000000000000e+05
5.003000000000000000e+05
4.958000000000000000e+05
4.309000000000000000e+05
5.008000000000000000e+05
4.948000000000000000e+05
5.070000000000000000e+05
4.048000000000000000e+05
4.872000000000000000e+05
5.033000000000000000e+05
4.942000000000000000e+05
2.043000000000000000e+05
5.025000000000000000e+05
5.008000000000000000e+05
5.044000000000000000e+05
3.731000000000000000e+05
4.991000000000000000e+05
4.967000000000000000e+05
5.013000000000000000e+05
1.581000000000000000e+05
5.058000000000000000e+05
5.035000000000000000e+05
4.976000000000000000e+05
1.229000000000000000e+05
5.054000000000000000e+05
4.994000000000000000e+05
4.411000000000000000e+05
1.770000000000000000e+04
4.918000000000000000e+05
4.906000000000000000e+05
4.921000000000000000e+05
5.083000000000000000e+05
4.943000000000000000e+05
5.094000000000000000e+05
5.037000000000000000e+05
5.008000000000000000e+05
5.028000000000000000e+05
4.936000000000000000e+05
5.019000000000000000e+05
5.106000000000000000e+05
5.005000000000000000e+05
5.017000000000000000e+05
5.020000000000000000e+05
4.326000000000000000e+05
4.962000000000000000e+05
5.028000000000000000e+05
5.013000000000000000e+05
4.978000000000000000e+05
5.076000000000000000e+05
5.000000000000000000e+05
5.007000000000000000e+05
4.127000000000000000e+05
4.952000000000000000e+05
5.007000000000000000e+05
5.014000000000000000e+05
3.926000000000000000e+05
4.960000000000000000e+05
5.059000000000000000e+05
4.958000000000000000e+05
1.868000000000000000e+05
5.036000000000000000e+05
5.001000000000000000e+05
5.087000000000000000e+05
4.820000000000000000e+05
5.080000000000000000e+05
5.082000000000000000e+05
5.036000000000000000e+05
3.637000000000000000e+05
4.962000000000000000e+05
5.093000000000000000e+05
4.987000000000000000e+05
3.347000000000000000e+05
5.051000000000000000e+05
4.975000000000000000e+05
4.995000000000000000e+05
1.317000000000000000e+05
5.007000000000000000e+05
4.974000000000000000e+05
4.903000000000000000e+05
2.920000000000000000e+05
5.007000000000000000e+05
4.952000000000000000e+05
4.901000000000000000e+05
8.450000000000000000e+04
4.959000000000000000e+05
4.952000000000000000e+05
4.940000000000000000e+05
6.490000000000000000e+04
4.990000000000000000e+05
5.035000000000000000e+05
4.032000000000000000e+05
4.100000000000000000e+03
4.959000000000000000e+05
5.054000000000000000e+05
5.044000000000000000e+05
4.715000000000000000e+05
5.025000000000000000e+05
5.037000000000000000e+05
4.952000000000000000e+05
2.945000000000000000e+05
5.083000000000000000e+05
4.957000000000000000e+05
4.994000000000000000e+05
2.603000000000000000e+05
4.963000000000000000e+05
4.950000000000000000e+05
4.947000000000000000e+05
7.500000000000000000e+04
5.040000000000000000e+05
5.035000000000000000e+05
4.995000000000000000e+05
2.141000000000000000e+05
4.903000000000000000e+05
4.975000000000000000e+05
4.868000000000000000e+05
4.510000000000000000e+04
5.005000000000000000e+05
5.064000000000000000e+05
4.877000000000000000e+05
2.940000000000000000e+04
5.000000000000000000e+05
5.010000000000000000e+05
3.698000000000000000e+05
1.500000000000000000e+03
5.005000000000000000e+05
5.065000000000000000e+05
4.986000000000000000e+05
1.500000000000000000e+05
5.035000000000000000e+05
5.071000000000000000e+05
4.815000000000000000e+05
2.260000000000000000e+04
4.984000000000000000e+05
4.981000000000000000e+05
4.632000000000000000e+05
1.480000000000000000e+04
5.050000000000000000e+05
4.998000000000000000e+05
3.363000000000000000e+05
3.000000000000000000e+02
5.019000000000000000e+05
5.000000000000000000e+05
4.694000000000000000e+05
7.300000000000000000e+03
4.973000000000000000e+05
4.953000000000000000e+05
2.925000000000000000e+05
1.000000000000000000e+02
5.052000000000000000e+05
5.032000000000000000e+05
2.564000000000000000e+05
2.000000000000000000e+02
4.968000000000000000e+05
4.626000000000000000e+05
7.000000000000000000e+04
0.000000000000000000e+00
1.000000000000000000e+06
5.059000000000000000e+05
5.001000000000000000e+05
5.073000000000000000e+05
5.043000000000000000e+05
4.925000000000000000e+05
5.081000000000000000e+05
5.020000000000000000e+05
5.005000000000000000e+05
5.034000000000000000e+05
4.967000000000000000e+05
5.032000000000000000e+05
4.931000000000000000e+05
4.949000000000000000e+05
4.993000000000000000e+05
4.954000000000000000e+05
5.038000000000000000e+05
5.120000000000000000e+05
5.044000000000000000e+05
5.040000000000000000e+05
5.051000000000000000e+05
5.028000000000000000e+05
4.945000000000000000e+05
4.990000000000000000e+05
5.041000000000000000e+05
4.940000000000000000e+05
4.987000000000000000e+05
4.991000000000000000e+05
5.003000000000000000e+05
4.990000000000000000e+05
4.999000000000000000e+05
4.605000000000000000e+05
4.976000000000000000e+05
4.939000000000000000e+05
4.901000000000000000e+05
5.051000000000000000e+05
5.068000000000000000e+05
4.997000000000000000e+05
5.031000000000000000e+05
4.946000000000000000e+05
5.013000000000000000e+05
4.978000000000000000e+05
5.096000000000000000e+05
4.950000000000000000e+05
5.041000000000000000e+05
4.903000000000000000e+05
4.945000000000000000e+05
4.530000000000000000e+05
5.037000000000000000e+05
5.030000000000000000e+05
5.026000000000000000e+05
4.947000000000000000e+05
4.965000000000000000e+05
4.982000000000000000e+05
5.075000000000000000e+05
4.224000000000000000e+05
5.042000000000000000e+05
5.089000000000000000e+05
4.916000000000000000e+05
4.108000000000000000e+05
4.982000000000000000e+05
4.993000000000000000e+05
4.965000000000000000e+05
2.108000000000000000e+05
5.030000000000000000e+05
4.986000000000000000e+05
4.928000000000000000e+05
4.982000000000000000e+05
5.097000000000000000e+05
5.011000000000000000e+05
5.041000000000000000e+05
5.013000000000000000e+05
5.024000000000000000e+05
5.002000000000000000e+05
5.034000000000000000e+05
4.921000000000000000e+05
5.017000000000000000e+05
4.951000000000000000e+05
4.875000000000000000e+05
4.120000000000000000e+05
5.030000000000000000e+05
4.982000000000000000e+05
4.970000000000000000e+05
4.902000000000000000e+05
5.015000000000000000e+05
4.886000000000000000e+05
5.023000000000000000e+05
3.924000000000000000e+05
5.000000000000000000e+05
5.000000000000000000e+05
5.013000000000000000e+05
3.588000000000000000e+05
5.043000000000000000e+05
5.025000000000000000e+05
5.001000000000000000e+05
1.452000000000000000e+05
5.051000000000000000e+05
5.004000000000000000e+05
5.046000000000000000e+05
4.785000000000000000e+05
4.928000000000000000e+05
5.066000000000000000e+05
4.993000000000000000e+05
3.298000000000000000e+05
5.027000000000000000e+05
5.035000000000000000e+05
5.015000000000000000e+05
3.042000000000000000e+05
5.014000000000000000e+05
5.002000000000000000e+05
4.926000000000000000e+05
9.910000000000000000e+04
5.110000000000000000e+05
5.081000000000000000e+05
5.023000000000000000e+05
2.409000000000000000e+05
5.000000000000000000e+05
5.038000000000000000e+05
4.801000000000000000e+05
6.130000000000000000e+04
5.034000000000000000e+05
4.938000000000000000e+05
4.928000000000000000e+05
4.440000000000000000e+04
4.999000000000000000e+05
5.039000000000000000e+05
3.886000000000000000e+05
3.000000000000000000e+03
5.000000000000000000e+05
5.011000000000000000e+05
5.013000000000000000e+05
5.004000000000000000e+05
5.013000000000000000e+05
5.033000000000000000e+05
4.949000000000000000e+05
4.825000000000000000e+05
5.060000000000000000e+05
4.917000000000000000e+05
5.027000000000000000e+05
4.811000000000000000e+05
4.904000000000000000e+05
4.957000000000000000e+05
5.044000000000000000e+05
3.436000000000000000e+05
4.965000000000000000e+05
4.877000000000000000e+05
5.050000000000000000e+05
4.662000000000000000e+05
5.007000000000000000e+05
4.987000000000000000e+05
4.968000000000000000e+05
3.125000000000000000e+05
4.940000000000000000e+05
4.997000000000000000e+05
4.940000000000000000e+05
2.704000000000000000e+05
5.055000000000000000e+05
5.027000000000000000e+05
4.887000000000000000e+05
7.970000000000000000e+04
5.009000000000000000e+05
4.980000000000000000e+05
4.930000000000000000e+05
4.408000000000000000e+05
5.031000000000000000e+05
5.026000000000000000e+05
4.947000000000000000e+05
2.515000000000000000e+05
5.033000000000000000e+05
5.026000000000000000e+05
4.975000000000000000e+05
2.098000000000000000e+05
5.067000000000000000e+05
5.011000000000000000e+05
4.934000000000000000e+05
4.910000000000000000e+04
5.059000000000000000e+05
4.965000000000000000e+05
4.987000000000000000e+05
1.553000000000000000e+05
5.055000000000000000e+05
4.965000000000000000e+05
4.740000000000000000e+05
2.440000000000000000e+04
4.967000000000000000e+05
5.031000000000000000e+05
4.731000000000000000e+05
1.530000000000000000e+04
5.021000000000000000e+05
4.924000000000000000e+05
3.407000000000000000e+05
4.000000000000000000e+02
5.042000000000000000e+05
5.028000000000000000e+05
4.961000000000000000e+05
3.886000000000000000e+05
5.090000000000000000e+05
5.036000000000000000e+05
4.972000000000000000e+05
1.820000000000000000e+05
4.981000000000000000e+05
4.969000000000000000e+05
5.024000000000000000e+05
1.356000000000000000e+05
5.022000000000000000e+05
5.001000000000000000e+05
4.781000000000000000e+05
1.960000000000000000e+04
5.004000000000000000e+05
5.057000000000000000e+05
4.949000000000000000e+05
9.900000000000000000e+04
5.033000000000000000e+05
4.967000000000000000e+05
4.652000000000000000e+05
1.040000000000000000e+04
4.964000000000000000e+05
5.038000000000000000e+05
4.580000000000000000e+05
6.500000000000000000e+03
4.970000000000000000e+05
4.978000000000000000e+05
3.004000000000000000e+05
0.000000000000000000e+00
5.027000000000000000e+05
5.010000000000000000e+05
4.998000000000000000e+05
6.250000000000000000e+04
4.888000000000000000e+05
4.959000000000000000e+05
4.538000000000000000e+05
5.400000000000000000e+03
5.016000000000000000e+05
4.960000000000000000e+05
4.280000000000000000e+05
2.700000000000000000e+03
5.005000000000000000e+05
4.967000000000000000e+05
2.495000000000000000e+05
0.000000000000000000e+00
4.906000000000000000e+05
5.067000000000000000e+05
4.063000000000000000e+05
7.000000000000000000e+02
4.978000000000000000e+05
4.943000000000000000e+05
1.945000000000000000e+05
0.000000000000000000e+00
5.040000000000000000e+05
4.968000000000000000e+05
1.629000000000000000e+05
0.000000000000000000e+00
4.881000000000000000e+05
4.445000000000000000e+05
2.720000000000000000e+04
0.000000000000000000e+00
4.979000000000000000e+05
5.032000000000000000e+05
4.935000000000000000e+05
4.990000000000000000e+05
4.888000000000000000e+05
4.922000000000000000e+05
5.029000000000000000e+05
4.584000000000000000e+05
5.026000000000000000e+05
4.950000000000000000e+05
4.934000000000000000e+05
4.401000000000000000e+05
5.061000000000000000e+05
4.976000000000000000e+05
4.993000000000000000e+05
2.457000000000000000e+05
4.986000000000000000e+05
5.006000000000000000e+05
4.893000000000000000e+05
4.071000000000000000e+05
5.004000000000000000e+05
5.004000000000000000e+05
5.056000000000000000e+05
2.011000000000000000e+05
5.042000000000000000e+05
4.938000000000000000e+05
5.015000000000000000e+05
1.609000000000000000e+05
4.977000000000000000e+05
4.994000000000000000e+05
4.772000000000000000e+05
2.700000000000000000e+04
5.000000000000000000e+05
4.997000000000000000e+05
5.043000000000000000e+05
3.611000000000000000e+05
4.889000000000000000e+05
5.033000000000000000e+05
5.023000000000000000e+05
1.429000000000000000e+05
5.036000000000000000e+05
4.990000000000000000e+05
4.982000000000000000e+05
1.150000000000000000e+05
4.989000000000000000e+05
5.029000000000000000e+05
4.725000000000000000e+05
1.440000000000000000e+04
4.959000000000000000e+05
5.004000000000000000e+05
4.999000000000000000e+05
7.140000000000000000e+04
4.888000000000000000e+05
5.006000000000000000e+05
4.395000000000000000e+05
4.600000000000000000e+03
5.020000000000000000e+05
4.950000000000000000e+05
4.401000000000000000e+05
3.000000000000000000e+03
4.956000000000000000e+05
5.017000000000000000e+05
2.643000000000000000e+05
0.000000000000000000e+00
5.053000000000000000e+05
5.064000000000000000e+05
5.100000000000000000e+05
2.890000000000000000e+05
5.095000000000000000e+05
4.972000000000000000e+05
5.010000000000000000e+05
8.710000000000000000e+04
5.060000000000000000e+05
5.022000000000000000e+05
4.915000000000000000e+05
6.170000000000000000e+04
5.077000000000000000e+05
4.976000000000000000e+05
4.446000000000000000e+05
4.300000000000000000e+03
5.082000000000000000e+05
4.918000000000000000e+05
4.983000000000000000e+05
3.950000000000000000e+04
5.024000000000000000e+05
4.981000000000000000e+05
4.274000000000000000e+05
2.700000000000000000e+03
4.977000000000000000e+05
5.059000000000000000e+05
4.108000000000000000e+05
1.400000000000000000e+03
5.010000000000000000e+05
4.966000000000000000e+05
2.119000000000000000e+05
0.000000000000000000e+00
4.937000000000000000e+05
5.055000000000000000e+05
4.969000000000000000e+05
2.270000000000000000e+04
4.950000000000000000e+05
5.000000000000000000e+05
3.942000000000000000e+05
8.000000000000000000e+02
5.017000000000000000e+05
5.050000000000000000e+05
3.562000000000000000e+05
7.000000000000000000e+02
5.026000000000000000e+05
4.990000000000000000e+05
1.545000000000000000e+05
0.000000000000000000e+00
5.048000000000000000e+05
5.027000000000000000e+05
3.290000000000000000e+05
2.000000000000000000e+02
4.968000000000000000e+05
4.921000000000000000e+05
1.131000000000000000e+05
0.000000000000000000e+00
5.032000000000000000e+05
5.016000000000000000e+05
8.350000000000000000e+04
0.000000000000000000e+00
4.969000000000000000e+05
4.286000000000000000e+05
9.200000000000000000e+03
0.000000000000000000e+00
5.019000000000000000e+05
4.986000000000000000e+05
5.001000000000000000e+05
2.071000000000000000e+05
5.049000000000000000e+05
4.992000000000000000e+05
4.944000000000000000e+05
4.560000000000000000e+04
4.967000000000000000e+05
5.095000000000000000e+05
4.955000000000000000e+05
2.780000000000000000e+04
4.960000000000000000e+05
4.955000000000000000e+05
4.103000000000000000e+05
1.000000000000000000e+03
5.034000000000000000e+05
5.054000000000000000e+05
4.835000000000000000e+05
1.660000000000000000e+04
4.968000000000000000e+05
4.992000000000000000e+05
3.737000000000000000e+05
5.000000000000000000e+02
4.968000000000000000e+05
5.038000000000000000e+05
3.453000000000000000e+05
3.000000000000000000e+02
4.962000000000000000e+05
4.980000000000000000e+05
1.350000000000000000e+05
0.000000000000000000e+00
5.037000000000000000e+05
5.061000000000000000e+05
4.773000000000000000e+05
9.100000000000000000e+03
4.951000000000000000e+05
5.085000000000000000e+05
3.247000000000000000e+05
1.000000000000000000e+02
5.098000000000000000e+05
4.996000000000000000e+05
2.833000000000000000e+05
0.000000000000000000e+00
4.974000000000000000e+05
4.890000000000000000e+05
8.920000000000000000e+04
0.000000000000000000e+00
5.019000000000000000e+05
5.005000000000000000e+05
2.316000000000000000e+05
0.000000000000000000e+00
5.022000000000000000e+05
4.966000000000000000e+05
5.970000000000000000e+04
0.000000000000000000e+00
4.991000000000000000e+05
4.934000000000000000e+05
3.620000000000000000e+04
0.000000000000000000e+00
4.930000000000000000e+05
4.087000000000000000e+05
2.200000000000000000e+03
0.000000000000000000e+00
5.065000000000000000e+05
4.996000000000000000e+05
4.391000000000000000e+05
5.000000000000000000e+03
5.014000000000000000e+05
4.964000000000000000e+05
2.475000000000000000e+05
2.000000000000000000e+02
5.071000000000000000e+05
4.941000000000000000e+05
2.045000000000000000e+05
0.000000000000000000e+00
5.026000000000000000e+05
4.892000000000000000e+05
4.590000000000000000e+04
0.000000000000000000e+00
5.064000000000000000e+05
4.983000000000000000e+05
1.520000000000000000e+05
0.000000000000000000e+00
5.008000000000000000e+05
4.958000000000000000e+05
2.710000000000000000e+04
0.000000000000000000e+00
5.018000000000000000e+05
4.790000000000000000e+05
1.580000000000000000e+04
0.000000000000000000e+00
4.926000000000000000e+05
3.788000000000000000e+05
4.000000000000000000e+02
0.000000000000000000e+00
4.989000000000000000e+05
4.955000000000000000e+05
1.115000000000000000e+05
0.000000000000000000e+00
5.028000000000000000e+05
4.721000000000000000e+05
1.340000000000000000e+04
0.000000000000000000e+00
4.964000000000000000e+05
4.672000000000000000e+05
8.100000000000000000e+03
0.000000000000000000e+00
4.913000000000000000e+05
3.331000000000000000e+05
1.000000000000000000e+02
0.000000000000000000e+00
4.965000000000000000e+05
4.509000000000000000e+05
5.600000000000000000e+03
0.000000000000000000e+00
4.869000000000000000e+05
2.988000000000000000e+05
0.000000000000000000e+00
0.000000000000000000e+00
4.829000000000000000e+05
2.547000000000000000e+05
0.000000000000000000e+00
0.000000000000000000e+00
3.586000000000000000e+05
7.210000000000000000e+04
0.000000000000000000e+00
0.000000000000000000e+00
