1.000000000000000000e+06
9.544000000000000000e+05
5.046000000000000000e+05
5.113000000000000000e+05
1.000000000000000000e+06
5.046000000000000000e+05
4.938000000000000000e+05
4.982000000000000000e+05
1.000000000000000000e+06
4.931000000000000000e+05
4.917000000000000000e+05
5.005000000000000000e+05
5.036000000000000000e+05
4.957000000000000000e+05
5.089000000000000000e+05
5.008000000000000000e+05
1.000000000000000000e+06
5.069000000000000000e+05
5.090000000000000000e+05
4.941000000000000000e+05
5.001000000000000000e+05
5.063000000000000000e+05
5.080000000000000000e+05
4.985000000000000000e+05
5.070000000000000000e+05
5.042000000000000000e+05
4.886000000000000000e+05
5.091000000000000000e+05
5.086000000000000000e+05
5.104000000000000000e+05
4.916000000000000000e+05
4.985000000000000000e+05
1.000000000000000000e+06
4.949000000000000000e+05
5.025000000000000000e+05
4.970000000000000000e+05
5.082000000000000000e+05
5.028000000000000000e+05
4.960000000000000000e+05
5.046000000000000000e+05
4.907000000000000000e+05
5.063000000000000000e+05
4.984000000000000000e+05
5.013000000000000000e+05
5.029000000000000000e+05
4.924000000000000000e+05
4.919000000000000000e+05
5.105000000000000000e+05
5.008000000000000000e+05
5.067000000000000000e+05
5.063000000000000000e+05
4.960000000000000000e+05
4.890000000000000000e+05
4.965000000000000000e+05
5.065000000000000000e+05
5.010000000000000000e+05
4.943000000000000000e+05
4.991000000000000000e+05
5.039000000000000000e+05
5.093000000000000000e+05
5.044000000000000000e+05
5.014000000000000000e+05
5.014000000000000000e+05
4.791000000000000000e+05
1.000000000000000000e+06
5.052000000000000000e+05
5.009000000000000000e+05
4.959000000000000000e+05
5.016000000000000000e+05
4.884000000000000000e+05
5.018000000000000000e+05
5.004000000000000000e+05
5.032000000000000000e+05
4.914000000000000000e+05
5.074000000000000000e+05
5.027000000000000000e+05
5.068000000000000000e+05
4.981000000000000000e+05
5.007000000000000000e+05
4.993000000000000000e+05
4.987000000000000000e+05
4.986000000000000000e+05
5.019000000000000000e+05
4.942000000000000000e+05
5.018000000000000000e+05
4.936000000000000000e+05
4.937000000000000000e+05
4.972000000000000000e+05
5.063000000000000000e+05
4.971000000000000000e+05
5.075000000000000000e+05
4.974000000000000000e+05
5.061000000000000000e+05
5.072000000000000000e+05
4.955000000000000000e+05
4.638000000000000000e+05
4.912000000000000000e+05
5.012000000000000000e+05
5.006000000000000000e+05
5.074000000000000000e+05
5.096000000000000000e+05
5.043000000000000000e+05
5.036000000000000000e+05
5.055000000000000000e+05
4.978000000000000000e+05
5.007000000000000000e+05
4.918000000000000000e+05
5.021000000000000000e+05
5.005000000000000000e+05
5.065000000000000000e+05
5.021000000000000000e+05
4.534000000000000000e+05
5.065000000000000000e+05
4.956000000000000000e+05
4.977000000000000000e+05
4.973000000000000000e+05
5.026000000000000000e+05
4.978000000000000000e+05
5.045000000000000000e+05
4.451000000000000000e+05
5.003000000000000000e+05
4.987000000000000000e+05
5.054000000000000000e+05
4.275000000000000000e+05
4.983000000000000000e+05
4.993000000000000000e+05
4.915000000000000000e+05
2.369000000000000000e+05
1.000000000000000000e+06
5.087000000000000000e+05
5.082000000000000000e+05
4.922000000000000000e+05
5.035000000000000000e+05
4.996000000000000000e+05
5.051000000000000000e+05
5.018000000000000000e+05
5.063000000000000000e+05
5.044000000000000000e+05
4.971000000000000000e+05
4.958000000000000000e+05
5.035000000000000000e+05
5.060000000000000000e+05
4.899000000000000000e+05
4.915000000000000000e+05
5.041000000000000000e+05
5.006000000000000000e+05
4.973000000000000000e+05
4.968000000000000000e+05
4.989000000000000000e+05
5.011000000000000000e+05
4.973000000000000000e+05
5.024000000000000000e+05
4.986000000000000000e+05
4.972000000000000000e+05
4.929000000000000000e+05
5.021000000000000000e+05
4.901000000000000000e+05
5.028000000000000000e+05
4.988000000000000000e+05
4.491000000000000000e+05
5.019000000000000000e+05
5.029000000000000000e+05
4.965000000000000000e+05
5.043000000000000000e+05
4.992000000000000000e+05
4.937000000000000000e+05
4.897000000000000000e+05
4.985000000000000000e+05
5.008000000000000000e+05
5.036000000000000000e+05
5.007000000000000000e+05
5.044000000000000000e+05
4.932000000000000000e+05
4.963000000000000000e+05
5.000000000000000000e+05
4.338000000000000000e+05
5.000000000000000000e+05
5.039000000000000000e+05
4.986000000000000000e+05
4.914000000000000000e+05
4.999000000000000000e+05
5.042000000000000000e+05
4.944000000000000000e+05
3.988000000000000000e+05
4.968000000000000000e+05
5.039000000000000000e+05
5.017000000000000000e+05
3.901000000000000000e+05
4.967000000000000000e+05
5.023000000000000000e+05
4.911000000000000000e+05
1.761000000000000000e+05
5.072000000000000000e+05
4.999000000000000000e+05
5.019000000000000000e+05
4.988000000000000000e+05
4.911000000000000000e+05
5.005000000000000000e+05
5.049000000000000000e+05
4.927000000000000000e+05
5.022000000000000000e+05
5.052000000000000000e+05
4.951000000000000000e+05
4.872000000000000000e+05
5.047000000000000000e+05
5.068000000000000000e+05
5.012000000000000000e+05
3.770000000000000000e+05
4.976000000000000000e+05
5.005000000000000000e+05
5.043000000000000000e+05
4.806000000000000000e+05
4.982000000000000000e+05
5.026000000000000000e+05
5.042000000000000000e+05
3.505000000000000000e+05
5.075000000000000000e+05
4.879000000000000000e+05
5.000000000000000000e+05
3.241000000000000000e+05
5.006000000000000000e+05
4.963000000000000000e+05
4.770000000000000000e+05
1.145000000000000000e+05
4.951000000000000000e+05
5.087000000000000000e+05
5.057000000000000000e+05
4.650000000000000000e+05
4.930000000000000000e+05
5.055000000000000000e+05
5.010000000000000000e+05
2.976000000000000000e+05
5.063000000000000000e+05
5.003000000000000000e+05
4.946000000000000000e+05
2.570000000000000000e+05
5.026000000000000000e+05
4.952000000000000000e+05
4.765000000000000000e+05
7.030000000000000000e+04
4.999000000000000000e+05
5.058000000000000000e+05
4.967000000000000000e+05
2.030000000000000000e+05
5.031000000000000000e+05
4.950000000000000000e+05
4.536000000000000000e+05
4.600000000000000000e+04
5.077000000000000000e+05
5.040000000000000000e+05
4.465000000000000000e+05
2.590000000000000000e+04
4.957000000000000000e+05
5.024000000000000000e+05
2.873000000000000000e+05
7.000000000000000000e+02
1.000000000000000000e+06
5.032000000000000000e+05
4.996000000000000000e+05
4.942000000000000000e+05
5.006000000000000000e+05
5.021000000000000000e+05
5.059000000000000000e+05
4.971000000000000000e+05
5.001000000000000000e+05
4.998000000000000000e+05
4.964000000000000000e+05
4.950000000000000000e+05
5.020000000000000000e+05
5.040000000000000000e+05
5.006000000000000000e+05
4.975000000000000000e+05
5.045000000000000000e+05
5.029000000000000000e+05
5.040000000000000000e+05
4.949000000000000000e+05
4.985000000000000000e+05
4.876000000000000000e+05
4.947000000000000000e+05
4.923000000000000000e+05
5.007000000000000000e+05
5.059000000000000000e+05
5.060000000000000000e+05
4.891000000000000000e+05
4.996000000000000000e+05
5.032000000000000000e+05
4.874000000000000000e+05
4.046000000000000000e+05
4.944000000000000000e+05
4.985000000000000000e+05
5.037000000000000000e+05
5.046000000000000000e+05
4.971000000000000000e+05
4.968000000000000000e+05
5.003000000000000000e+05
4.854000000000000000e+05
5.014000000000000000e+05
4.998000000000000000e+05
4.969000000000000000e+05
4.866000000000000000e+05
4.923000000000000000e+05
5.026000000000000000e+05
4.967000000000000000e+05
3.595000000000000000e+05
5.024000000000000000e+05
4.943000000000000000e+05
4.919000000000000000e+05
4.740000000000000000e+05
5.000000000000000000e+05
4.971000000000000000e+05
4.990000000000000000e+05
3.170000000000000000e+05
4.987000000000000000e+05
5.033000000000000000e+05
4.988000000000000000e+05
2.853000000000000000e+05
5.059000000000000000e+05
4.953000000000000000e+05
4.726000000000000000e+05
8.750000000000000000e+04
4.988000000000000000e+05
4.929000000000000000e+05
4.974000000000000000e+05
5.094000000000000000e+05
5.067000000000000000e+05
5.093000000000000000e+05
5.071000000000000000e+05
4.759000000000000000e+05
5.047000000000000000e+05
4.971000000000000000e+05
5.037000000000000000e+05
4.598000000000000000e+05
5.033000000000000000e+05
5.010000000000000000e+05
5.099000000000000000e+05
2.991000000000000000e+05
4.969000000000000000e+05
4.913000000000000000e+05
5.025000000000000000e+05
4.360000000000000000e+05
5.007000000000000000e+05
5.020000000000000000e+05
5.013000000000000000e+05
2.497000000000000000e+05
4.990000000000000000e+05
5.016000000000000000e+05
5.066000000000000000e+05
2.073000000000000000e+05
4.958000000000000000e+05
4.915000000000000000e+05
4.662000000000000000e+05
4.650000000000000000e+04
4.849000000000000000e+05
4.988000000000000000e+05
5.030000000000000000e+05
3.938000000000000000e+05
5.044000000000000000e+05
4.939000000000000000e+05
4.942000000000000000e+05
1.863000000000000000e+05
5.013000000000000000e+05
5.017000000000000000e+05
4.945000000000000000e+05
1.533000000000000000e+05
5.009000000000000000e+05
5.025000000000000000e+05
4.491000000000000000e+05
2.600000000000000000e+04
4.993000000000000000e+05
4.991000000000000000e+05
5.004000000000000000e+05
1.087000000000000000e+05
5.017000000000000000e+05
5.034000000000000000e+05
4.461000000000000000e+05
1.390000000000000000e+04
4.993000000000000000e+05
4.994000000000000000e+05
4.194000000000000000e+05
7.400000000000000000e+03
5.006000000000000000e+05
4.960000000000000000e+05
2.273000000000000000e+05
0.000000000000000000e+00
5.040000000000000000e+05
4.921000000000000000e+05
4.939000000000000000e+05
4.962000000000000000e+05
5.025000000000000000e+05
5.060000000000000000e+05
4.933000000000000000e+05
4.318000000000000000e+05
5.046000000000000000e+05
4.977000000000000000e+05
4.906000000000000000e+05
4.117000000000000000e+05
5.046000000000000000e+05
4.950000000000000000e+05
4.974000000000000000e+05
2.110000000000000000e+05
4.996000000000000000e+05
5.033000000000000000e+05
5.009000000000000000e+05
3.776000000000000000e+05
5.006000000000000000e+05
4.998000000000000000e+05
4.943000000000000000e+05
1.621000000000000000e+05
5.020000000000000000e+05
5.064000000000000000e+05
4.976000000000000000e+05
1.281000000000000000e+05
5.034000000000000000e+05
5.053000000000000000e+05
4.451000000000000000e+05
1.610000000000000000e+04
5.125000000000000000e+05
5.016000000000000000e+05
4.945000000000000000e+05
3.099000000000000000e+05
4.950000000000000000e+05
5.011000000000000000e+05
4.991000000000000000e+05
1.051000000000000000e+05
4.990000000000000000e+05
5.020000000000000000e+05
4.902000000000000000e+05
7.980000000000000000e+04
5.018000000000000000e+05
4.968000000000000000e+05
4.172000000000000000e+05
7.600000000000000000e+03
4.906000000000000000e+05
4.959000000000000000e+05
4.905000000000000000e+05
4.660000000000000000e+04
5.049000000000000000e+05
4.994000000000000000e+05
3.872000000000000000e+05
1.300000000000000000e+03
4.997000000000000000e+05
5.019000000000000000e+05
3.742000000000000000e+05
1.100000000000000000e+03
4.969000000000000000e+05
5.002000000000000000e+05
1.623000000000000000e+05
0.000000000000000000e+00
5.066000000000000000e+05
4.970000000000000000e+05
4.919000000000000000e+05
2.399000000000000000e+05
4.928000000000000000e+05
5.000000000000000000e+05
4.921000000000000000e+05
5.860000000000000000e+04
4.874000000000000000e+05
5.004000000000000000e+05
4.902000000000000000e+05
4.020000000000000000e+04
4.954000000000000000e+05
4.945000000000000000e+05
3.848000000000000000e+05
2.200000000000000000e+03
5.059000000000000000e+05
5.033000000000000000e+05
4.854000000000000000e+05
2.490000000000000000e+04
4.969000000000000000e+05
5.069000000000000000e+05
3.337000000000000000e+05
8.000000000000000000e+02
4.995000000000000000e+05
4.942000000000000000e+05
3.114000000000000000e+05
5.000000000000000000e+02
4.932000000000000000e+05
5.000000000000000000e+05
1.063000000000000000e+05
0.000000000000000000e+00
4.949000000000000000e+05
4.961000000000000000e+05
4.548000000000000000e+05
1.430000000000000000e+04
5.047000000000000000e+05
4.925000000000000000e+05
2.915000000000000000e+05
1.000000000000000000e+02
5.024000000000000000e+05
4.981000000000000000e+05
2.541000000000000000e+05
2.000000000000000000e+02
5.029000000000000000e+05
4.953000000000000000e+05
6.750000000000000000e+04
0.000000000000000000e+00
5.035000000000000000e+05
4.996000000000000000e+05
1.998000000000000000e+05
1.000000000000000000e+02
5.028000000000000000e+05
4.866000000000000000e+05
4.080000000000000000e+04
0.000000000000000000e+00
5.018000000000000000e+05
4.779000000000000000e+05
2.460000000000000000e+04
0.000000000000000000e+00
4.974000000000000000e+05
3.754000000000000000e+05
7.000000000000000000e+02
0.000000000000000000e+00
1.000000000000000000e+06
4.878000000000000000e+05
4.990000000000000000e+05
4.983000000000000000e+05
5.001000000000000000e+05
4.980000000000000000e+05
4.971000000000000000e+05
4.946000000000000000e+05
5.007000000000000000e+05
5.030000000000000000e+05
4.957000000000000000e+05
4.943000000000000000e+05
4.992000000000000000e+05
5.015000000000000000e+05
4.998000000000000000e+05
4.804000000000000000e+05
5.016000000000000000e+05
4.977000000000000000e+05
5.040000000000000000e+05
4.942000000000000000e+05
4.958000000000000000e+05
4.956000000000000000e+05
5.008000000000000000e+05
4.745000000000000000e+05
4.924000000000000000e+05
5.036000000000000000e+05
4.975000000000000000e+05
4.653000000000000000e+05
4.925000000000000000e+05
4.955000000000000000e+05
4.973000000000000000e+05
2.798000000000000000e+05
5.034000000000000000e+05
5.004000000000000000e+05
4.991000000000000000e+05
5.027000000000000000e+05
4.966000000000000000e+05
4.948000000000000000e+05
5.056000000000000000e+05
4.512000000000000000e+05
5.025000000000000000e+05
5.016000000000000000e+05
4.979000000000000000e+05
4.314000000000000000e+05
5.005000000000000000e+05
5.011000000000000000e+05
4.954000000000000000e+05
2.422000000000000000e+05
5.014000000000000000e+05
4.975000000000000000e+05
5.020000000000000000e+05
4.022000000000000000e+05
5.035000000000000000e+05
5.051000000000000000e+05
4.941000000000000000e+05
1.904000000000000000e+05
4.964000000000000000e+05
4.968000000000000000e+05
4.977000000000000000e+05
1.531000000000000000e+05
4.907000000000000000e+05
4.891000000000000000e+05
4.464000000000000000e+05
2.360000000000000000e+04
4.957000000000000000e+05
5.020000000000000000e+05
5.117000000000000000e+05
4.971000000000000000e+05
5.001000000000000000e+05
5.017000000000000000e+05
4.929000000000000000e+05
4.081000000000000000e+05
4.981000000000000000e+05
4.986000000000000000e+05
5.010000000000000000e+05
3.845000000000000000e+05
4.973000000000000000e+05
4.999000000000000000e+05
4.991000000000000000e+05
1.749000000000000000e+05
5.049000000000000000e+05
4.990000000000000000e+05
4.937000000000000000e+05
3.337000000000000000e+05
4.947000000000000000e+05
4.997000000000000000e+05
5.003000000000000000e+05
1.269000000000000000e+05
5.028000000000000000e+05
5.033000000000000000e+05
4.920000000000000000e+05
9.190000000000000000e+04
4.933000000000000000e+05
5.038000000000000000e+05
4.295000000000000000e+05
7.800000000000000000e+03
4.970000000000000000e+05
4.990000000000000000e+05
4.985000000000000000e+05
2.709000000000000000e+05
5.028000000000000000e+05
4.894000000000000000e+05
4.929000000000000000e+05
7.650000000000000000e+04
5.016000000000000000e+05
5.071000000000000000e+05
5.051000000000000000e+05
5.370000000000000000e+04
5.037000000000000000e+05
5.045000000000000000e+05
4.008000000000000000e+05
4.100000000000000000e+03
4.994000000000000000e+05
5.011000000000000000e+05
4.769000000000000000e+05
3.400000000000000000e+04
5.029000000000000000e+05
5.058000000000000000e+05
3.663000000000000000e+05
1.500000000000000000e+03
4.972000000000000000e+05
4.964000000000000000e+05
3.451000000000000000e+05
6.000000000000000000e+02
4.994000000000000000e+05
5.033000000000000000e+05
1.353000000000000000e+05
0.000000000000000000e+00
4.992000000000000000e+05
4.969000000000000000e+05
5.006000000000000000e+05
4.717000000000000000e+05
4.978000000000000000e+05
5.009000000000000000e+05
4.912000000000000000e+05
3.314000000000000000e+05
4.890000000000000000e+05
5.014000000000000000e+05
4.912000000000000000e+05
2.945000000000000000e+05
4.997000000000000000e+05
4.985000000000000000e+05
4.904000000000000000e+05
9.840000000000000000e+04
4.907000000000000000e+05
5.047000000000000000e+05
5.057000000000000000e+05
2.457000000000000000e+05
5.045000000000000000e+05
5.069000000000000000e+05
4.857000000000000000e+05
6.170000000000000000e+04
4.976000000000000000e+05
4.980000000000000000e+05
4.947000000000000000e+05
4.030000000000000000e+04
4.997000000000000000e+05
4.917000000000000000e+05
3.795000000000000000e+05
1.700000000000000000e+03
4.972000000000000000e+05
5.043000000000000000e+05
4.960000000000000000e+05
1.776000000000000000e+05
4.968000000000000000e+05
5.020000000000000000e+05
4.851000000000000000e+05
3.690000000000000000e+04
5.018000000000000000e+05
4.995000000000000000e+05
4.884000000000000000e+05
2.320000000000000000e+04
4.999000000000000000e+05
5.064000000000000000e+05
3.459000000000000000e+05
1.100000000000000000e+03
4.974000000000000000e+05
4.969000000000000000e+05
4.681000000000000000e+05
1.030000000000000000e+04
4.950000000000000000e+05
5.011000000000000000e+05
3.024000000000000000e+05
0.000000000000000000e+00
4.993000000000000000e+05
5.073000000000000000e+05
2.703000000000000000e+05
0.000000000000000000e+00
5.026000000000000000e+05
4.918000000000000000e+05
7.600000000000000000e+04
0.000000000000000000e+00
5.059000000000000000e+05
4.987000000000000000e+05
5.049000000000000000e+05
1.232000000000000000e+05
4.963000000000000000e+05
4.945000000000000000e+05
4.646000000000000000e+05
1.660000000000000000e+04
4.998000000000000000e+05
5.018000000000000000e+05
4.484000000000000000e+05
1.010000000000000000e+04
5.063000000000000000e+05
5.067000000000000000e+05
2.898000000000000000e+05
1.000000000000000000e+02
5.083000000000000000e+05
4.984000000000000000e+05
4.368000000000000000e+05
6.200000000000000000e+03
5.081000000000000000e+05
4.994000000000000000e+05
2.440000000000000000e+05
1.000000000000000000e+02
5.045000000000000000e+05
5.027000000000000000e+05
1.901000000000000000e+05
0.000000000000000000e+00
4.951000000000000000e+05
4.850000000000000000e+05
4.410000000000000000e+04
0.000000000000000000e+00
4.973000000000000000e+05
5.015000000000000000e+05
3.980000000000000000e+05
2.400000000000000000e+03
5.075000000000000000e+05
4.970000000000000000e+05
1.736000000000000000e+05
0.000000000000000000e+00
4.959000000000000000e+05
5.010000000000000000e+05
1.415000000000000000e+05
0.000000000000000000e+00
4.985000000000000000e+05
4.836000000000000000e+05
2.150000000000000000e+04
0.000000000000000000e+00
4.995000000000000000e+05
5.010000000000000000e+05
9.880000000000000000e+04
0.000000000000000000e+00
4.985000000000000000e+05
4.786000000000000000e+05
1.000000000000000000e+04
0.000000000000000000e+00
5.035000000000000000e+05
4.671000000000000000e+05
7.600000000000000000e+03
0.000000000000000000e+00
4.848000000000000000e+05
3.360000000000000000e+05
2.000000000000000000e+02
0.000000000000000000e+00
4.956000000000000000e+05
4.985000000000000000e+05
4.942000000000000000e+05
4.353000000000000000e+05
4.973000000000000000e+05
4.954000000000000000e+05
5.053000000000000000e+05
2.303000000000000000e+05
5.077000000000000000e+05
4.921000000000000000e+05
4.937000000000000000e+05
1.940000000000000000e+05
4.974000000000000000e+05
5.025000000000000000e+05
4.820000000000000000e+05
3.650000000000000000e+04
4.991000000000000000e+05
5.040000000000000000e+05
5.029000000000000000e+05
1.372000000000000000e+05
5.070000000000000000e+05
5.012000000000000000e+05
4.709000000000000000e+05
1.980000000000000000e+04
5.001000000000000000e+05
4.967000000000000000e+05
4.665000000000000000e+05
1.190000000000000000e+04
4.930000000000000000e+05
5.026000000000000000e+05
3.029000000000000000e+05
3.000000000000000000e+02
5.013000000000000000e+05
4.945000000000000000e+05
5.064000000000000000e+05
9.250000000000000000e+04
4.972000000000000000e+05
4.949000000000000000e+05
4.532000000000000000e+05
9.300000000000000000e+03
5.014000000000000000e+05
5.029000000000000000e+05
4.354000000000000000e+05
5.800000000000000000e+03
4.996000000000000000e+05
4.977000000000000000e+05
2.546000000000000000e+05
0.000000000000000000e+00
4.997000000000000000e+05
4.929000000000000000e+05
4.139000000000000000e+05
2.700000000000000000e+03
4.981000000000000000e+05
4.916000000000000000e+05
1.990000000000000000e+05
0.000000000000000000e+00
4.975000000000000000e+05
5.095000000000000000e+05
1.654000000000000000e+05
0.000000000000000000e+00
4.960000000000000000e+05
4.891000000000000000e+05
2.940000000000000000e+04
0.000000000000000000e+00
4.929000000000000000e+05
4.927000000000000000e+05
4.842000000000000000e+05
5.500000000000000000e+04
5.001000000000000000e+05
5.095000000000000000e+05
4.101000000000000000e+05
4.100000000000000000e+03
5.028000000000000000e+05
5.035000000000000000e+05
3.952000000000000000e+05
2.300000000000000000e+03
5.025000000000000000e+05
4.901000000000000000e+05
1.848000000000000000e+05
0.000000000000000000e+00
5.094000000000000000e+05
5.049000000000000000e+05
3.587000000000000000e+05
9.000000000000000000e+02
5.002000000000000000e+05
4.930000000000000000e+05
1.349000000000000000e+05
0.000000000000000000e+00
5.111000000000000000e+05
5.042000000000000000e+05
1.048000000000000000e+05
0.000000000000000000e+00
4.978000000000000000e+05
4.838000000000000000e+05
1.330000000000000000e+04
0.000000000000000000e+00
5.006000000000000000e+05
5.007000000000000000e+05
2.892000000000000000e+05
5.000000000000000000e+02
5.049000000000000000e+05
4.992000000000000000e+05
9.010000000000000000e+04
0.000000000000000000e+00
5.013000000000000000e+05
4.947000000000000000e+05
6.540000000000000000e+04
0.000000000000000000e+00
5.076000000000000000e+05
4.744000000000000000e+05
4.800000000000000000e+03
0.000000000000000000e+00
4.969000000000000000e+05
5.059000000000000000e+05
3.880000000000000000e+04
0.000000000000000000e+00
4.904000000000000000e+05
4.673000000000000000e+05
2.300000000000000000e+03
0.000000000000000000e+00
5.007000000000000000e+05
4.544000000000000000e+05
8.000000000000000000e+02
0.000000000000000000e+00
4.866000000000000000e+05
2.851000000000000000e+05
0.000000000000000000e+00
0.000000000000000000e+00
4.966000000000000000e+05
4.989000000000000000e+05
4.902000000000000000e+05
3.400000000000000000e+04
4.977000000000000000e+05
4.979000000000000000e+05
3.484000000000000000e+05
1.100000000000000000e+03
5.056000000000000000e+05
4.973000000000000000e+05
3.152000000000000000e+05
4.000000000000000000e+02
5.027000000000000000e+05
4.995000000000000000e+05
1.076000000000000000e+05
0.000000000000000000e+00
5.036000000000000000e+05
4.832000000000000000e+05
2.578000000000000000e+05
5.000000000000000000e+02
5.022000000000000000e+05
5.019000000000000000e+05
7.390000000000000000e+04
0.000000000000000000e+00
4.926000000000000000e+05
5.013000000000000000e+05
4.630000000000000000e+04
0.000000000000000000e+00
5.051000000000000000e+05
4.614000000000000000e+05
2.600000000000000000e+03
0.000000000000000000e+00
4.970000000000000000e+05
5.009000000000000000e+05
1.969000000000000000e+05
1.000000000000000000e+02
4.981000000000000000e+05
4.970000000000000000e+05
4.090000000000000000e+04
0.000000000000000000e+00
5.016000000000000000e+05
5.038000000000000000e+05
2.680000000000000000e+04
0.000000000000000000e+00
5.025000000000000000e+05
4.552000000000000000e+05
1.200000000000000000e+03
0.000000000000000000e+00
5.019000000000000000e+05
4.975000000000000000e+05
1.610000000000000000e+04
0.000000000000000000e+00
4.994000000000000000e+05
4.428000000000000000e+05
6.000000000000000000e+02
0.000000000000000000e+00
4.988000000000000000e+05
4.187000000000000000e+05
0.000000000000000000e+00
0.000000000000000000e+00
4.926000000000000000e+05
2.324000000000000000e+05
0.000000000000000000e+00
0.000000000000000000e+00
5.034000000000000000e+05
4.957000000000000000e+05
1.398000000000000000e+05
0.000000000000000000e+00
5.056000000000000000e+05
5.037000000000000000e+05
1.890000000000000000e+04
0.000000000000000000e+00
4.941000000000000000e+05
4.963000000000000000e+05
1.140000000000000000e+04
0.000000000000000000e+00
4.998000000000000000e+05
4.271000000000000000e+05
2.000000000000000000e+02
0.000000000000000000e+00
5.042000000000000000e+05
4.871000000000000000e+05
5.800000000000000000e+03
0.000000000000000000e+00
5.030000000000000000e+05
4.034000000000000000e+05
0.000000000000000000e+00
0.000000000000000000e+00
5.039000000000000000e+05
3.764000000000000000e+05
0.000000000000000000e+00
0.000000000000000000e+00
4.700000000000000000e+05
1.749000000000000000e+05
0.000000000000000000e+00
0.000000000000000000e+00
4.951000000000000000e+05
4.869000000000000000e+05
3.700000000000000000e+03
0.000000000000000000e+00
5.043000000000000000e+05
3.497000000000000000e+05
0.000000000000000000e+00
0.000000000000000000e+00
5.025000000000000000e+05
3.215000000000000000e+05
0.000000000000000000e+00
0.000000000000000000e+00
4.672000000000000000e+05
1.216000000000000000e+05
0.000000000000000000e+00
0.000000000000000000e+00
5.016000000000000000e+05
2.688000000000000000e+05
0.000000000000000000e+00
0.000000000000000000e+00
4.511000000000000000e+05
8.380000000000000000e+04
0.000000000000000000e+00
0.000000000000000000e+00
4.466000000000000000e+05
5.650000000000000000e+04
0.000000000000000000e+00
0.000000000000000000e+00
2.680000000000000000e+05
4.500000000000000000e+03
0.000000000000000000e+00
0.000000000000000000e+00
