1.000000000000000000e+06
1.000000000000000000e+06
5.015000000000000000e+05
5.069000000000000000e+05
1.000000000000000000e+06
5.090000000000000000e+05
4.942000000000000000e+05
5.027000000000000000e+05
1.000000000000000000e+06
4.952000000000000000e+05
5.050000000000000000e+05
4.928000000000000000e+05
5.036000000000000000e+05
5.028000000000000000e+05
5.009000000000000000e+05
5.053000000000000000e+05
1.000000000000000000e+06
5.063000000000000000e+05
5.078000000000000000e+05
5.014000000000000000e+05
5.087000000000000000e+05
5.006000000000000000e+05
4.992000000000000000e+05
5.014000000000000000e+05
4.900000000000000000e+05
5.024000000000000000e+05
5.011000000000000000e+05
5.016000000000000000e+05
5.039000000000000000e+05
5.080000000000000000e+05
4.980000000000000000e+05
4.926000000000000000e+05
1.000000000000000000e+06
5.070000000000000000e+05
4.908000000000000000e+05
5.048000000000000000e+05
4.997000000000000000e+05
4.961000000000000000e+05
5.014000000000000000e+05
4.988000000000000000e+05
4.994000000000000000e+05
4.916000000000000000e+05
5.004000000000000000e+05
5.048000000000000000e+05
4.950000000000000000e+05
4.920000000000000000e+05
5.013000000000000000e+05
5.050000000000000000e+05
4.970000000000000000e+05
5.008000000000000000e+05
4.980000000000000000e+05
5.019000000000000000e+05
5.027000000000000000e+05
4.910000000000000000e+05
4.989000000000000000e+05
4.990000000000000000e+05
4.991000000000000000e+05
5.005000000000000000e+05
5.029000000000000000e+05
5.074000000000000000e+05
4.971000000000000000e+05
4.988000000000000000e+05
5.011000000000000000e+05
4.914000000000000000e+05
1.000000000000000000e+06
5.019000000000000000e+05
5.066000000000000000e+05
5.013000000000000000e+05
4.987000000000000000e+05
5.029000000000000000e+05
4.963000000000000000e+05
4.909000000000000000e+05
5.020000000000000000e+05
5.061000000000000000e+05
4.960000000000000000e+05
5.035000000000000000e+05
4.950000000000000000e+05
5.012000000000000000e+05
5.011000000000000000e+05
4.942000000000000000e+05
5.016000000000000000e+05
5.090000000000000000e+05
4.989000000000000000e+05
5.051000000000000000e+05
5.022000000000000000e+05
4.934000000000000000e+05
4.967000000000000000e+05
4.978000000000000000e+05
5.055000000000000000e+05
5.009000000000000000e+05
5.052000000000000000e+05
4.961000000000000000e+05
5.080000000000000000e+05
5.038000000000000000e+05
4.973000000000000000e+05
4.847000000000000000e+05
5.049000000000000000e+05
5.106000000000000000e+05
5.019000000000000000e+05
4.992000000000000000e+05
4.979000000000000000e+05
4.933000000000000000e+05
5.043000000000000000e+05
4.983000000000000000e+05
4.976000000000000000e+05
4.977000000000000000e+05
4.902000000000000000e+05
5.005000000000000000e+05
4.971000000000000000e+05
4.993000000000000000e+05
4.941000000000000000e+05
4.762000000000000000e+05
4.942000000000000000e+05
5.004000000000000000e+05
4.989000000000000000e+05
4.984000000000000000e+05
4.986000000000000000e+05
4.962000000000000000e+05
4.972000000000000000e+05
4.715000000000000000e+05
5.008000000000000000e+05
5.051000000000000000e+05
5.020000000000000000e+05
4.589000000000000000e+05
4.925000000000000000e+05
5.004000000000000000e+05
4.931000000000000000e+05
3.067000000000000000e+05
1.000000000000000000e+06
5.023000000000000000e+05
5.079000000000000000e+05
5.024000000000000000e+05
4.957000000000000000e+05
5.030000000000000000e+05
5.047000000000000000e+05
4.968000000000000000e+05
4.977000000000000000e+05
4.963000000000000000e+05
4.986000000000000000e+05
5.054000000000000000e+05
5.062000000000000000e+05
5.038000000000000000e+05
4.973000000000000000e+05
4.970000000000000000e+05
5.003000000000000000e+05
4.997000000000000000e+05
5.036000000000000000e+05
5.010000000000000000e+05
4.976000000000000000e+05
4.931000000000000000e+05
5.046000000000000000e+05
4.984000000000000000e+05
5.049000000000000000e+05
4.886000000000000000e+05
4.974000000000000000e+05
4.990000000000000000e+05
5.020000000000000000e+05
5.028000000000000000e+05
5.008000000000000000e+05
4.740000000000000000e+05
4.988000000000000000e+05
5.091000000000000000e+05
5.065000000000000000e+05
5.043000000000000000e+05
5.011000000000000000e+05
5.061000000000000000e+05
5.049000000000000000e+05
4.997000000000000000e+05
4.971000000000000000e+05
5.024000000000000000e+05
4.957000000000000000e+05
5.090000000000000000e+05
4.986000000000000000e+05
4.960000000000000000e+05
5.031000000000000000e+05
4.614000000000000000e+05
5.000000000000000000e+05
5.029000000000000000e+05
5.030000000000000000e+05
5.035000000000000000e+05
5.074000000000000000e+05
5.026000000000000000e+05
4.962000000000000000e+05
4.480000000000000000e+05
4.932000000000000000e+05
5.031000000000000000e+05
5.075000000000000000e+05
4.395000000000000000e+05
4.980000000000000000e+05
4.986000000000000000e+05
4.926000000000000000e+05
2.524000000000000000e+05
5.043000000000000000e+05
5.058000000000000000e+05
5.042000000000000000e+05
4.985000000000000000e+05
5.060000000000000000e+05
4.976000000000000000e+05
5.027000000000000000e+05
4.969000000000000000e+05
4.988000000000000000e+05
5.072000000000000000e+05
4.969000000000000000e+05
4.975000000000000000e+05
5.008000000000000000e+05
4.955000000000000000e+05
4.975000000000000000e+05
4.239000000000000000e+05
5.019000000000000000e+05
5.004000000000000000e+05
5.041000000000000000e+05
4.988000000000000000e+05
4.987000000000000000e+05
5.030000000000000000e+05
5.008000000000000000e+05
4.135000000000000000e+05
4.907000000000000000e+05
4.974000000000000000e+05
4.997000000000000000e+05
3.928000000000000000e+05
4.908000000000000000e+05
5.011000000000000000e+05
4.938000000000000000e+05
1.895000000000000000e+05
4.999000000000000000e+05
4.974000000000000000e+05
5.079000000000000000e+05
4.929000000000000000e+05
5.019000000000000000e+05
4.961000000000000000e+05
5.010000000000000000e+05
3.722000000000000000e+05
4.936000000000000000e+05
5.024000000000000000e+05
4.948000000000000000e+05
3.445000000000000000e+05
5.036000000000000000e+05
4.986000000000000000e+05
4.967000000000000000e+05
1.295000000000000000e+05
5.013000000000000000e+05
5.065000000000000000e+05
5.001000000000000000e+05
2.924000000000000000e+05
5.000000000000000000e+05
4.911000000000000000e+05
4.769000000000000000e+05
9.500000000000000000e+04
5.124000000000000000e+05
4.983000000000000000e+05
4.764000000000000000e+05
6.460000000000000000e+04
4.936000000000000000e+05
5.024000000000000000e+05
3.597000000000000000e+05
4.600000000000000000e+03
1.000000000000000000e+06
5.034000000000000000e+05
4.982000000000000000e+05
5.048000000000000000e+05
4.933000000000000000e+05
5.003000000000000000e+05
4.971000000000000000e+05
4.982000000000000000e+05
4.984000000000000000e+05
4.975000000000000000e+05
4.989000000000000000e+05
5.051000000000000000e+05
5.083000000000000000e+05
5.063000000000000000e+05
5.058000000000000000e+05
5.033000000000000000e+05
5.024000000000000000e+05
4.950000000000000000e+05
5.082000000000000000e+05
4.901000000000000000e+05
4.983000000000000000e+05
4.924000000000000000e+05
5.041000000000000000e+05
4.992000000000000000e+05
4.978000000000000000e+05
5.049000000000000000e+05
5.046000000000000000e+05
5.044000000000000000e+05
4.994000000000000000e+05
5.050000000000000000e+05
4.864000000000000000e+05
4.449000000000000000e+05
5.068000000000000000e+05
4.995000000000000000e+05
5.032000000000000000e+05
4.962000000000000000e+05
5.028000000000000000e+05
5.059000000000000000e+05
4.969000000000000000e+05
4.926000000000000000e+05
4.984000000000000000e+05
5.062000000000000000e+05
4.964000000000000000e+05
4.971000000000000000e+05
5.024000000000000000e+05
4.958000000000000000e+05
5.008000000000000000e+05
4.214000000000000000e+05
4.956000000000000000e+05
4.999000000000000000e+05
4.985000000000000000e+05
4.826000000000000000e+05
4.946000000000000000e+05
4.868000000000000000e+05
5.042000000000000000e+05
3.909000000000000000e+05
4.936000000000000000e+05
4.972000000000000000e+05
4.955000000000000000e+05
3.634000000000000000e+05
4.981000000000000000e+05
4.976000000000000000e+05
4.931000000000000000e+05
1.562000000000000000e+05
5.033000000000000000e+05
5.004000000000000000e+05
4.957000000000000000e+05
4.988000000000000000e+05
4.971000000000000000e+05
5.038000000000000000e+05
4.996000000000000000e+05
4.968000000000000000e+05
4.988000000000000000e+05
4.972000000000000000e+05
5.015000000000000000e+05
4.863000000000000000e+05
5.001000000000000000e+05
5.059000000000000000e+05
4.982000000000000000e+05
3.771000000000000000e+05
4.902000000000000000e+05
4.953000000000000000e+05
5.000000000000000000e+05
4.804000000000000000e+05
5.088000000000000000e+05
5.088000000000000000e+05
4.976000000000000000e+05
3.361000000000000000e+05
4.981000000000000000e+05
5.004000000000000000e+05
5.060000000000000000e+05
2.991000000000000000e+05
4.985000000000000000e+05
4.925000000000000000e+05
4.870000000000000000e+05
9.870000000000000000e+04
5.074000000000000000e+05
5.045000000000000000e+05
4.949000000000000000e+05
4.552000000000000000e+05
4.939000000000000000e+05
4.885000000000000000e+05
4.970000000000000000e+05
2.751000000000000000e+05
4.994000000000000000e+05
4.922000000000000000e+05
4.991000000000000000e+05
2.408000000000000000e+05
5.040000000000000000e+05
4.985000000000000000e+05
4.691000000000000000e+05
6.060000000000000000e+04
5.006000000000000000e+05
5.030000000000000000e+05
5.042000000000000000e+05
1.843000000000000000e+05
4.991000000000000000e+05
5.007000000000000000e+05
4.819000000000000000e+05
3.810000000000000000e+04
4.976000000000000000e+05
4.997000000000000000e+05
4.655000000000000000e+05
2.610000000000000000e+04
5.021000000000000000e+05
5.035000000000000000e+05
3.175000000000000000e+05
9.000000000000000000e+02
5.000000000000000000e+05
4.997000000000000000e+05
4.885000000000000000e+05
5.048000000000000000e+05
4.923000000000000000e+05
4.972000000000000000e+05
4.988000000000000000e+05
4.743000000000000000e+05
4.989000000000000000e+05
4.903000000000000000e+05
5.100000000000000000e+05
4.607000000000000000e+05
4.947000000000000000e+05
5.007000000000000000e+05
4.984000000000000000e+05
2.961000000000000000e+05
5.002000000000000000e+05
5.006000000000000000e+05
4.917000000000000000e+05
4.417000000000000000e+05
5.021000000000000000e+05
4.984000000000000000e+05
4.925000000000000000e+05
2.563000000000000000e+05
5.042000000000000000e+05
4.972000000000000000e+05
5.095000000000000000e+05
2.188000000000000000e+05
5.070000000000000000e+05
5.010000000000000000e+05
4.740000000000000000e+05
4.700000000000000000e+04
4.936000000000000000e+05
4.946000000000000000e+05
4.994000000000000000e+05
3.983000000000000000e+05
5.007000000000000000e+05
5.116000000000000000e+05
5.003000000000000000e+05
1.824000000000000000e+05
5.015000000000000000e+05
5.035000000000000000e+05
5.006000000000000000e+05
1.519000000000000000e+05
4.975000000000000000e+05
4.969000000000000000e+05
4.643000000000000000e+05
2.470000000000000000e+04
5.068000000000000000e+05
4.998000000000000000e+05
5.038000000000000000e+05
1.054000000000000000e+05
4.993000000000000000e+05
5.027000000000000000e+05
4.435000000000000000e+05
9.300000000000000000e+03
5.047000000000000000e+05
5.006000000000000000e+05
4.462000000000000000e+05
6.000000000000000000e+03
5.037000000000000000e+05
4.979000000000000000e+05
2.523000000000000000e+05
1.000000000000000000e+02
4.947000000000000000e+05
4.959000000000000000e+05
4.938000000000000000e+05
3.292000000000000000e+05
5.010000000000000000e+05
4.968000000000000000e+05
4.984000000000000000e+05
1.202000000000000000e+05
4.947000000000000000e+05
5.029000000000000000e+05
5.032000000000000000e+05
8.550000000000000000e+04
5.063000000000000000e+05
4.894000000000000000e+05
4.479000000000000000e+05
9.100000000000000000e+03
4.925000000000000000e+05
4.998000000000000000e+05
5.076000000000000000e+05
5.940000000000000000e+04
4.992000000000000000e+05
5.033000000000000000e+05
4.127000000000000000e+05
4.900000000000000000e+03
4.930000000000000000e+05
5.038000000000000000e+05
4.046000000000000000e+05
2.300000000000000000e+03
4.947000000000000000e+05
5.029000000000000000e+05
1.993000000000000000e+05
0.000000000000000000e+00
5.000000000000000000e+05
5.013000000000000000e+05
4.898000000000000000e+05
3.590000000000000000e+04
5.028000000000000000e+05
5.014000000000000000e+05
3.833000000000000000e+05
1.100000000000000000e+03
4.980000000000000000e+05
5.064000000000000000e+05
3.530000000000000000e+05
6.000000000000000000e+02
5.013000000000000000e+05
5.010000000000000000e+05
1.505000000000000000e+05
0.000000000000000000e+00
5.000000000000000000e+05
5.029000000000000000e+05
3.130000000000000000e+05
4.000000000000000000e+02
4.971000000000000000e+05
4.943000000000000000e+05
1.061000000000000000e+05
0.000000000000000000e+00
4.995000000000000000e+05
4.875000000000000000e+05
7.500000000000000000e+04
0.000000000000000000e+00
4.933000000000000000e+05
4.159000000000000000e+05
6.300000000000000000e+03
0.000000000000000000e+00
1.000000000000000000e+06
4.997000000000000000e+05
5.007000000000000000e+05
4.993000000000000000e+05
5.112000000000000000e+05
5.036000000000000000e+05
5.041000000000000000e+05
4.998000000000000000e+05
5.110000000000000000e+05
5.097000000000000000e+05
5.028000000000000000e+05
5.051000000000000000e+05
5.079000000000000000e+05
5.055000000000000000e+05
4.960000000000000000e+05
4.880000000000000000e+05
4.978000000000000000e+05
4.950000000000000000e+05
5.011000000000000000e+05
4.971000000000000000e+05
5.065000000000000000e+05
5.016000000000000000e+05
5.024000000000000000e+05
4.930000000000000000e+05
4.975000000000000000e+05
5.048000000000000000e+05
5.012000000000000000e+05
4.859000000000000000e+05
5.037000000000000000e+05
5.044000000000000000e+05
5.022000000000000000e+05
3.626000000000000000e+05
5.046000000000000000e+05
5.080000000000000000e+05
4.997000000000000000e+05
4.995000000000000000e+05
5.046000000000000000e+05
4.933000000000000000e+05
5.003000000000000000e+05
4.843000000000000000e+05
5.031000000000000000e+05
4.871000000000000000e+05
4.981000000000000000e+05
4.718000000000000000e+05
5.021000000000000000e+05
5.018000000000000000e+05
4.922000000000000000e+05
3.295000000000000000e+05
4.996000000000000000e+05
5.054000000000000000e+05
4.937000000000000000e+05
4.531000000000000000e+05
5.050000000000000000e+05
4.986000000000000000e+05
4.992000000000000000e+05
2.784000000000000000e+05
4.962000000000000000e+05
5.035000000000000000e+05
5.001000000000000000e+05
2.481000000000000000e+05
4.952000000000000000e+05
4.911000000000000000e+05
4.804000000000000000e+05
6.100000000000000000e+04
4.985000000000000000e+05
5.084000000000000000e+05
5.034000000000000000e+05
5.029000000000000000e+05
4.933000000000000000e+05
5.045000000000000000e+05
4.980000000000000000e+05
4.558000000000000000e+05
4.940000000000000000e+05
4.979000000000000000e+05
4.992000000000000000e+05
4.460000000000000000e+05
5.002000000000000000e+05
4.985000000000000000e+05
4.939000000000000000e+05
2.632000000000000000e+05
4.911000000000000000e+05
5.051000000000000000e+05
5.003000000000000000e+05
4.160000000000000000e+05
4.913000000000000000e+05
5.032000000000000000e+05
4.990000000000000000e+05
2.121000000000000000e+05
5.001000000000000000e+05
5.041000000000000000e+05
5.008000000000000000e+05
1.718000000000000000e+05
5.009000000000000000e+05
5.001000000000000000e+05
4.698000000000000000e+05
2.880000000000000000e+04
4.981000000000000000e+05
4.883000000000000000e+05
4.982000000000000000e+05
3.648000000000000000e+05
4.883000000000000000e+05
4.981000000000000000e+05
5.004000000000000000e+05
1.466000000000000000e+05
5.006000000000000000e+05
5.072000000000000000e+05
5.067000000000000000e+05
1.165000000000000000e+05
5.073000000000000000e+05
5.037000000000000000e+05
4.529000000000000000e+05
1.450000000000000000e+04
5.058000000000000000e+05
5.046000000000000000e+05
4.916000000000000000e+05
7.780000000000000000e+04
5.016000000000000000e+05
5.021000000000000000e+05
4.308000000000000000e+05
6.300000000000000000e+03
4.960000000000000000e+05
4.974000000000000000e+05
4.248000000000000000e+05
4.900000000000000000e+03
5.040000000000000000e+05
5.024000000000000000e+05
2.254000000000000000e+05
1.000000000000000000e+02
5.003000000000000000e+05
4.917000000000000000e+05
5.004000000000000000e+05
4.934000000000000000e+05
5.048000000000000000e+05
4.949000000000000000e+05
5.009000000000000000e+05
4.052000000000000000e+05
4.996000000000000000e+05
5.020000000000000000e+05
5.021000000000000000e+05
3.785000000000000000e+05
4.956000000000000000e+05
4.959000000000000000e+05
5.005000000000000000e+05
1.734000000000000000e+05
5.032000000000000000e+05
4.989000000000000000e+05
5.044000000000000000e+05
3.426000000000000000e+05
4.950000000000000000e+05
5.090000000000000000e+05
4.948000000000000000e+05
1.268000000000000000e+05
4.986000000000000000e+05
5.043000000000000000e+05
5.047000000000000000e+05
9.030000000000000000e+04
5.040000000000000000e+05
4.943000000000000000e+05
4.367000000000000000e+05
9.000000000000000000e+03
4.981000000000000000e+05
4.990000000000000000e+05
4.929000000000000000e+05
2.703000000000000000e+05
4.955000000000000000e+05
5.054000000000000000e+05
4.964000000000000000e+05
8.380000000000000000e+04
5.122000000000000000e+05
5.080000000000000000e+05
5.012000000000000000e+05
5.650000000000000000e+04
5.048000000000000000e+05
4.997000000000000000e+05
4.188000000000000000e+05
3.700000000000000000e+03
5.005000000000000000e+05
5.024000000000000000e+05
4.949000000000000000e+05
3.040000000000000000e+04
4.967000000000000000e+05
5.031000000000000000e+05
3.971000000000000000e+05
9.000000000000000000e+02
5.062000000000000000e+05
5.030000000000000000e+05
3.751000000000000000e+05
4.000000000000000000e+02
4.950000000000000000e+05
4.908000000000000000e+05
1.623000000000000000e+05
0.000000000000000000e+00
4.942000000000000000e+05
5.021000000000000000e+05
4.967000000000000000e+05
2.016000000000000000e+05
5.008000000000000000e+05
5.107000000000000000e+05
4.886000000000000000e+05
4.690000000000000000e+04
5.004000000000000000e+05
4.955000000000000000e+05
4.919000000000000000e+05
2.670000000000000000e+04
4.975000000000000000e+05
5.000000000000000000e+05
3.808000000000000000e+05
1.300000000000000000e+03
5.050000000000000000e+05
4.959000000000000000e+05
4.856000000000000000e+05
1.730000000000000000e+04
4.976000000000000000e+05
5.031000000000000000e+05
3.527000000000000000e+05
6.000000000000000000e+02
4.944000000000000000e+05
5.037000000000000000e+05
3.060000000000000000e+05
1.000000000000000000e+02
5.001000000000000000e+05
4.952000000000000000e+05
1.086000000000000000e+05
0.000000000000000000e+00
4.934000000000000000e+05
5.052000000000000000e+05
4.626000000000000000e+05
8.200000000000000000e+03
5.021000000000000000e+05
4.909000000000000000e+05
2.870000000000000000e+05
1.000000000000000000e+02
5.070000000000000000e+05
4.999000000000000000e+05
2.502000000000000000e+05
1.000000000000000000e+02
4.952000000000000000e+05
4.895000000000000000e+05
7.150000000000000000e+04
0.000000000000000000e+00
5.042000000000000000e+05
5.021000000000000000e+05
1.968000000000000000e+05
0.000000000000000000e+00
5.023000000000000000e+05
4.898000000000000000e+05
3.770000000000000000e+04
0.000000000000000000e+00
5.112000000000000000e+05
4.845000000000000000e+05
2.710000000000000000e+04
0.000000000000000000e+00
4.870000000000000000e+05
3.943000000000000000e+05
1.400000000000000000e+03
0.000000000000000000e+00
4.917000000000000000e+05
4.988000000000000000e+05
5.003000000000000000e+05
4.714000000000000000e+05
5.052000000000000000e+05
5.062000000000000000e+05
5.035000000000000000e+05
3.251000000000000000e+05
5.032000000000000000e+05
5.042000000000000000e+05
4.978000000000000000e+05
2.823000000000000000e+05
4.987000000000000000e+05
4.946000000000000000e+05
5.031000000000000000e+05
8.550000000000000000e+04
4.996000000000000000e+05
5.030000000000000000e+05
5.021000000000000000e+05
2.244000000000000000e+05
4.957000000000000000e+05
4.995000000000000000e+05
4.895000000000000000e+05
5.420000000000000000e+04
4.992000000000000000e+05
5.015000000000000000e+05
4.968000000000000000e+05
3.520000000000000000e+04
4.993000000000000000e+05
5.008000000000000000e+05
3.898000000000000000e+05
1.600000000000000000e+03
5.009000000000000000e+05
4.980000000000000000e+05
5.027000000000000000e+05
1.695000000000000000e+05
4.931000000000000000e+05
5.048000000000000000e+05
4.836000000000000000e+05
2.730000000000000000e+04
5.029000000000000000e+05
5.028000000000000000e+05
4.813000000000000000e+05
1.970000000000000000e+04
4.997000000000000000e+05
5.000000000000000000e+05
3.538000000000000000e+05
3.000000000000000000e+02
4.997000000000000000e+05
4.962000000000000000e+05
4.657000000000000000e+05
9.600000000000000000e+03
4.994000000000000000e+05
4.895000000000000000e+05
3.096000000000000000e+05
0.000000000000000000e+00
4.871000000000000000e+05
5.030000000000000000e+05
2.760000000000000000e+05
1.000000000000000000e+02
5.074000000000000000e+05
4.942000000000000000e+05
8.490000000000000000e+04
0.000000000000000000e+00
4.978000000000000000e+05
5.084000000000000000e+05
4.937000000000000000e+05
1.088000000000000000e+05
4.993000000000000000e+05
4.961000000000000000e+05
4.679000000000000000e+05
1.340000000000000000e+04
4.931000000000000000e+05
5.051000000000000000e+05
4.556000000000000000e+05
7.600000000000000000e+03
4.974000000000000000e+05
4.907000000000000000e+05
2.930000000000000000e+05
1.000000000000000000e+02
5.040000000000000000e+05
4.992000000000000000e+05
4.417000000000000000e+05
4.100000000000000000e+03
5.085000000000000000e+05
4.966000000000000000e+05
2.488000000000000000e+05
0.000000000000000000e+00
5.077000000000000000e+05
5.028000000000000000e+05
2.132000000000000000e+05
0.000000000000000000e+00
4.980000000000000000e+05
4.922000000000000000e+05
4.660000000000000000e+04
0.000000000000000000e+00
4.989000000000000000e+05
5.041000000000000000e+05
4.004000000000000000e+05
2.100000000000000000e+03
5.057000000000000000e+05
4.992000000000000000e+05
1.884000000000000000e+05
0.000000000000000000e+00
5.046000000000000000e+05
4.957000000000000000e+05
1.514000000000000000e+05
0.000000000000000000e+00
5.011000000000000000e+05
4.905000000000000000e+05
2.550000000000000000e+04
0.000000000000000000e+00
5.008000000000000000e+05
5.099000000000000000e+05
1.057000000000000000e+05
0.000000000000000000e+00
4.937000000000000000e+05
4.797000000000000000e+05
1.190000000000000000e+04
0.000000000000000000e+00
4.941000000000000000e+05
4.767000000000000000e+05
6.500000000000000000e+03
0.000000000000000000e+00
4.890000000000000000e+05
3.575000000000000000e+05
1.000000000000000000e+02
0.000000000000000000e+00
5.028000000000000000e+05
5.038000000000000000e+05
5.035000000000000000e+05
6.750000000000000000e+04
5.053000000000000000e+05
4.997000000000000000e+05
4.325000000000000000e+05
5.000000000000000000e+03
4.989000000000000000e+05
5.023000000000000000e+05
4.129000000000000000e+05
3.300000000000000000e+03
5.069000000000000000e+05
5.006000000000000000e+05
2.061000000000000000e+05
0.000000000000000000e+00
4.967000000000000000e+05
5.004000000000000000e+05
3.717000000000000000e+05
1.400000000000000000e+03
5.033000000000000000e+05
5.031000000000000000e+05
1.649000000000000000e+05
0.000000000000000000e+00
4.972000000000000000e+05
4.987000000000000000e+05
1.214000000000000000e+05
0.000000000000000000e+00
4.995000000000000000e+05
4.855000000000000000e+05
1.590000000000000000e+04
0.000000000000000000e+00
5.028000000000000000e+05
5.028000000000000000e+05
3.225000000000000000e+05
5.000000000000000000e+02
5.055000000000000000e+05
5.067000000000000000e+05
1.109000000000000000e+05
0.000000000000000000e+00
5.022000000000000000e+05
5.038000000000000000e+05
7.980000000000000000e+04
0.000000000000000000e+00
5.010000000000000000e+05
4.778000000000000000e+05
7.300000000000000000e+03
0.000000000000000000e+00
5.069000000000000000e+05
4.999000000000000000e+05
5.180000000000000000e+04
0.000000000000000000e+00
4.973000000000000000e+05
4.760000000000000000e+05
3.100000000000000000e+03
0.000000000000000000e+00
4.923000000000000000e+05
4.614000000000000000e+05
1.000000000000000000e+03
0.000000000000000000e+00
4.926000000000000000e+05
3.073000000000000000e+05
0.000000000000000000e+00
0.000000000000000000e+00
4.987000000000000000e+05
4.944000000000000000e+05
2.413000000000000000e+05
7.000000000000000000e+02
5.076000000000000000e+05
5.052000000000000000e+05
6.180000000000000000e+04
0.000000000000000000e+00
5.050000000000000000e+05
5.006000000000000000e+05
3.970000000000000000e+04
0.000000000000000000e+00
5.018000000000000000e+05
4.609000000000000000e+05
2.000000000000000000e+03
0.000000000000000000e+00
5.027000000000000000e+05
5.011000000000000000e+05
2.660000000000000000e+04
0.000000000000000000e+00
4.998000000000000000e+05
4.564000000000000000e+05
8.000000000000000000e+02
0.000000000000000000e+00
5.007000000000000000e+05
4.378000000000000000e+05
5.000000000000000000e+02
0.000000000000000000e+00
4.791000000000000000e+05
2.609000000000000000e+05
0.000000000000000000e+00
0.000000000000000000e+00
5.045000000000000000e+05
4.985000000000000000e+05
1.570000000000000000e+04
0.000000000000000000e+00
4.971000000000000000e+05
4.128000000000000000e+05
4.000000000000000000e+02
0.000000000000000000e+00
5.001000000000000000e+05
4.073000000000000000e+05
2.000000000000000000e+02
0.000000000000000000e+00
4.779000000000000000e+05
2.037000000000000000e+05
0.000000000000000000e+00
0.000000000000000000e+00
4.974000000000000000e+05
3.593000000000000000e+05
0.000000000000000000e+00
0.000000000000000000e+00
4.657000000000000000e+05
1.576000000000000000e+05
0.000000000000000000e+00
0.000000000000000000e+00
4.600000000000000000e+05
1.167000000000000000e+05
0.000000000000000000e+00
0.000000000000000000e+00
3.030000000000000000e+05
1.830000000000000000e+04
0.000000000000000000e+00
0.000000000000000000e+00
