4.971000000000000000e+05
4.986000000000000000e+05
4.991000000000000000e+05
4.923000000000000000e+05
5.050000000000000000e+05
5.027000000000000000e+05
4.984000000000000000e+05
4.444000000000000000e+05
4.932000000000000000e+05
5.023000000000000000e+05
4.910000000000000000e+05
4.224000000000000000e+05
5.019000000000000000e+05
4.891000000000000000e+05
4.391000000000000000e+05
2.087000000000000000e+05
4.964000000000000000e+05
4.972000000000000000e+05
4.979000000000000000e+05
3.774000000000000000e+05
4.956000000000000000e+05
4.967000000000000000e+05
4.192000000000000000e+05
1.544000000000000000e+05
4.983000000000000000e+05
5.036000000000000000e+05
3.886000000000000000e+05
1.115000000000000000e+05
4.971000000000000000e+05
3.865000000000000000e+05
1.503000000000000000e+05
7.800000000000000000e+03
4.941000000000000000e+05
4.976000000000000000e+05
4.882000000000000000e+05
3.143000000000000000e+05
5.015000000000000000e+05
4.906000000000000000e+05
3.692000000000000000e+05
9.410000000000000000e+04
5.033000000000000000e+05
4.784000000000000000e+05
3.272000000000000000e+05
6.170000000000000000e+04
5.052000000000000000e+05
3.461000000000000000e+05
9.160000000000000000e+04
1.900000000000000000e+03
4.938000000000000000e+05
4.681000000000000000e+05
2.629000000000000000e+05
3.280000000000000000e+04
4.971000000000000000e+05
3.006000000000000000e+05
6.170000000000000000e+04
3.000000000000000000e+02
4.885000000000000000e+05
2.620000000000000000e+05
3.950000000000000000e+04
1.000000000000000000e+02
3.615000000000000000e+05
6.510000000000000000e+04
1.400000000000000000e+03
0.000000000000000000e+00
5.065000000000000000e+05
4.971000000000000000e+05
4.744000000000000000e+05
2.338000000000000000e+05
4.995000000000000000e+05
4.685000000000000000e+05
2.767000000000000000e+05
4.710000000000000000e+04
4.968000000000000000e+05
4.499000000000000000e+05
2.267000000000000000e+05
2.500000000000000000e+04
4.915000000000000000e+05
2.727000000000000000e+05
4.340000000000000000e+04
2.000000000000000000e+02
5.006000000000000000e+05
4.327000000000000000e+05
1.671000000000000000e+05
1.100000000000000000e+04
4.830000000000000000e+05
2.182000000000000000e+05
2.380000000000000000e+04
0.000000000000000000e+00
4.720000000000000000e+05
1.669000000000000000e+05
1.360000000000000000e+04
0.000000000000000000e+00
3.245000000000000000e+05
2.520000000000000000e+04
1.000000000000000000e+02
0.000000000000000000e+00
5.025000000000000000e+05
3.786000000000000000e+05
1.079000000000000000e+05
3.500000000000000000e+03
4.675000000000000000e+05
1.487000000000000000e+05
1.030000000000000000e+04
0.000000000000000000e+00
4.611000000000000000e+05
1.175000000000000000e+05
7.000000000000000000e+03
0.000000000000000000e+00
2.542000000000000000e+05
1.120000000000000000e+04
0.000000000000000000e+00
0.000000000000000000e+00
4.273000000000000000e+05
7.890000000000000000e+04
2.700000000000000000e+03
0.000000000000000000e+00
2.119000000000000000e+05
3.800000000000000000e+03
0.000000000000000000e+00
0.000000000000000000e+00
1.666000000000000000e+05
2.400000000000000000e+03
0.000000000000000000e+00
0.000000000000000000e+00
3.080000000000000000e+04
0.000000000000000000e+00
0.000000000000000000e+00
0.000000000000000000e+00
5.036000000000000000e+05
5.047000000000000000e+05
4.151000000000000000e+05
1.394000000000000000e+05
4.992000000000000000e+05
4.154000000000000000e+05
1.690000000000000000e+05
1.290000000000000000e+04
4.940000000000000000e+05
3.942000000000000000e+05
1.317000000000000000e+05
5.500000000000000000e+03
4.703000000000000000e+05
1.765000000000000000e+05
1.530000000000000000e+04
0.000000000000000000e+00
5.002000000000000000e+05
3.495000000000000000e+05
8.660000000000000000e+04
1.900000000000000000e+03
4.631000000000000000e+05
1.268000000000000000e+05
6.300000000000000000e+03
0.000000000000000000e+00
4.336000000000000000e+05
9.100000000000000000e+04
3.400000000000000000e+03
0.000000000000000000e+00
2.212000000000000000e+05
7.300000000000000000e+03
0.000000000000000000e+00
0.000000000000000000e+00
4.979000000000000000e+05
2.783000000000000000e+05
4.820000000000000000e+04
6.000000000000000000e+02
4.211000000000000000e+05
7.410000000000000000e+04
1.800000000000000000e+03
0.000000000000000000e+00
3.946000000000000000e+05
5.120000000000000000e+04
1.100000000000000000e+03
0.000000000000000000e+00
1.727000000000000000e+05
1.700000000000000000e+03
0.000000000000000000e+00
0.000000000000000000e+00
3.498000000000000000e+05
3.250000000000000000e+04
7.000000000000000000e+02
0.000000000000000000e+00
1.195000000000000000e+05
8.000000000000000000e+02
0.000000000000000000e+00
0.000000000000000000e+00
8.710000000000000000e+04
4.000000000000000000e+02
0.000000000000000000e+00
0.000000000000000000e+00
8.900000000000000000e+03
0.000000000000000000e+00
0.000000000000000000e+00
0.000000000000000000e+00
4.848000000000000000e+05
1.949000000000000000e+05
2.800000000000000000e+04
0.000000000000000000e+00
3.544000000000000000e+05
3.670000000000000000e+04
4.000000000000000000e+02
0.000000000000000000e+00
3.226000000000000000e+05
2.410000000000000000e+04
7.000000000000000000e+02
0.000000000000000000e+00
1.017000000000000000e+05
4.000000000000000000e+02
0.000000000000000000e+00
0.000000000000000000e+00
2.629000000000000000e+05
1.130000000000000000e+04
1.000000000000000000e+02
0.000000000000000000e+00
7.260000000000000000e+04
2.000000000000000000e+02
0.000000000000000000e+00
0.000000000000000000e+00
4.410000000000000000e+04
1.000000000000000000e+02
0.000000000000000000e+00
0.000000000000000000e+00
3.100000000000000000e+03
0.000000000000000000e+00
0.000000000000000000e+00
0.000000000000000000e+00
1.970000000000000000e+05
6.900000000000000000e+03
0.000000000000000000e+00
0.000000000000000000e+00
4.100000000000000000e+04
0.000000000000000000e+00
0.000000000000000000e+00
0.000000000000000000e+00
2.440000000000000000e+04
0.000000000000000000e+00
0.000000000000000000e+00
0.000000000000000000e+00
1.100000000000000000e+03
0.000000000000000000e+00
0.000000000000000000e+00
0.000000000000000000e+00
1.420000000000000000e+04
0.000000000000000000e+00
0.000000000000000000e+00
0.000000000000000000e+00
5.000000000000000000e+02
0.000000000000000000e+00
0.000000000000000000e+00
0.000000000000000000e+00
1.000000000000000000e+02
0.000000000000000000e+00
0.000000000000000000e+00
0.000000000000000000e+00
0.000000000000000000e+00
0.000000000000000000e+00
0.000000000000000000e+00
0.000000000000000000e+00
5.036000000000000000e+05
4.889000000000000000e+05
3.127000000000000000e+05
6.660000000000000000e+04
4.936000000000000000e+05
3.277000000000000000e+05
8.240000000000000000e+04
2.000000000000000000e+03
5.016000000000000000e+05
2.803000000000000000e+05
5.600000000000000000e+04
8.000000000000000000e+02
4.175000000000000000e+05
7.800000000000000000e+04
3.100000000000000000e+03
0.000000000000000000e+00
5.003000000000000000e+05
2.280000000000000000e+05
3.580000000000000000e+04
3.000000000000000000e+02
3.829000000000000000e+05
4.870000000000000000e+04
1.400000000000000000e+03
0.000000000000000000e+00
3.473000000000000000e+05
3.090000000000000000e+04
6.000000000000000000e+02
0.000000000000000000e+00
1.233000000000000000e+05
3.000000000000000000e+02
0.000000000000000000e+00
0.000000000000000000e+00
4.746000000000000000e+05
1.671000000000000000e+05
1.820000000000000000e+04
1.000000000000000000e+02
3.196000000000000000e+05
2.420000000000000000e+04
2.000000000000000000e+02
0.000000000000000000e+00
2.822000000000000000e+05
1.430000000000000000e+04
1.000000000000000000e+02
0.000000000000000000e+00
7.950000000000000000e+04
0.000000000000000000e+00
0.000000000000000000e+00
0.000000000000000000e+00
2.270000000000000000e+05
8.300000000000000000e+03
2.000000000000000000e+02
0.000000000000000000e+00
4.630000000000000000e+04
0.000000000000000000e+00
0.000000000000000000e+00
0.000000000000000000e+00
3.270000000000000000e+04
0.000000000000000000e+00
0.000000000000000000e+00
0.000000000000000000e+00
1.500000000000000000e+03
0.000000000000000000e+00
0.000000000000000000e+00
0.000000000000000000e+00
4.543000000000000000e+05
1.044000000000000000e+05
8.600000000000000000e+03
0.000000000000000000e+00
2.442000000000000000e+05
9.700000000000000000e+03
0.000000000000000000e+00
0.000000000000000000e+00
2.074000000000000000e+05
4.700000000000000000e+03
1.000000000000000000e+02
0.000000000000000000e+00
3.990000000000000000e+04
0.000000000000000000e+00
0.000000000000000000e+00
0.000000000000000000e+00
1.505000000000000000e+05
2.600000000000000000e+03
1.000000000000000000e+02
0.000000000000000000e+00
2.320000000000000000e+04
0.000000000000000000e+00
0.000000000000000000e+00
0.000000000000000000e+00
1.290000000000000000e+04
0.000000000000000000e+00
0.000000000000000000e+00
0.000000000000000000e+00
1.000000000000000000e+02
0.000000000000000000e+00
0.000000000000000000e+00
0.000000000000000000e+00
1.016000000000000000e+05
9.000000000000000000e+02
0.000000000000000000e+00
0.000000000000000000e+00
1.050000000000000000e+04
0.000000000000000000e+00
0.000000000000000000e+00
0.000000000000000000e+00
6.400000000000000000e+03
0.000000000000000000e+00
0.000000000000000000e+00
0.000000000000000000e+00
1.000000000000000000e+02
0.000000000000000000e+00
0.000000000000000000e+00
0.000000000000000000e+00
4.100000000000000000e+03
0.000000000000000000e+00
0.000000000000000000e+00
0.000000000000000000e+00
0.000000000000000000e+00
0.000000000000000000e+00
0.000000000000000000e+00
0.000000000000000000e+00
0.000000000000000000e+00
0.000000000000000000e+00
0.000000000000000000e+00
0.000000000000000000e+00
0.000000000000000000e+00
0.000000000000000000e+00
0.000000000000000000e+00
0.000000000000000000e+00
3.897000000000000000e+05
5.670000000000000000e+04
5.000000000000000000e+03
0.000000000000000000e+00
1.570000000000000000e+05
1.900000000000000000e+03
1.000000000000000000e+02
0.000000000000000000e+00
1.255000000000000000e+05
8.000000000000000000e+02
0.000000000000000000e+00
0.000000000000000000e+00
1.530000000000000000e+04
0.000000000000000000e+00
0.000000000000000000e+00
0.000000000000000000e+00
8.770000000000000000e+04
6.000000000000000000e+02
0.000000000000000000e+00
0.000000000000000000e+00
8.600000000000000000e+03
0.000000000000000000e+00
0.000000000000000000e+00
0.000000000000000000e+00
5.000000000000000000e+03
0.000000000000000000e+00
0.000000000000000000e+00
0.000000000000000000e+00
0.000000000000000000e+00
0.000000000000000000e+00
0.000000000000000000e+00
0.000000000000000000e+00
5.350000000000000000e+04
1.000000000000000000e+02
0.000000000000000000e+00
0.000000000000000000e+00
3.100000000000000000e+03
0.000000000000000000e+00
0.000000000000000000e+00
0.000000000000000000e+00
1.700000000000000000e+03
0.000000000000000000e+00
0.000000000000000000e+00
0.000000000000000000e+00
0.000000000000000000e+00
0.000000000000000000e+00
0.000000000000000000e+00
0.000000000000000000e+00
5.000000000000000000e+02
0.000000000000000000e+00
0.000000000000000000e+00
0.000000000000000000e+00
0.000000000000000000e+00
0.000000000000000000e+00
0.000000000000000000e+00
0.000000000000000000e+00
0.000000000000000000e+00
0.000000000000000000e+00
0.000000000000000000e+00
0.000000000000000000e+00
0.000000000000000000e+00
0.000000000000000000e+00
0.000000000000000000e+00
0.000000000000000000e+00
3.110000000000000000e+04
1.000000000000000000e+02
0.000000000000000000e+00
0.000000000000000000e+00
1.100000000000000000e+03
0.000000000000000000e+00
0.000000000000000000e+00
0.000000000000000000e+00
5.000000000000000000e+02
0.000000000000000000e+00
0.000000000000000000e+00
0.000000000000000000e+00
0.000000000000000000e+00
0.000000000000000000e+00
0.000000000000000000e+00
0.000000000000000000e+00
7.000000000000000000e+02
0.000000000000000000e+00
0.000000000000000000e+00
0.000000000000000000e+00
0.000000000000000000e+00
0.000000000000000000e+00
0.000000000000000000e+00
0.000000000000000000e+00
0.000000000000000000e+00
0.000000000000000000e+00
0.000000000000000000e+00
0.000000000000000000e+00
0.000000000000000000e+00
0.000000000000000000e+00
0.000000000000000000e+00
0.000000000000000000e+00
2.000000000000000000e+02
0.000000000000000000e+00
0.000000000000000000e+00
0.000000000000000000e+00
0.000000000000000000e+00
0.000000000000000000e+00
0.000000000000000000e+00
0.000000000000000000e+00
0.000000000000000000e+00
0.000000000000000000e+00
0.000000000000000000e+00
0.000000000000000000e+00
0.000000000000000000e+00
0.000000000000000000e+00
0.000000000000000000e+00
0.000000000000000000e+00
0.000000000000000000e+00
0.000000000000000000e+00
0.000000000000000000e+00
0.000000000000000000e+00
0.000000000000000000e+00
0.000000000000000000e+00
0.000000000000000000e+00
0.000000000000000000e+00
0.000000000000000000e+00
0.000000000000000000e+00
0.000000000000000000e+00
0.000000000000000000e+00
0.000000000000000000e+00
0.000000000000000000e+00
0.000000000000000000e+00
0.000000000000000000e+00
5.023000000000000000e+05
4.091000000000000000e+05
2.115000000000000000e+05
2.700000000000000000e+04
4.843000000000000000e+05
1.943000000000000000e+05
2.860000000000000000e+04
3.000000000000000000e+02
4.723000000000000000e+05
1.622000000000000000e+05
2.030000000000000000e+04
0.000000000000000000e+00
3.185000000000000000e+05
2.370000000000000000e+04
3.000000000000000000e+02
0.000000000000000000e+00
4.466000000000000000e+05
1.099000000000000000e+05
1.070000000000000000e+04
1.000000000000000000e+02
2.600000000000000000e+05
1.000000000000000000e+04
3.000000000000000000e+02
0.000000000000000000e+00
2.125000000000000000e+05
6.300000000000000000e+03
1.000000000000000000e+02
0.000000000000000000e+00
4.710000000000000000e+04
0.000000000000000000e+00
0.000000000000000000e+00
0.000000000000000000e+00
4.256000000000000000e+05
7.380000000000000000e+04
6.000000000000000000e+03
0.000000000000000000e+00
1.926000000000000000e+05
3.300000000000000000e+03
0.000000000000000000e+00
0.000000000000000000e+00
1.559000000000000000e+05
1.400000000000000000e+03
0.000000000000000000e+00
0.000000000000000000e+00
2.480000000000000000e+04
0.000000000000000000e+00
0.000000000000000000e+00
0.000000000000000000e+00
1.089000000000000000e+05
7.000000000000000000e+02
0.000000000000000000e+00
0.000000000000000000e+00
1.280000000000000000e+04
0.000000000000000000e+00
0.000000000000000000e+00
0.000000000000000000e+00
8.100000000000000000e+03
0.000000000000000000e+00
0.000000000000000000e+00
0.000000000000000000e+00
1.000000000000000000e+02
0.000000000000000000e+00
0.000000000000000000e+00
0.000000000000000000e+00
3.492000000000000000e+05
3.850000000000000000e+04
2.700000000000000000e+03
0.000000000000000000e+00
1.295000000000000000e+05
1.000000000000000000e+03
0.000000000000000000e+00
0.000000000000000000e+00
9.380000000000000000e+04
8.000000000000000000e+02
0.000000000000000000e+00
0.000000000000000000e+00
1.090000000000000000e+04
0.000000000000000000e+00
0.000000000000000000e+00
0.000000000000000000e+00
6.060000000000000000e+04
1.000000000000000000e+02
0.000000000000000000e+00
0.000000000000000000e+00
4.600000000000000000e+03
0.000000000000000000e+00
0.000000000000000000e+00
0.000000000000000000e+00
3.100000000000000000e+03
0.000000000000000000e+00
0.000000000000000000e+00
0.000000000000000000e+00
0.000000000000000000e+00
0.000000000000000000e+00
0.000000000000000000e+00
0.000000000000000000e+00
4.130000000000000000e+04
0.000000000000000000e+00
0.000000000000000000e+00
0.000000000000000000e+00
1.700000000000000000e+03
0.000000000000000000e+00
0.000000000000000000e+00
0.000000000000000000e+00
8.000000000000000000e+02
0.000000000000000000e+00
0.000000000000000000e+00
0.000000000000000000e+00
1.000000000000000000e+02
0.000000000000000000e+00
0.000000000000000000e+00
0.000000000000000000e+00
2.000000000000000000e+02
0.000000000000000000e+00
0.000000000000000000e+00
0.000000000000000000e+00
0.000000000000000000e+00
0.000000000000000000e+00
0.000000000000000000e+00
0.000000000000000000e+00
0.000000000000000000e+00
0.000000000000000000e+00
0.000000000000000000e+00
0.000000000000000000e+00
0.000000000000000000e+00
0.000000000000000000e+00
0.000000000000000000e+00
0.000000000000000000e+00
2.633000000000000000e+05
1.660000000000000000e+04
1.400000000000000000e+03
0.000000000000000000e+00
6.480000000000000000e+04
3.000000000000000000e+02
0.000000000000000000e+00
0.000000000000000000e+00
4.620000000000000000e+04
1.000000000000000000e+02
0.000000000000000000e+00
0.000000000000000000e+00
3.200000000000000000e+03
0.000000000000000000e+00
0.000000000000000000e+00
0.000000000000000000e+00
2.940000000000000000e+04
0.000000000000000000e+00
0.000000000000000000e+00
0.000000000000000000e+00
8.000000000000000000e+02
0.000000000000000000e+00
0.000000000000000000e+00
0.000000000000000000e+00
7.000000000000000000e+02
0.000000000000000000e+00
0.000000000000000000e+00
0.000000000000000000e+00
0.000000000000000000e+00
0.000000000000000000e+00
0.000000000000000000e+00
0.000000000000000000e+00
1.630000000000000000e+04
0.000000000000000000e+00
0.000000000000000000e+00
0.000000000000000000e+00
5.000000000000000000e+02
0.000000000000000000e+00
0.000000000000000000e+00
0.000000000000000000e+00
0.000000000000000000e+00
0.000000000000000000e+00
0.000000000000000000e+00
0.000000000000000000e+00
0.000000000000000000e+00
0.000000000000000000e+00
0.000000000000000000e+00
0.000000000000000000e+00
1.000000000000000000e+02
0.000000000000000000e+00
0.000000000000000000e+00
0.000000000000000000e+00
0.000000000000000000e+00
0.000000000000000000e+00
0.000000000000000000e+00
0.000000000000000000e+00
0.000000000000000000e+00
0.000000000000000000e+00
0.000000000000000000e+00
0.000000000000000000e+00
0.000000000000000000e+00
0.000000000000000000e+00
0.000000000000000000e+00
0.000000000000000000e+00
9.500000000000000000e+03
1.000000000000000000e+02
0.000000000000000000e+00
0.000000000000000000e+00
3.000000000000000000e+02
0.000000000000000000e+00
0.000000000000000000e+00
0.000000000000000000e+00
1.000000000000000000e+02
0.000000000000000000e+00
0.000000000000000000e+00
0.000000000000000000e+00
0.000000000000000000e+00
0.000000000000000000e+00
0.000000000000000000e+00
0.000000000000000000e+00
0.000000000000000000e+00
0.000000000000000000e+00
0.000000000000000000e+00
0.000000000000000000e+00
0.000000000000000000e+00
0.000000000000000000e+00
0.000000000000000000e+00
0.000000000000000000e+00
0.000000000000000000e+00
0.000000000000000000e+00
0.000000000000000000e+00
0.000000000000000000e+00
0.000000000000000000e+00
0.000000000000000000e+00
0.000000000000000000e+00
0.000000000000000000e+00
1.000000000000000000e+02
0.000000000000000000e+00
0.000000000000000000e+00
0.000000000000000000e+00
0.000000000000000000e+00
0.000000000000000000e+00
0.000000000000000000e+00
0.000000000000000000e+00
0.000000000000000000e+00
0.000000000000000000e+00
0.000000000000000000e+00
0.000000000000000000e+00
0.000000000000000000e+00
0.000000000000000000e+00
0.000000000000000000e+00
0.000000000000000000e+00
0.000000000000000000e+00
0.000000000000000000e+00
0.000000000000000000e+00
0.000000000000000000e+00
0.000000000000000000e+00
0.000000000000000000e+00
0.000000000000000000e+00
0.000000000000000000e+00
0.000000000000000000e+00
0.000000000000000000e+00
0.000000000000000000e+00
0.000000000000000000e+00
0.000000000000000000e+00
0.000000000000000000e+00
0.000000000000000000e+00
0.000000000000000000e+00
1.715000000000000000e+05
6.800000000000000000e+03
2.000000000000000000e+02
0.000000000000000000e+00
3.010000000000000000e+04
0.000000000000000000e+00
0.000000000000000000e+00
0.000000000000000000e+00
2.080000000000000000e+04
0.000000000000000000e+00
0.000000000000000000e+00
0.000000000000000000e+00
3.000000000000000000e+02
0.000000000000000000e+00
0.000000000000000000e+00
0.000000000000000000e+00
1.230000000000000000e+04
0.000000000000000000e+00
0.000000000000000000e+00
0.000000000000000000e+00
4.000000000000000000e+02
0.000000000000000000e+00
0.000000000000000000e+00
0.000000000000000000e+00
0.000000000000000000e+00
0.000000000000000000e+00
0.000000000000000000e+00
0.000000000000000000e+00
0.000000000000000000e+00
0.000000000000000000e+00
0.000000000000000000e+00
0.000000000000000000e+00
6.700000000000000000e+03
0.000000000000000000e+00
0.000000000000000000e+00
0.000000000000000000e+00
0.000000000000000000e+00
0.000000000000000000e+00
0.000000000000000000e+00
0.000000000000000000e+00
0.000000000000000000e+00
0.000000000000000000e+00
0.000000000000000000e+00
0.000000000000000000e+00
0.000000000000000000e+00
0.000000000000000000e+00
0.000000000000000000e+00
0.000000000000000000e+00
0.000000000000000000e+00
0.000000000000000000e+00
0.000000000000000000e+00
0.000000000000000000e+00
0.000000000000000000e+00
0.000000000000000000e+00
0.000000000000000000e+00
0.000000000000000000e+00
0.000000000000000000e+00
0.000000000000000000e+00
0.000000000000000000e+00
0.000000000000000000e+00
0.000000000000000000e+00
0.000000000000000000e+00
0.000000000000000000e+00
0.000000000000000000e+00
3.600000000000000000e+03
0.000000000000000000e+00
0.000000000000000000e+00
0.000000000000000000e+00
1.000000000000000000e+02
0.000000000000000000e+00
0.000000000000000000e+00
0.000000000000000000e+00
0.000000000000000000e+00
0.000000000000000000e+00
0.000000000000000000e+00
0.000000000000000000e+00
0.000000000000000000e+00
0.000000000000000000e+00
0.000000000000000000e+00
0.000000000000000000e+00
0.000000000000000000e+00
0.000000000000000000e+00
0.000000000000000000e+00
0.000000000000000000e+00
0.000000000000000000e+00
0.000000000000000000e+00
0.000000000000000000e+00
0.000000000000000000e+00
0.000000000000000000e+00
0.000000000000000000e+00
0.000000000000000000e+00
0.000000000000000000e+00
0.000000000000000000e+00
0.000000000000000000e+00
0.000000000000000000e+00
0.000000000000000000e+00
0.000000000000000000e+00
0.000000000000000000e+00
0.000000000000000000e+00
0.000000000000000000e+00
0.000000000000000000e+00
0.000000000000000000e+00
0.000000000000000000e+00
0.000000000000000000e+00
0.000000000000000000e+00
0.000000000000000000e+00
0.000000000000000000e+00
0.000000000000000000e+00
0.000000000000000000e+00
0.000000000000000000e+00
0.000000000000000000e+00
0.000000000000000000e+00
0.000000000000000000e+00
0.000000000000000000e+00
0.000000000000000000e+00
0.000000000000000000e+00
0.000000000000000000e+00
0.000000000000000000e+00
0.000000000000000000e+00
0.000000000000000000e+00
0.000000000000000000e+00
0.000000000000000000e+00
0.000000000000000000e+00
0.000000000000000000e+00
0.000000000000000000e+00
0.000000000000000000e+00
0.000000000000000000e+00
0.000000000000000000e+00
2.100000000000000000e+03
0.000000000000000000e+00
0.000000000000000000e+00
0.000000000000000000e+00
0.000000000000000000e+00
0.000000000000000000e+00
0.000000000000000000e+00
0.000000000000000000e+00
0.000000000000000000e+00
0.000000000000000000e+00
0.000000000000000000e+00
0.000000000000000000e+00
0.000000000000000000e+00
0.000000000000000000e+00
0.000000000000000000e+00
0.000000000000000000e+00
0.000000000000000000e+00
0.000000000000000000e+00
0.000000000000000000e+00
0.000000000000000000e+00
0.000000000000000000e+00
0.000000000000000000e+00
0.000000000000000000e+00
0.000000000000000000e+00
0.000000000000000000e+00
0.000000000000000000e+00
0.000000000000000000e+00
0.000000000000000000e+00
0.000000000000000000e+00
0.000000000000000000e+00
0.000000000000000000e+00
0.000000000000000000e+00
0.000000000000000000e+00
0.000000000000000000e+00
0.000000000000000000e+00
0.000000000000000000e+00
0.000000000000000000e+00
0.000000000000000000e+00
0.000000000000000000e+00
0.000000000000000000e+00
0.000000000000000000e+00
0.000000000000000000e+00
0.000000000000000000e+00
0.000000000000000000e+00
0.000000000000000000e+00
0.000000000000000000e+00
0.000000000000000000e+00
0.000000000000000000e+00
0.000000000000000000e+00
0.000000000000000000e+00
0.000000000000000000e+00
0.000000000000000000e+00
0.000000000000000000e+00
0.000000000000000000e+00
0.000000000000000000e+00
0.000000000000000000e+00
0.000000000000000000e+00
0.000000000000000000e+00
0.000000000000000000e+00
0.000000000000000000e+00
0.000000000000000000e+00
0.000000000000000000e+00
0.000000000000000000e+00
0.000000000000000000e+00
0.000000000000000000e+00
0.000000000000000000e+00
0.000000000000000000e+00
0.000000000000000000e+00
0.000000000000000000e+00
0.000000000000000000e+00
0.000000000000000000e+00
0.000000000000000000e+00
0.000000000000000000e+00
0.000000000000000000e+00
0.000000000000000000e+00
0.000000000000000000e+00
0.000000000000000000e+00
0.000000000000000000e+00
0.000000000000000000e+00
0.000000000000000000e+00
0.000000000000000000e+00
0.000000000000000000e+00
0.000000000000000000e+00
0.000000000000000000e+00
0.000000000000000000e+00
0.000000000000000000e+00
0.000000000000000000e+00
0.000000000000000000e+00
0.000000000000000000e+00
0.000000000000000000e+00
0.000000000000000000e+00
0.000000000000000000e+00
0.000000000000000000e+00
0.000000000000000000e+00
0.000000000000000000e+00
0.000000000000000000e+00
0.000000000000000000e+00
0.000000000000000000e+00
0.000000000000000000e+00
0.000000000000000000e+00
0.000000000000000000e+00
0.000000000000000000e+00
0.000000000000000000e+00
0.000000000000000000e+00
0.000000000000000000e+00
0.000000000000000000e+00
0.000000000000000000e+00
0.000000000000000000e+00
0.000000000000000000e+00
0.000000000000000000e+00
0.000000000000000000e+00
0.000000000000000000e+00
0.000000000000000000e+00
0.000000000000000000e+00
0.000000000000000000e+00
0.000000000000000000e+00
0.000000000000000000e+00
0.000000000000000000e+00
0.000000000000000000e+00
0.000000000000000000e+00
0.000000000000000000e+00
0.000000000000000000e+00
0.000000000000000000e+00
0.000000000000000000e+00
0.000000000000000000e+00
0.000000000000000000e+00
0.000000000000000000e+00
0.000000000000000000e+00
