1.000000000000000000e+06
4.999000000000000000e+05
4.958000000000000000e+05
4.995000000000000000e+05
4.973000000000000000e+05
5.010000000000000000e+05
5.015000000000000000e+05
5.073000000000000000e+05
5.016000000000000000e+05
4.983000000000000000e+05
4.997000000000000000e+05
5.002000000000000000e+05
5.015000000000000000e+05
4.986000000000000000e+05
5.003000000000000000e+05
4.996000000000000000e+05
4.986000000000000000e+05
5.032000000000000000e+05
5.067000000000000000e+05
5.021000000000000000e+05
4.963000000000000000e+05
5.028000000000000000e+05
5.024000000000000000e+05
5.021000000000000000e+05
5.128000000000000000e+05
4.956000000000000000e+05
5.041000000000000000e+05
4.944000000000000000e+05
5.050000000000000000e+05
4.959000000000000000e+05
4.959000000000000000e+05
4.547000000000000000e+05
5.073000000000000000e+05
5.001000000000000000e+05
4.963000000000000000e+05
5.067000000000000000e+05
5.046000000000000000e+05
5.060000000000000000e+05
5.085000000000000000e+05
5.072000000000000000e+05
4.985000000000000000e+05
5.094000000000000000e+05
5.053000000000000000e+05
4.930000000000000000e+05
4.945000000000000000e+05
4.968000000000000000e+05
5.066000000000000000e+05
4.480000000000000000e+05
5.083000000000000000e+05
4.970000000000000000e+05
5.051000000000000000e+05
4.910000000000000000e+05
5.000000000000000000e+05
4.899000000000000000e+05
4.960000000000000000e+05
4.201000000000000000e+05
5.057000000000000000e+05
4.996000000000000000e+05
5.004000000000000000e+05
4.017000000000000000e+05
4.965000000000000000e+05
5.004000000000000000e+05
4.720000000000000000e+05
1.897000000000000000e+05
4.974000000000000000e+05
5.031000000000000000e+05
4.997000000000000000e+05
4.898000000000000000e+05
5.032000000000000000e+05
4.944000000000000000e+05
4.967000000000000000e+05
4.969000000000000000e+05
5.026000000000000000e+05
4.954000000000000000e+05
4.957000000000000000e+05
5.025000000000000000e+05
4.988000000000000000e+05
5.044000000000000000e+05
5.048000000000000000e+05
4.132000000000000000e+05
5.014000000000000000e+05
4.925000000000000000e+05
4.975000000000000000e+05
4.862000000000000000e+05
4.934000000000000000e+05
4.904000000000000000e+05
4.991000000000000000e+05
3.803000000000000000e+05
4.996000000000000000e+05
5.053000000000000000e+05
5.003000000000000000e+05
3.350000000000000000e+05
5.061000000000000000e+05
5.020000000000000000e+05
4.572000000000000000e+05
1.271000000000000000e+05
5.065000000000000000e+05
4.997000000000000000e+05
4.986000000000000000e+05
4.691000000000000000e+05
4.978000000000000000e+05
4.973000000000000000e+05
4.944000000000000000e+05
3.184000000000000000e+05
4.991000000000000000e+05
4.963000000000000000e+05
4.965000000000000000e+05
2.726000000000000000e+05
4.983000000000000000e+05
4.993000000000000000e+05
4.387000000000000000e+05
7.570000000000000000e+04
5.020000000000000000e+05
4.951000000000000000e+05
4.916000000000000000e+05
2.079000000000000000e+05
4.866000000000000000e+05
5.069000000000000000e+05
4.040000000000000000e+05
4.430000000000000000e+04
4.931000000000000000e+05
4.954000000000000000e+05
3.788000000000000000e+05
2.670000000000000000e+04
4.981000000000000000e+05
4.788000000000000000e+05
1.639000000000000000e+05
7.000000000000000000e+02
4.975000000000000000e+05
5.031000000000000000e+05
5.073000000000000000e+05
4.915000000000000000e+05
5.022000000000000000e+05
5.101000000000000000e+05
5.076000000000000000e+05
4.848000000000000000e+05
4.970000000000000000e+05
5.078000000000000000e+05
4.976000000000000000e+05
4.791000000000000000e+05
4.992000000000000000e+05
4.912000000000000000e+05
5.051000000000000000e+05
3.375000000000000000e+05
5.039000000000000000e+05
5.047000000000000000e+05
5.049000000000000000e+05
4.581000000000000000e+05
5.013000000000000000e+05
4.943000000000000000e+05
5.005000000000000000e+05
2.905000000000000000e+05
5.111000000000000000e+05
5.050000000000000000e+05
5.012000000000000000e+05
2.432000000000000000e+05
4.964000000000000000e+05
4.889000000000000000e+05
4.199000000000000000e+05
6.010000000000000000e+04
5.011000000000000000e+05
4.987000000000000000e+05
4.924000000000000000e+05
4.198000000000000000e+05
4.967000000000000000e+05
4.985000000000000000e+05
4.879000000000000000e+05
2.218000000000000000e+05
4.989000000000000000e+05
4.959000000000000000e+05
5.009000000000000000e+05
1.797000000000000000e+05
4.893000000000000000e+05
4.947000000000000000e+05
3.785000000000000000e+05
2.720000000000000000e+04
4.993000000000000000e+05
5.055000000000000000e+05
4.843000000000000000e+05
1.283000000000000000e+05
5.072000000000000000e+05
5.012000000000000000e+05
3.455000000000000000e+05
1.540000000000000000e+04
4.990000000000000000e+05
5.003000000000000000e+05
3.073000000000000000e+05
8.400000000000000000e+03
5.022000000000000000e+05
4.724000000000000000e+05
9.310000000000000000e+04
0.000000000000000000e+00
4.946000000000000000e+05
4.963000000000000000e+05
5.038000000000000000e+05
3.598000000000000000e+05
4.987000000000000000e+05
5.022000000000000000e+05
4.842000000000000000e+05
1.470000000000000000e+05
5.018000000000000000e+05
4.980000000000000000e+05
4.709000000000000000e+05
1.038000000000000000e+05
5.025000000000000000e+05
5.004000000000000000e+05
3.088000000000000000e+05
9.900000000000000000e+03
4.930000000000000000e+05
5.025000000000000000e+05
4.642000000000000000e+05
6.590000000000000000e+04
4.936000000000000000e+05
4.891000000000000000e+05
2.682000000000000000e+05
4.500000000000000000e+03
5.001000000000000000e+05
4.977000000000000000e+05
2.261000000000000000e+05
1.400000000000000000e+03
5.072000000000000000e+05
4.532000000000000000e+05
5.480000000000000000e+04
0.000000000000000000e+00
5.100000000000000000e+05
4.935000000000000000e+05
4.230000000000000000e+05
3.880000000000000000e+04
4.966000000000000000e+05
4.984000000000000000e+05
2.017000000000000000e+05
1.200000000000000000e+03
5.014000000000000000e+05
4.914000000000000000e+05
1.597000000000000000e+05
3.000000000000000000e+02
5.012000000000000000e+05
4.405000000000000000e+05
2.440000000000000000e+04
0.000000000000000000e+00
5.000000000000000000e+05
4.959000000000000000e+05
1.186000000000000000e+05
5.000000000000000000e+02
4.999000000000000000e+05
4.173000000000000000e+05
1.530000000000000000e+04
0.000000000000000000e+00
4.954000000000000000e+05
4.100000000000000000e+05
7.300000000000000000e+03
0.000000000000000000e+00
4.975000000000000000e+05
2.025000000000000000e+05
1.000000000000000000e+02
0.000000000000000000e+00
5.029000000000000000e+05
4.970000000000000000e+05
4.988000000000000000e+05
4.946000000000000000e+05
4.887000000000000000e+05
4.947000000000000000e+05
4.981000000000000000e+05
4.384000000000000000e+05
4.999000000000000000e+05
5.035000000000000000e+05
4.994000000000000000e+05
4.179000000000000000e+05
5.054000000000000000e+05
5.017000000000000000e+05
4.942000000000000000e+05
2.108000000000000000e+05
5.003000000000000000e+05
5.043000000000000000e+05
4.951000000000000000e+05
3.798000000000000000e+05
5.022000000000000000e+05
4.996000000000000000e+05
4.991000000000000000e+05
1.583000000000000000e+05
5.058000000000000000e+05
5.031000000000000000e+05
4.829000000000000000e+05
1.232000000000000000e+05
4.942000000000000000e+05
4.911000000000000000e+05
3.263000000000000000e+05
1.330000000000000000e+04
5.001000000000000000e+05
5.014000000000000000e+05
5.050000000000000000e+05
3.229000000000000000e+05
4.995000000000000000e+05
5.062000000000000000e+05
4.773000000000000000e+05
1.052000000000000000e+05
5.093000000000000000e+05
5.002000000000000000e+05
4.654000000000000000e+05
7.390000000000000000e+04
4.941000000000000000e+05
4.931000000000000000e+05
2.875000000000000000e+05
4.700000000000000000e+03
4.930000000000000000e+05
4.993000000000000000e+05
4.379000000000000000e+05
4.680000000000000000e+04
5.008000000000000000e+05
5.026000000000000000e+05
2.318000000000000000e+05
2.200000000000000000e+03
4.961000000000000000e+05
4.971000000000000000e+05
1.948000000000000000e+05
9.000000000000000000e+02
4.923000000000000000e+05
4.481000000000000000e+05
3.660000000000000000e+04
0.000000000000000000e+00
5.086000000000000000e+05
4.937000000000000000e+05
4.939000000000000000e+05
2.380000000000000000e+05
5.013000000000000000e+05
4.980000000000000000e+05
4.426000000000000000e+05
5.230000000000000000e+04
4.931000000000000000e+05
4.991000000000000000e+05
4.135000000000000000e+05
3.400000000000000000e+04
4.884000000000000000e+05
4.969000000000000000e+05
2.062000000000000000e+05
8.000000000000000000e+02
5.080000000000000000e+05
4.974000000000000000e+05
3.695000000000000000e+05
2.040000000000000000e+04
5.039000000000000000e+05
4.968000000000000000e+05
1.635000000000000000e+05
5.000000000000000000e+02
5.004000000000000000e+05
4.951000000000000000e+05
1.211000000000000000e+05
0.000000000000000000e+00
5.042000000000000000e+05
4.257000000000000000e+05
1.510000000000000000e+04
0.000000000000000000e+00
4.915000000000000000e+05
4.945000000000000000e+05
3.114000000000000000e+05
1.020000000000000000e+04
4.882000000000000000e+05
4.974000000000000000e+05
1.038000000000000000e+05
0.000000000000000000e+00
5.040000000000000000e+05
4.921000000000000000e+05
7.000000000000000000e+04
0.000000000000000000e+00
4.986000000000000000e+05
4.083000000000000000e+05
4.800000000000000000e+03
0.000000000000000000e+00
5.066000000000000000e+05
4.825000000000000000e+05
4.820000000000000000e+04
0.000000000000000000e+00
5.049000000000000000e+05
3.794000000000000000e+05
2.700000000000000000e+03
0.000000000000000000e+00
5.015000000000000000e+05
3.517000000000000000e+05
1.100000000000000000e+03
0.000000000000000000e+00
5.061000000000000000e+05
1.445000000000000000e+05
0.000000000000000000e+00
0.000000000000000000e+00
4.945000000000000000e+05
4.960000000000000000e+05
4.772000000000000000e+05
1.557000000000000000e+05
4.950000000000000000e+05
5.041000000000000000e+05
3.709000000000000000e+05
2.050000000000000000e+04
4.949000000000000000e+05
4.901000000000000000e+05
3.384000000000000000e+05
1.320000000000000000e+04
5.068000000000000000e+05
4.993000000000000000e+05
1.226000000000000000e+05
0.000000000000000000e+00
4.986000000000000000e+05
5.031000000000000000e+05
2.761000000000000000e+05
5.700000000000000000e+03
4.929000000000000000e+05
4.901000000000000000e+05
8.150000000000000000e+04
0.000000000000000000e+00
5.003000000000000000e+05
4.864000000000000000e+05
5.790000000000000000e+04
0.000000000000000000e+00
5.032000000000000000e+05
3.912000000000000000e+05
3.400000000000000000e+03
0.000000000000000000e+00
5.029000000000000000e+05
4.996000000000000000e+05
2.175000000000000000e+05
4.300000000000000000e+03
4.975000000000000000e+05
4.861000000000000000e+05
4.860000000000000000e+04
0.000000000000000000e+00
4.967000000000000000e+05
4.803000000000000000e+05
3.100000000000000000e+04
0.000000000000000000e+00
4.998000000000000000e+05
3.603000000000000000e+05
1.200000000000000000e+03
0.000000000000000000e+00
5.077000000000000000e+05
4.688000000000000000e+05
1.890000000000000000e+04
0.000000000000000000e+00
5.102000000000000000e+05
3.127000000000000000e+05
6.000000000000000000e+02
0.000000000000000000e+00
5.062000000000000000e+05
2.799000000000000000e+05
4.000000000000000000e+02
0.000000000000000000e+00
4.974000000000000000e+05
8.810000000000000000e+04
0.000000000000000000e+00
0.000000000000000000e+00
5.006000000000000000e+05
4.938000000000000000e+05
1.464000000000000000e+05
1.100000000000000000e+03
4.945000000000000000e+05
4.756000000000000000e+05
2.310000000000000000e+04
0.000000000000000000e+00
4.992000000000000000e+05
4.660000000000000000e+05
1.410000000000000000e+04
0.000000000000000000e+00
5.004000000000000000e+05
2.925000000000000000e+05
4.000000000000000000e+02
0.000000000000000000e+00
5.049000000000000000e+05
4.382000000000000000e+05
9.200000000000000000e+03
0.000000000000000000e+00
5.035000000000000000e+05
2.553000000000000000e+05
0.000000000000000000e+00
0.000000000000000000e+00
4.969000000000000000e+05
2.133000000000000000e+05
0.000000000000000000e+00
0.000000000000000000e+00
4.989000000000000000e+05
4.520000000000000000e+04
0.000000000000000000e+00
0.000000000000000000e+00
5.008000000000000000e+05
4.036000000000000000e+05
5.100000000000000000e+03
0.000000000000000000e+00
4.998000000000000000e+05
1.933000000000000000e+05
0.000000000000000000e+00
0.000000000000000000e+00
5.032000000000000000e+05
1.525000000000000000e+05
1.000000000000000000e+02
0.000000000000000000e+00
4.881000000000000000e+05
2.530000000000000000e+04
0.000000000000000000e+00
0.000000000000000000e+00
4.988000000000000000e+05
1.042000000000000000e+05
0.000000000000000000e+00
0.000000000000000000e+00
4.827000000000000000e+05
1.230000000000000000e+04
0.000000000000000000e+00
0.000000000000000000e+00
4.863000000000000000e+05
6.600000000000000000e+03
0.000000000000000000e+00
0.000000000000000000e+00
3.561000000000000000e+05
0.000000000000000000e+00
0.000000000000000000e+00
0.000000000000000000e+00
5.090000000000000000e+05
5.028000000000000000e+05
5.067000000000000000e+05
4.768000000000000000e+05
4.966000000000000000e+05
4.971000000000000000e+05
5.012000000000000000e+05
3.462000000000000000e+05
5.009000000000000000e+05
4.898000000000000000e+05
5.035000000000000000e+05
2.965000000000000000e+05
4.952000000000000000e+05
5.112000000000000000e+05
4.530000000000000000e+05
9.480000000000000000e+04
5.089000000000000000e+05
5.032000000000000000e+05
4.905000000000000000e+05
2.496000000000000000e+05
4.983000000000000000e+05
5.120000000000000000e+05
4.344000000000000000e+05
6.470000000000000000e+04
5.098000000000000000e+05
4.952000000000000000e+05
4.155000000000000000e+05
4.270000000000000000e+04
5.020000000000000000e+05
5.054000000000000000e+05
2.003000000000000000e+05
1.700000000000000000e+03
5.024000000000000000e+05
4.977000000000000000e+05
4.944000000000000000e+05
1.813000000000000000e+05
4.997000000000000000e+05
4.997000000000000000e+05
3.905000000000000000e+05
3.260000000000000000e+04
4.930000000000000000e+05
4.976000000000000000e+05
3.641000000000000000e+05
1.740000000000000000e+04
5.098000000000000000e+05
4.878000000000000000e+05
1.472000000000000000e+05
4.000000000000000000e+02
5.003000000000000000e+05
4.962000000000000000e+05
3.089000000000000000e+05
1.040000000000000000e+04
4.954000000000000000e+05
5.022000000000000000e+05
1.027000000000000000e+05
1.000000000000000000e+02
5.031000000000000000e+05
4.989000000000000000e+05
7.550000000000000000e+04
0.000000000000000000e+00
4.937000000000000000e+05
4.045000000000000000e+05
6.600000000000000000e+03
0.000000000000000000e+00
5.079000000000000000e+05
4.998000000000000000e+05
4.848000000000000000e+05
1.227000000000000000e+05
4.993000000000000000e+05
4.924000000000000000e+05
3.316000000000000000e+05
1.270000000000000000e+04
4.863000000000000000e+05
5.023000000000000000e+05
2.914000000000000000e+05
7.000000000000000000e+03
4.991000000000000000e+05
5.004000000000000000e+05
8.740000000000000000e+04
0.000000000000000000e+00
5.034000000000000000e+05
4.972000000000000000e+05
2.383000000000000000e+05
3.600000000000000000e+03
5.007000000000000000e+05
5.001000000000000000e+05
5.710000000000000000e+04
0.000000000000000000e+00
4.978000000000000000e+05
4.855000000000000000e+05
3.610000000000000000e+04
0.000000000000000000e+00
5.026000000000000000e+05
3.677000000000000000e+05
1.600000000000000000e+03
0.000000000000000000e+00
4.923000000000000000e+05
4.967000000000000000e+05
1.701000000000000000e+05
1.300000000000000000e+03
5.065000000000000000e+05
4.808000000000000000e+05
2.630000000000000000e+04
0.000000000000000000e+00
4.985000000000000000e+05
4.733000000000000000e+05
2.140000000000000000e+04
0.000000000000000000e+00
5.051000000000000000e+05
3.319000000000000000e+05
5.000000000000000000e+02
0.000000000000000000e+00
5.014000000000000000e+05
4.504000000000000000e+05
1.170000000000000000e+04
0.000000000000000000e+00
4.989000000000000000e+05
2.864000000000000000e+05
0.000000000000000000e+00
0.000000000000000000e+00
5.079000000000000000e+05
2.519000000000000000e+05
3.000000000000000000e+02
0.000000000000000000e+00
4.944000000000000000e+05
6.320000000000000000e+04
0.000000000000000000e+00
0.000000000000000000e+00
5.044000000000000000e+05
5.017000000000000000e+05
4.398000000000000000e+05
6.330000000000000000e+04
5.059000000000000000e+05
4.923000000000000000e+05
2.365000000000000000e+05
3.300000000000000000e+03
5.031000000000000000e+05
5.059000000000000000e+05
1.941000000000000000e+05
1.600000000000000000e+03
4.961000000000000000e+05
4.839000000000000000e+05
3.880000000000000000e+04
0.000000000000000000e+00
5.009000000000000000e+05
5.045000000000000000e+05
1.511000000000000000e+05
9.000000000000000000e+02
5.042000000000000000e+05
4.714000000000000000e+05
2.200000000000000000e+04
0.000000000000000000e+00
4.966000000000000000e+05
4.686000000000000000e+05
1.320000000000000000e+04
0.000000000000000000e+00
4.997000000000000000e+05
3.070000000000000000e+05
5.000000000000000000e+02
0.000000000000000000e+00
4.976000000000000000e+05
5.011000000000000000e+05
1.007000000000000000e+05
3.000000000000000000e+02
4.998000000000000000e+05
4.578000000000000000e+05
1.190000000000000000e+04
0.000000000000000000e+00
5.045000000000000000e+05
4.407000000000000000e+05
4.400000000000000000e+03
0.000000000000000000e+00
4.958000000000000000e+05
2.568000000000000000e+05
0.000000000000000000e+00
0.000000000000000000e+00
5.006000000000000000e+05
4.217000000000000000e+05
3.500000000000000000e+03
0.000000000000000000e+00
4.963000000000000000e+05
2.107000000000000000e+05
0.000000000000000000e+00
0.000000000000000000e+00
5.047000000000000000e+05
1.746000000000000000e+05
0.000000000000000000e+00
0.000000000000000000e+00
4.907000000000000000e+05
3.330000000000000000e+04
0.000000000000000000e+00
0.000000000000000000e+00
5.017000000000000000e+05
4.889000000000000000e+05
5.830000000000000000e+04
3.000000000000000000e+02
4.916000000000000000e+05
4.272000000000000000e+05
3.700000000000000000e+03
0.000000000000000000e+00
5.032000000000000000e+05
4.023000000000000000e+05
1.800000000000000000e+03
0.000000000000000000e+00
5.078000000000000000e+05
1.819000000000000000e+05
0.000000000000000000e+00
0.000000000000000000e+00
4.983000000000000000e+05
3.497000000000000000e+05
1.000000000000000000e+03
0.000000000000000000e+00
5.054000000000000000e+05
1.422000000000000000e+05
0.000000000000000000e+00
0.000000000000000000e+00
5.041000000000000000e+05
1.080000000000000000e+05
0.000000000000000000e+00
0.000000000000000000e+00
4.842000000000000000e+05
1.290000000000000000e+04
0.000000000000000000e+00
0.000000000000000000e+00
4.998000000000000000e+05
2.914000000000000000e+05
6.000000000000000000e+02
0.000000000000000000e+00
5.013000000000000000e+05
9.490000000000000000e+04
0.000000000000000000e+00
0.000000000000000000e+00
4.949000000000000000e+05
6.420000000000000000e+04
0.000000000000000000e+00
0.000000000000000000e+00
4.815000000000000000e+05
5.200000000000000000e+03
0.000000000000000000e+00
0.000000000000000000e+00
5.025000000000000000e+05
4.420000000000000000e+04
0.000000000000000000e+00
0.000000000000000000e+00
4.730000000000000000e+05
1.600000000000000000e+03
0.000000000000000000e+00
0.000000000000000000e+00
4.724000000000000000e+05
1.400000000000000000e+03
0.000000000000000000e+00
0.000000000000000000e+00
3.257000000000000000e+05
0.000000000000000000e+00
0.000000000000000000e+00
0.000000000000000000e+00
5.026000000000000000e+05
5.009000000000000000e+05
3.668000000000000000e+05
3.610000000000000000e+04
5.044000000000000000e+05
4.885000000000000000e+05
1.374000000000000000e+05
6.000000000000000000e+02
5.003000000000000000e+05
4.972000000000000000e+05
1.049000000000000000e+05
1.000000000000000000e+02
4.954000000000000000e+05
4.465000000000000000e+05
1.160000000000000000e+04
0.000000000000000000e+00
4.982000000000000000e+05
4.977000000000000000e+05
7.440000000000000000e+04
5.000000000000000000e+02
5.009000000000000000e+05
4.376000000000000000e+05
6.000000000000000000e+03
0.000000000000000000e+00
5.017000000000000000e+05
4.180000000000000000e+05
3.000000000000000000e+03
0.000000000000000000e+00
5.012000000000000000e+05
2.169000000000000000e+05
0.000000000000000000e+00
0.000000000000000000e+00
5.018000000000000000e+05
4.980000000000000000e+05
4.490000000000000000e+04
1.000000000000000000e+02
5.042000000000000000e+05
3.989000000000000000e+05
2.300000000000000000e+03
0.000000000000000000e+00
5.046000000000000000e+05
3.651000000000000000e+05
1.200000000000000000e+03
0.000000000000000000e+00
5.013000000000000000e+05
1.523000000000000000e+05
0.000000000000000000e+00
0.000000000000000000e+00
4.978000000000000000e+05
3.268000000000000000e+05
7.000000000000000000e+02
0.000000000000000000e+00
4.910000000000000000e+05
1.157000000000000000e+05
0.000000000000000000e+00
0.000000000000000000e+00
4.990000000000000000e+05
8.670000000000000000e+04
0.000000000000000000e+00
0.000000000000000000e+00
4.805000000000000000e+05
7.300000000000000000e+03
0.000000000000000000e+00
0.000000000000000000e+00
5.042000000000000000e+05
4.762000000000000000e+05
2.470000000000000000e+04
0.000000000000000000e+00
4.988000000000000000e+05
3.467000000000000000e+05
1.100000000000000000e+03
0.000000000000000000e+00
5.098000000000000000e+05
3.113000000000000000e+05
4.000000000000000000e+02
0.000000000000000000e+00
5.058000000000000000e+05
1.040000000000000000e+05
0.000000000000000000e+00
0.000000000000000000e+00
4.978000000000000000e+05
2.495000000000000000e+05
2.000000000000000000e+02
0.000000000000000000e+00
5.005000000000000000e+05
7.310000000000000000e+04
0.000000000000000000e+00
0.000000000000000000e+00
4.944000000000000000e+05
4.640000000000000000e+04
0.000000000000000000e+00
0.000000000000000000e+00
4.737000000000000000e+05
2.900000000000000000e+03
0.000000000000000000e+00
0.000000000000000000e+00
5.033000000000000000e+05
1.969000000000000000e+05
0.000000000000000000e+00
0.000000000000000000e+00
4.957000000000000000e+05
4.100000000000000000e+04
0.000000000000000000e+00
0.000000000000000000e+00
4.917000000000000000e+05
2.920000000000000000e+04
0.000000000000000000e+00
0.000000000000000000e+00
4.707000000000000000e+05
1.300000000000000000e+03
0.000000000000000000e+00
0.000000000000000000e+00
4.946000000000000000e+05
1.440000000000000000e+04
0.000000000000000000e+00
0.000000000000000000e+00
4.492000000000000000e+05
1.000000000000000000e+02
0.000000000000000000e+00
0.000000000000000000e+00
4.442000000000000000e+05
2.000000000000000000e+02
0.000000000000000000e+00
0.000000000000000000e+00
2.593000000000000000e+05
0.000000000000000000e+00
0.000000000000000000e+00
0.000000000000000000e+00
5.097000000000000000e+05
4.427000000000000000e+05
1.520000000000000000e+04
0.000000000000000000e+00
5.039000000000000000e+05
2.537000000000000000e+05
5.000000000000000000e+02
0.000000000000000000e+00
5.019000000000000000e+05
2.099000000000000000e+05
1.000000000000000000e+02
0.000000000000000000e+00
5.012000000000000000e+05
4.590000000000000000e+04
0.000000000000000000e+00
0.000000000000000000e+00
5.001000000000000000e+05
1.634000000000000000e+05
1.000000000000000000e+02
0.000000000000000000e+00
4.995000000000000000e+05
3.080000000000000000e+04
0.000000000000000000e+00
0.000000000000000000e+00
5.003000000000000000e+05
1.940000000000000000e+04
0.000000000000000000e+00
0.000000000000000000e+00
4.564000000000000000e+05
6.000000000000000000e+02
0.000000000000000000e+00
0.000000000000000000e+00
5.010000000000000000e+05
1.152000000000000000e+05
0.000000000000000000e+00
0.000000000000000000e+00
4.927000000000000000e+05
1.660000000000000000e+04
0.000000000000000000e+00
0.000000000000000000e+00
5.003000000000000000e+05
7.800000000000000000e+03
0.000000000000000000e+00
0.000000000000000000e+00
4.427000000000000000e+05
2.000000000000000000e+02
0.000000000000000000e+00
0.000000000000000000e+00
4.928000000000000000e+05
3.400000000000000000e+03
0.000000000000000000e+00
0.000000000000000000e+00
4.188000000000000000e+05
0.000000000000000000e+00
0.000000000000000000e+00
0.000000000000000000e+00
4.005000000000000000e+05
0.000000000000000000e+00
0.000000000000000000e+00
0.000000000000000000e+00
2.022000000000000000e+05
0.000000000000000000e+00
0.000000000000000000e+00
0.000000000000000000e+00
5.048000000000000000e+05
7.110000000000000000e+04
0.000000000000000000e+00
0.000000000000000000e+00
4.918000000000000000e+05
6.600000000000000000e+03
0.000000000000000000e+00
0.000000000000000000e+00
4.975000000000000000e+05
3.700000000000000000e+03
0.000000000000000000e+00
0.000000000000000000e+00
4.100000000000000000e+05
0.000000000000000000e+00
0.000000000000000000e+00
0.000000000000000000e+00
4.922000000000000000e+05
1.900000000000000000e+03
0.000000000000000000e+00
0.000000000000000000e+00
3.771000000000000000e+05
0.000000000000000000e+00
0.000000000000000000e+00
0.000000000000000000e+00
3.589000000000000000e+05
0.000000000000000000e+00
0.000000000000000000e+00
0.000000000000000000e+00
1.443000000000000000e+05
0.000000000000000000e+00
0.000000000000000000e+00
0.000000000000000000e+00
4.644000000000000000e+05
6.000000000000000000e+02
0.000000000000000000e+00
0.000000000000000000e+00
3.375000000000000000e+05
0.000000000000000000e+00
0.000000000000000000e+00
0.000000000000000000e+00
2.907000000000000000e+05
0.000000000000000000e+00
0.000000000000000000e+00
0.000000000000000000e+00
9.810000000000000000e+04
0.000000000000000000e+00
0.000000000000000000e+00
0.000000000000000000e+00
2.443000000000000000e+05
0.000000000000000000e+00
0.000000000000000000e+00
0.000000000000000000e+00
6.650000000000000000e+04
0.000000000000000000e+00
0.000000000000000000e+00
0.000000000000000000e+00
4.420000000000000000e+04
0.000000000000000000e+00
0.000000000000000000e+00
0.000000000000000000e+00
2.700000000000000000e+03
0.000000000000000000e+00
0.000000000000000000e+00
0.000000000000000000e+00
