1.000000000000000000e+06
4.941000000000000000e+05
4.996000000000000000e+05
5.002000000000000000e+05
9.934000000000000000e+05
4.984000000000000000e+05
4.939000000000000000e+05
5.000000000000000000e+05
9.776000000000000000e+05
4.985000000000000000e+05
5.098000000000000000e+05
4.987000000000000000e+05
4.939000000000000000e+05
4.952000000000000000e+05
4.991000000000000000e+05
5.008000000000000000e+05
9.206000000000000000e+05
5.022000000000000000e+05
5.040000000000000000e+05
4.996000000000000000e+05
5.004000000000000000e+05
4.958000000000000000e+05
5.028000000000000000e+05
5.023000000000000000e+05
4.930000000000000000e+05
4.969000000000000000e+05
4.959000000000000000e+05
4.891000000000000000e+05
5.004000000000000000e+05
4.902000000000000000e+05
5.048000000000000000e+05
4.899000000000000000e+05
7.355000000000000000e+05
5.007000000000000000e+05
4.989000000000000000e+05
4.981000000000000000e+05
4.997000000000000000e+05
5.063000000000000000e+05
5.034000000000000000e+05
5.012000000000000000e+05
5.001000000000000000e+05
4.974000000000000000e+05
4.992000000000000000e+05
5.024000000000000000e+05
5.046000000000000000e+05
4.982000000000000000e+05
4.948000000000000000e+05
4.946000000000000000e+05
4.958000000000000000e+05
5.050000000000000000e+05
4.990000000000000000e+05
5.055000000000000000e+05
4.998000000000000000e+05
4.981000000000000000e+05
4.924000000000000000e+05
4.913000000000000000e+05
4.944000000000000000e+05
4.965000000000000000e+05
5.021000000000000000e+05
4.837000000000000000e+05
5.034000000000000000e+05
5.021000000000000000e+05
5.066000000000000000e+05
3.479000000000000000e+05
5.356000000000000000e+05
4.946000000000000000e+05
5.012000000000000000e+05
4.949000000000000000e+05
4.968000000000000000e+05
5.057000000000000000e+05
5.018000000000000000e+05
5.063000000000000000e+05
4.983000000000000000e+05
4.919000000000000000e+05
4.964000000000000000e+05
4.980000000000000000e+05
5.004000000000000000e+05
4.936000000000000000e+05
5.032000000000000000e+05
4.847000000000000000e+05
5.000000000000000000e+05
5.099000000000000000e+05
5.041000000000000000e+05
4.997000000000000000e+05
4.927000000000000000e+05
4.918000000000000000e+05
5.002000000000000000e+05
4.748000000000000000e+05
4.936000000000000000e+05
5.066000000000000000e+05
4.962000000000000000e+05
4.667000000000000000e+05
4.931000000000000000e+05
4.956000000000000000e+05
4.917000000000000000e+05
3.059000000000000000e+05
5.014000000000000000e+05
5.070000000000000000e+05
4.905000000000000000e+05
4.952000000000000000e+05
4.966000000000000000e+05
4.972000000000000000e+05
5.064000000000000000e+05
4.530000000000000000e+05
4.976000000000000000e+05
4.999000000000000000e+05
5.100000000000000000e+05
4.509000000000000000e+05
5.034000000000000000e+05
5.035000000000000000e+05
4.948000000000000000e+05
2.561000000000000000e+05
4.934000000000000000e+05
4.992000000000000000e+05
5.023000000000000000e+05
4.151000000000000000e+05
4.996000000000000000e+05
5.003000000000000000e+05
4.908000000000000000e+05
2.059000000000000000e+05
5.050000000000000000e+05
5.018000000000000000e+05
4.953000000000000000e+05
1.697000000000000000e+05
5.095000000000000000e+05
5.046000000000000000e+05
3.712000000000000000e+05
2.880000000000000000e+04
4.998000000000000000e+05
5.035000000000000000e+05
4.975000000000000000e+05
5.095000000000000000e+05
4.995000000000000000e+05
4.938000000000000000e+05
4.897000000000000000e+05
4.987000000000000000e+05
4.903000000000000000e+05
5.047000000000000000e+05
5.051000000000000000e+05
4.913000000000000000e+05
4.981000000000000000e+05
5.004000000000000000e+05
5.018000000000000000e+05
4.606000000000000000e+05
5.039000000000000000e+05
5.107000000000000000e+05
4.973000000000000000e+05
4.963000000000000000e+05
5.009000000000000000e+05
5.079000000000000000e+05
5.027000000000000000e+05
4.486000000000000000e+05
4.964000000000000000e+05
4.910000000000000000e+05
5.078000000000000000e+05
4.284000000000000000e+05
5.032000000000000000e+05
4.976000000000000000e+05
4.887000000000000000e+05
2.248000000000000000e+05
5.071000000000000000e+05
5.006000000000000000e+05
4.988000000000000000e+05
4.937000000000000000e+05
4.937000000000000000e+05
4.899000000000000000e+05
5.050000000000000000e+05
4.119000000000000000e+05
5.071000000000000000e+05
5.082000000000000000e+05
4.908000000000000000e+05
3.843000000000000000e+05
5.144000000000000000e+05
5.050000000000000000e+05
4.936000000000000000e+05
1.646000000000000000e+05
5.038000000000000000e+05
5.037000000000000000e+05
5.013000000000000000e+05
3.337000000000000000e+05
4.923000000000000000e+05
4.992000000000000000e+05
4.818000000000000000e+05
1.206000000000000000e+05
5.009000000000000000e+05
4.917000000000000000e+05
4.731000000000000000e+05
9.180000000000000000e+04
5.059000000000000000e+05
5.013000000000000000e+05
3.285000000000000000e+05
7.400000000000000000e+03
4.993000000000000000e+05
4.982000000000000000e+05
5.010000000000000000e+05
4.870000000000000000e+05
5.037000000000000000e+05
5.052000000000000000e+05
4.987000000000000000e+05
3.379000000000000000e+05
4.999000000000000000e+05
4.970000000000000000e+05
5.011000000000000000e+05
3.018000000000000000e+05
5.055000000000000000e+05
5.038000000000000000e+05
4.735000000000000000e+05
1.000000000000000000e+05
5.004000000000000000e+05
4.996000000000000000e+05
4.941000000000000000e+05
2.578000000000000000e+05
5.056000000000000000e+05
4.953000000000000000e+05
4.591000000000000000e+05
6.610000000000000000e+04
5.034000000000000000e+05
4.941000000000000000e+05
4.504000000000000000e+05
4.540000000000000000e+04
5.013000000000000000e+05
4.958000000000000000e+05
2.761000000000000000e+05
1.800000000000000000e+03
4.908000000000000000e+05
5.115000000000000000e+05
4.923000000000000000e+05
1.874000000000000000e+05
4.921000000000000000e+05
5.039000000000000000e+05
4.391000000000000000e+05
3.650000000000000000e+04
4.987000000000000000e+05
5.014000000000000000e+05
4.230000000000000000e+05
2.370000000000000000e+04
5.044000000000000000e+05
5.008000000000000000e+05
2.137000000000000000e+05
6.000000000000000000e+02
4.964000000000000000e+05
5.172000000000000000e+05
3.826000000000000000e+05
1.100000000000000000e+04
4.894000000000000000e+05
4.906000000000000000e+05
1.746000000000000000e+05
0.000000000000000000e+00
4.889000000000000000e+05
4.994000000000000000e+05
1.403000000000000000e+05
0.000000000000000000e+00
4.982000000000000000e+05
4.398000000000000000e+05
2.020000000000000000e+04
0.000000000000000000e+00
4.953000000000000000e+05
5.000000000000000000e+05
4.920000000000000000e+05
5.004000000000000000e+05
5.043000000000000000e+05
4.960000000000000000e+05
4.976000000000000000e+05
5.011000000000000000e+05
5.056000000000000000e+05
5.077000000000000000e+05
4.984000000000000000e+05
4.940000000000000000e+05
4.966000000000000000e+05
4.892000000000000000e+05
5.035000000000000000e+05
3.994000000000000000e+05
4.928000000000000000e+05
5.032000000000000000e+05
5.076000000000000000e+05
4.851000000000000000e+05
4.950000000000000000e+05
4.989000000000000000e+05
5.088000000000000000e+05
3.608000000000000000e+05
4.984000000000000000e+05
4.969000000000000000e+05
5.001000000000000000e+05
3.334000000000000000e+05
5.030000000000000000e+05
5.065000000000000000e+05
4.757000000000000000e+05
1.243000000000000000e+05
5.052000000000000000e+05
4.925000000000000000e+05
5.000000000000000000e+05
4.740000000000000000e+05
5.068000000000000000e+05
4.943000000000000000e+05
5.029000000000000000e+05
3.038000000000000000e+05
5.087000000000000000e+05
4.995000000000000000e+05
5.028000000000000000e+05
2.670000000000000000e+05
4.963000000000000000e+05
5.006000000000000000e+05
4.621000000000000000e+05
7.800000000000000000e+04
4.889000000000000000e+05
4.937000000000000000e+05
4.967000000000000000e+05
2.159000000000000000e+05
4.979000000000000000e+05
4.965000000000000000e+05
4.498000000000000000e+05
4.560000000000000000e+04
4.967000000000000000e+05
4.961000000000000000e+05
4.329000000000000000e+05
2.980000000000000000e+04
5.002000000000000000e+05
4.969000000000000000e+05
2.418000000000000000e+05
1.300000000000000000e+03
5.075000000000000000e+05
4.979000000000000000e+05
4.928000000000000000e+05
4.218000000000000000e+05
5.010000000000000000e+05
5.039000000000000000e+05
4.970000000000000000e+05
2.276000000000000000e+05
5.052000000000000000e+05
5.057000000000000000e+05
5.009000000000000000e+05
1.870000000000000000e+05
4.994000000000000000e+05
4.935000000000000000e+05
4.390000000000000000e+05
3.230000000000000000e+04
4.975000000000000000e+05
5.068000000000000000e+05
4.933000000000000000e+05
1.379000000000000000e+05
4.967000000000000000e+05
4.876000000000000000e+05
4.200000000000000000e+05
2.140000000000000000e+04
5.029000000000000000e+05
5.033000000000000000e+05
3.925000000000000000e+05
1.050000000000000000e+04
4.987000000000000000e+05
4.965000000000000000e+05
1.882000000000000000e+05
0.000000000000000000e+00
5.053000000000000000e+05
5.060000000000000000e+05
4.915000000000000000e+05
9.320000000000000000e+04
5.015000000000000000e+05
5.109000000000000000e+05
3.744000000000000000e+05
7.200000000000000000e+03
4.966000000000000000e+05
4.997000000000000000e+05
3.423000000000000000e+05
5.000000000000000000e+03
5.057000000000000000e+05
4.956000000000000000e+05
1.305000000000000000e+05
0.000000000000000000e+00
4.945000000000000000e+05
5.000000000000000000e+05
2.986000000000000000e+05
2.200000000000000000e+03
5.002000000000000000e+05
5.028000000000000000e+05
9.730000000000000000e+04
0.000000000000000000e+00
5.018000000000000000e+05
4.906000000000000000e+05
6.110000000000000000e+04
0.000000000000000000e+00
5.047000000000000000e+05
4.072000000000000000e+05
5.300000000000000000e+03
0.000000000000000000e+00
4.961000000000000000e+05
4.960000000000000000e+05
4.985000000000000000e+05
3.546000000000000000e+05
4.979000000000000000e+05
4.980000000000000000e+05
4.990000000000000000e+05
1.422000000000000000e+05
4.916000000000000000e+05
4.929000000000000000e+05
4.866000000000000000e+05
1.069000000000000000e+05
4.953000000000000000e+05
5.053000000000000000e+05
3.895000000000000000e+05
1.220000000000000000e+04
4.932000000000000000e+05
4.945000000000000000e+05
4.847000000000000000e+05
7.190000000000000000e+04
4.909000000000000000e+05
5.007000000000000000e+05
3.429000000000000000e+05
5.700000000000000000e+03
5.035000000000000000e+05
5.018000000000000000e+05
3.144000000000000000e+05
1.700000000000000000e+03
5.006000000000000000e+05
4.839000000000000000e+05
1.098000000000000000e+05
0.000000000000000000e+00
4.962000000000000000e+05
5.017000000000000000e+05
4.676000000000000000e+05
4.380000000000000000e+04
5.026000000000000000e+05
4.878000000000000000e+05
2.991000000000000000e+05
2.100000000000000000e+03
4.996000000000000000e+05
4.983000000000000000e+05
2.544000000000000000e+05
9.000000000000000000e+02
5.033000000000000000e+05
4.989000000000000000e+05
7.080000000000000000e+04
0.000000000000000000e+00
4.965000000000000000e+05
4.977000000000000000e+05
2.029000000000000000e+05
6.000000000000000000e+02
5.088000000000000000e+05
4.858000000000000000e+05
4.150000000000000000e+04
0.000000000000000000e+00
4.954000000000000000e+05
4.877000000000000000e+05
2.930000000000000000e+04
0.000000000000000000e+00
4.947000000000000000e+05
3.811000000000000000e+05
1.200000000000000000e+03
0.000000000000000000e+00
5.034000000000000000e+05
4.991000000000000000e+05
4.228000000000000000e+05
2.460000000000000000e+04
4.966000000000000000e+05
5.067000000000000000e+05
2.184000000000000000e+05
4.000000000000000000e+02
4.973000000000000000e+05
4.944000000000000000e+05
1.723000000000000000e+05
0.000000000000000000e+00
4.915000000000000000e+05
4.805000000000000000e+05
3.310000000000000000e+04
0.000000000000000000e+00
4.996000000000000000e+05
4.943000000000000000e+05
1.258000000000000000e+05
3.000000000000000000e+02
5.101000000000000000e+05
4.809000000000000000e+05
1.840000000000000000e+04
0.000000000000000000e+00
5.031000000000000000e+05
4.775000000000000000e+05
1.030000000000000000e+04
0.000000000000000000e+00
5.036000000000000000e+05
3.489000000000000000e+05
4.000000000000000000e+02
0.000000000000000000e+00
5.071000000000000000e+05
5.007000000000000000e+05
8.630000000000000000e+04
0.000000000000000000e+00
5.055000000000000000e+05
4.748000000000000000e+05
9.800000000000000000e+03
0.000000000000000000e+00
5.063000000000000000e+05
4.666000000000000000e+05
5.300000000000000000e+03
0.000000000000000000e+00
5.112000000000000000e+05
3.114000000000000000e+05
0.000000000000000000e+00
0.000000000000000000e+00
5.005000000000000000e+05
4.424000000000000000e+05
2.200000000000000000e+03
0.000000000000000000e+00
4.945000000000000000e+05
2.616000000000000000e+05
0.000000000000000000e+00
0.000000000000000000e+00
4.923000000000000000e+05
2.163000000000000000e+05
0.000000000000000000e+00
0.000000000000000000e+00
4.798000000000000000e+05
5.040000000000000000e+04
0.000000000000000000e+00
0.000000000000000000e+00
5.023000000000000000e+05
4.970000000000000000e+05
5.026000000000000000e+05
4.989000000000000000e+05
4.954000000000000000e+05
4.943000000000000000e+05
4.958000000000000000e+05
4.718000000000000000e+05
5.048000000000000000e+05
4.969000000000000000e+05
5.004000000000000000e+05
4.548000000000000000e+05
4.869000000000000000e+05
5.004000000000000000e+05
5.090000000000000000e+05
2.869000000000000000e+05
5.017000000000000000e+05
4.990000000000000000e+05
5.047000000000000000e+05
4.217000000000000000e+05
5.047000000000000000e+05
4.996000000000000000e+05
4.907000000000000000e+05
2.371000000000000000e+05
5.047000000000000000e+05
5.048000000000000000e+05
5.009000000000000000e+05
1.856000000000000000e+05
5.061000000000000000e+05
5.013000000000000000e+05
4.315000000000000000e+05
3.840000000000000000e+04
4.948000000000000000e+05
4.998000000000000000e+05
4.893000000000000000e+05
3.818000000000000000e+05
4.989000000000000000e+05
4.941000000000000000e+05
5.041000000000000000e+05
1.714000000000000000e+05
4.970000000000000000e+05
5.037000000000000000e+05
4.840000000000000000e+05
1.338000000000000000e+05
4.898000000000000000e+05
5.033000000000000000e+05
4.083000000000000000e+05
1.820000000000000000e+04
4.966000000000000000e+05
5.033000000000000000e+05
4.933000000000000000e+05
8.840000000000000000e+04
5.030000000000000000e+05
5.033000000000000000e+05
3.768000000000000000e+05
9.200000000000000000e+03
5.023000000000000000e+05
5.024000000000000000e+05
3.494000000000000000e+05
4.100000000000000000e+03
5.002000000000000000e+05
5.000000000000000000e+05
1.397000000000000000e+05
0.000000000000000000e+00
4.926000000000000000e+05
5.032000000000000000e+05
4.999000000000000000e+05
3.125000000000000000e+05
5.012000000000000000e+05
5.016000000000000000e+05
4.918000000000000000e+05
1.054000000000000000e+05
4.969000000000000000e+05
4.940000000000000000e+05
4.851000000000000000e+05
7.660000000000000000e+04
4.974000000000000000e+05
5.088000000000000000e+05
3.653000000000000000e+05
5.200000000000000000e+03
5.002000000000000000e+05
5.001000000000000000e+05
4.859000000000000000e+05
5.020000000000000000e+04
5.004000000000000000e+05
5.032000000000000000e+05
3.185000000000000000e+05
1.700000000000000000e+03
4.986000000000000000e+05
5.046000000000000000e+05
2.829000000000000000e+05
1.000000000000000000e+03
5.090000000000000000e+05
5.035000000000000000e+05
8.250000000000000000e+04
0.000000000000000000e+00
5.015000000000000000e+05
5.061000000000000000e+05
4.417000000000000000e+05
2.750000000000000000e+04
4.960000000000000000e+05
5.069000000000000000e+05
2.528000000000000000e+05
6.000000000000000000e+02
4.964000000000000000e+05
5.004000000000000000e+05
2.208000000000000000e+05
3.000000000000000000e+02
5.082000000000000000e+05
4.853000000000000000e+05
5.260000000000000000e+04
0.000000000000000000e+00
5.072000000000000000e+05
5.035000000000000000e+05
1.642000000000000000e+05
1.000000000000000000e+02
5.001000000000000000e+05
4.859000000000000000e+05
3.150000000000000000e+04
0.000000000000000000e+00
5.013000000000000000e+05
4.837000000000000000e+05
1.960000000000000000e+04
0.000000000000000000e+00
4.952000000000000000e+05
3.628000000000000000e+05
8.000000000000000000e+02
0.000000000000000000e+00
4.980000000000000000e+05
5.060000000000000000e+05
5.048000000000000000e+05
2.248000000000000000e+05
5.013000000000000000e+05
4.998000000000000000e+05
4.706000000000000000e+05
5.270000000000000000e+04
5.037000000000000000e+05
5.010000000000000000e+05
4.588000000000000000e+05
3.770000000000000000e+04
5.000000000000000000e+05
5.043000000000000000e+05
2.792000000000000000e+05
1.400000000000000000e+03
5.100000000000000000e+05
5.042000000000000000e+05
4.360000000000000000e+05
1.830000000000000000e+04
4.937000000000000000e+05
5.003000000000000000e+05
2.328000000000000000e+05
3.000000000000000000e+02
4.905000000000000000e+05
4.963000000000000000e+05
1.880000000000000000e+05
0.000000000000000000e+00
5.086000000000000000e+05
4.936000000000000000e+05
3.730000000000000000e+04
0.000000000000000000e+00
4.948000000000000000e+05
5.037000000000000000e+05
3.896000000000000000e+05
8.900000000000000000e+03
4.985000000000000000e+05
4.982000000000000000e+05
1.671000000000000000e+05
2.000000000000000000e+02
5.010000000000000000e+05
5.107000000000000000e+05
1.328000000000000000e+05
0.000000000000000000e+00
4.962000000000000000e+05
4.914000000000000000e+05
1.780000000000000000e+04
0.000000000000000000e+00
5.044000000000000000e+05
4.905000000000000000e+05
9.200000000000000000e+04
1.000000000000000000e+02
5.050000000000000000e+05
4.832000000000000000e+05
8.900000000000000000e+03
0.000000000000000000e+00
5.024000000000000000e+05
4.776000000000000000e+05
4.400000000000000000e+03
0.000000000000000000e+00
5.115000000000000000e+05
3.124000000000000000e+05
0.000000000000000000e+00
0.000000000000000000e+00
4.946000000000000000e+05
4.978000000000000000e+05
3.121000000000000000e+05
5.800000000000000000e+03
5.043000000000000000e+05
5.014000000000000000e+05
9.950000000000000000e+04
0.000000000000000000e+00
4.973000000000000000e+05
4.993000000000000000e+05
8.090000000000000000e+04
0.000000000000000000e+00
5.010000000000000000e+05
4.741000000000000000e+05
6.700000000000000000e+03
0.000000000000000000e+00
5.038000000000000000e+05
4.941000000000000000e+05
4.920000000000000000e+04
0.000000000000000000e+00
5.038000000000000000e+05
4.626000000000000000e+05
2.700000000000000000e+03
0.000000000000000000e+00
4.925000000000000000e+05
4.417000000000000000e+05
1.800000000000000000e+03
0.000000000000000000e+00
5.040000000000000000e+05
2.740000000000000000e+05
0.000000000000000000e+00
0.000000000000000000e+00
5.021000000000000000e+05
4.990000000000000000e+05
3.220000000000000000e+04
0.000000000000000000e+00
4.994000000000000000e+05
4.478000000000000000e+05
2.100000000000000000e+03
0.000000000000000000e+00
4.949000000000000000e+05
4.172000000000000000e+05
8.000000000000000000e+02
0.000000000000000000e+00
4.991000000000000000e+05
2.162000000000000000e+05
0.000000000000000000e+00
0.000000000000000000e+00
4.978000000000000000e+05
3.876000000000000000e+05
3.000000000000000000e+02
0.000000000000000000e+00
4.991000000000000000e+05
1.753000000000000000e+05
0.000000000000000000e+00
0.000000000000000000e+00
4.909000000000000000e+05
1.345000000000000000e+05
0.000000000000000000e+00
0.000000000000000000e+00
4.687000000000000000e+05
1.930000000000000000e+04
0.000000000000000000e+00
0.000000000000000000e+00
4.969000000000000000e+05
5.063000000000000000e+05
4.999000000000000000e+05
1.428000000000000000e+05
5.142000000000000000e+05
5.043000000000000000e+05
4.172000000000000000e+05
1.990000000000000000e+04
4.980000000000000000e+05
4.946000000000000000e+05
3.904000000000000000e+05
1.280000000000000000e+04
5.113000000000000000e+05
4.955000000000000000e+05
1.744000000000000000e+05
0.000000000000000000e+00
5.062000000000000000e+05
5.059000000000000000e+05
3.393000000000000000e+05
6.400000000000000000e+03
5.068000000000000000e+05
4.929000000000000000e+05
1.277000000000000000e+05
0.000000000000000000e+00
5.032000000000000000e+05
5.148000000000000000e+05
9.510000000000000000e+04
0.000000000000000000e+00
5.044000000000000000e+05
4.656000000000000000e+05
1.150000000000000000e+04
0.000000000000000000e+00
5.061000000000000000e+05
5.083000000000000000e+05
2.767000000000000000e+05
2.800000000000000000e+03
4.957000000000000000e+05
4.949000000000000000e+05
8.150000000000000000e+04
0.000000000000000000e+00
4.997000000000000000e+05
4.940000000000000000e+05
5.720000000000000000e+04
0.000000000000000000e+00
5.023000000000000000e+05
4.550000000000000000e+05
3.800000000000000000e+03
0.000000000000000000e+00
5.117000000000000000e+05
5.015000000000000000e+05
3.250000000000000000e+04
0.000000000000000000e+00
5.067000000000000000e+05
4.515000000000000000e+05
1.800000000000000000e+03
0.000000000000000000e+00
4.956000000000000000e+05
4.365000000000000000e+05
8.000000000000000000e+02
0.000000000000000000e+00
5.037000000000000000e+05
2.524000000000000000e+05
0.000000000000000000e+00
0.000000000000000000e+00
5.082000000000000000e+05
4.962000000000000000e+05
2.075000000000000000e+05
1.000000000000000000e+03
4.984000000000000000e+05
4.993000000000000000e+05
4.540000000000000000e+04
0.000000000000000000e+00
4.975000000000000000e+05
4.982000000000000000e+05
3.030000000000000000e+04
0.000000000000000000e+00
4.960000000000000000e+05
4.291000000000000000e+05
1.500000000000000000e+03
0.000000000000000000e+00
4.993000000000000000e+05
4.926000000000000000e+05
1.990000000000000000e+04
0.000000000000000000e+00
4.976000000000000000e+05
4.140000000000000000e+05
4.000000000000000000e+02
0.000000000000000000e+00
4.937000000000000000e+05
3.953000000000000000e+05
0.000000000000000000e+00
0.000000000000000000e+00
5.056000000000000000e+05
1.864000000000000000e+05
0.000000000000000000e+00
0.000000000000000000e+00
4.997000000000000000e+05
4.911000000000000000e+05
1.160000000000000000e+04
0.000000000000000000e+00
4.905000000000000000e+05
3.709000000000000000e+05
1.000000000000000000e+02
0.000000000000000000e+00
5.060000000000000000e+05
3.378000000000000000e+05
0.000000000000000000e+00
0.000000000000000000e+00
5.004000000000000000e+05
1.320000000000000000e+05
0.000000000000000000e+00
0.000000000000000000e+00
5.017000000000000000e+05
2.829000000000000000e+05
1.000000000000000000e+02
0.000000000000000000e+00
4.985000000000000000e+05
9.090000000000000000e+04
0.000000000000000000e+00
0.000000000000000000e+00
5.016000000000000000e+05
6.600000000000000000e+04
0.000000000000000000e+00
0.000000000000000000e+00
4.481000000000000000e+05
5.600000000000000000e+03
0.000000000000000000e+00
0.000000000000000000e+00
4.968000000000000000e+05
5.047000000000000000e+05
1.412000000000000000e+05
3.000000000000000000e+02
4.908000000000000000e+05
4.977000000000000000e+05
2.150000000000000000e+04
0.000000000000000000e+00
5.053000000000000000e+05
4.871000000000000000e+05
1.290000000000000000e+04
0.000000000000000000e+00
5.068000000000000000e+05
3.940000000000000000e+05
3.000000000000000000e+02
0.000000000000000000e+00
5.016000000000000000e+05
4.769000000000000000e+05
7.200000000000000000e+03
0.000000000000000000e+00
4.996000000000000000e+05
3.508000000000000000e+05
3.000000000000000000e+02
0.000000000000000000e+00
5.137000000000000000e+05
3.275000000000000000e+05
0.000000000000000000e+00
0.000000000000000000e+00
4.937000000000000000e+05
1.166000000000000000e+05
0.000000000000000000e+00
0.000000000000000000e+00
4.982000000000000000e+05
4.700000000000000000e+05
4.400000000000000000e+03
0.000000000000000000e+00
5.070000000000000000e+05
3.018000000000000000e+05
0.000000000000000000e+00
0.000000000000000000e+00
5.057000000000000000e+05
2.580000000000000000e+05
1.000000000000000000e+02
0.000000000000000000e+00
5.025000000000000000e+05
7.690000000000000000e+04
0.000000000000000000e+00
0.000000000000000000e+00
5.023000000000000000e+05
2.124000000000000000e+05
1.000000000000000000e+02
0.000000000000000000e+00
5.000000000000000000e+05
4.590000000000000000e+04
0.000000000000000000e+00
0.000000000000000000e+00
4.912000000000000000e+05
3.390000000000000000e+04
0.000000000000000000e+00
0.000000000000000000e+00
4.267000000000000000e+05
1.100000000000000000e+03
0.000000000000000000e+00
0.000000000000000000e+00
4.964000000000000000e+05
4.274000000000000000e+05
1.700000000000000000e+03
0.000000000000000000e+00
5.071000000000000000e+05
2.266000000000000000e+05
0.000000000000000000e+00
0.000000000000000000e+00
4.981000000000000000e+05
1.815000000000000000e+05
0.000000000000000000e+00
0.000000000000000000e+00
4.940000000000000000e+05
3.620000000000000000e+04
0.000000000000000000e+00
0.000000000000000000e+00
5.035000000000000000e+05
1.303000000000000000e+05
0.000000000000000000e+00
0.000000000000000000e+00
4.953000000000000000e+05
2.110000000000000000e+04
0.000000000000000000e+00
0.000000000000000000e+00
4.866000000000000000e+05
1.150000000000000000e+04
0.000000000000000000e+00
0.000000000000000000e+00
4.040000000000000000e+05
1.000000000000000000e+02
0.000000000000000000e+00
0.000000000000000000e+00
5.015000000000000000e+05
9.140000000000000000e+04
0.000000000000000000e+00
0.000000000000000000e+00
4.857000000000000000e+05
9.700000000000000000e+03
0.000000000000000000e+00
0.000000000000000000e+00
4.751000000000000000e+05
5.200000000000000000e+03
0.000000000000000000e+00
0.000000000000000000e+00
3.668000000000000000e+05
0.000000000000000000e+00
0.000000000000000000e+00
0.000000000000000000e+00
4.762000000000000000e+05
3.100000000000000000e+03
0.000000000000000000e+00
0.000000000000000000e+00
3.325000000000000000e+05
0.000000000000000000e+00
0.000000000000000000e+00
0.000000000000000000e+00
3.037000000000000000e+05
0.000000000000000000e+00
0.000000000000000000e+00
0.000000000000000000e+00
1.070000000000000000e+05
0.000000000000000000e+00
0.000000000000000000e+00
0.000000000000000000e+00
