5.012000000000000000e+05
4.915000000000000000e+05
4.976000000000000000e+05
4.946000000000000000e+05
5.001000000000000000e+05
4.960000000000000000e+05
5.038000000000000000e+05
4.994000000000000000e+05
4.973000000000000000e+05
5.016000000000000000e+05
5.025000000000000000e+05
4.911000000000000000e+05
5.006000000000000000e+05
4.991000000000000000e+05
4.894000000000000000e+05
4.389000000000000000e+05
4.956000000000000000e+05
5.037000000000000000e+05
5.030000000000000000e+05
4.902000000000000000e+05
5.015000000000000000e+05
5.016000000000000000e+05
5.015000000000000000e+05
4.247000000000000000e+05
4.991000000000000000e+05
5.020000000000000000e+05
5.094000000000000000e+05
3.884000000000000000e+05
4.954000000000000000e+05
4.947000000000000000e+05
4.446000000000000000e+05
1.549000000000000000e+05
5.010000000000000000e+05
4.920000000000000000e+05
4.966000000000000000e+05
4.802000000000000000e+05
4.956000000000000000e+05
4.993000000000000000e+05
4.998000000000000000e+05
3.639000000000000000e+05
4.996000000000000000e+05
4.934000000000000000e+05
4.989000000000000000e+05
3.306000000000000000e+05
5.070000000000000000e+05
5.032000000000000000e+05
4.126000000000000000e+05
1.080000000000000000e+05
5.011000000000000000e+05
5.059000000000000000e+05
4.901000000000000000e+05
2.684000000000000000e+05
4.968000000000000000e+05
4.963000000000000000e+05
3.718000000000000000e+05
7.220000000000000000e+04
4.988000000000000000e+05
4.888000000000000000e+05
3.288000000000000000e+05
4.410000000000000000e+04
4.978000000000000000e+05
3.988000000000000000e+05
1.019000000000000000e+05
1.400000000000000000e+03
4.919000000000000000e+05
5.159000000000000000e+05
4.892000000000000000e+05
4.586000000000000000e+05
5.078000000000000000e+05
5.048000000000000000e+05
4.875000000000000000e+05
2.820000000000000000e+05
4.922000000000000000e+05
4.989000000000000000e+05
4.883000000000000000e+05
2.375000000000000000e+05
5.029000000000000000e+05
4.874000000000000000e+05
3.374000000000000000e+05
4.750000000000000000e+04
4.947000000000000000e+05
5.007000000000000000e+05
4.685000000000000000e+05
1.720000000000000000e+05
5.036000000000000000e+05
4.897000000000000000e+05
2.922000000000000000e+05
2.350000000000000000e+04
5.038000000000000000e+05
4.879000000000000000e+05
2.460000000000000000e+05
1.410000000000000000e+04
4.975000000000000000e+05
3.671000000000000000e+05
5.610000000000000000e+04
1.000000000000000000e+02
4.969000000000000000e+05
4.953000000000000000e+05
4.258000000000000000e+05
1.040000000000000000e+05
4.953000000000000000e+05
4.755000000000000000e+05
2.160000000000000000e+05
7.400000000000000000e+03
4.942000000000000000e+05
4.653000000000000000e+05
1.696000000000000000e+05
4.800000000000000000e+03
4.915000000000000000e+05
3.128000000000000000e+05
2.840000000000000000e+04
0.000000000000000000e+00
4.996000000000000000e+05
4.428000000000000000e+05
1.185000000000000000e+05
2.200000000000000000e+03
4.934000000000000000e+05
2.630000000000000000e+05
1.510000000000000000e+04
0.000000000000000000e+00
5.009000000000000000e+05
2.248000000000000000e+05
8.400000000000000000e+03
0.000000000000000000e+00
4.263000000000000000e+05
4.930000000000000000e+04
0.000000000000000000e+00
0.000000000000000000e+00
5.025000000000000000e+05
4.942000000000000000e+05
4.912000000000000000e+05
3.986000000000000000e+05
5.012000000000000000e+05
4.949000000000000000e+05
4.630000000000000000e+05
1.806000000000000000e+05
5.032000000000000000e+05
4.977000000000000000e+05
4.417000000000000000e+05
1.327000000000000000e+05
4.962000000000000000e+05
4.725000000000000000e+05
2.380000000000000000e+05
1.480000000000000000e+04
4.960000000000000000e+05
4.940000000000000000e+05
4.165000000000000000e+05
8.950000000000000000e+04
5.067000000000000000e+05
4.686000000000000000e+05
1.823000000000000000e+05
4.500000000000000000e+03
4.984000000000000000e+05
4.510000000000000000e+05
1.331000000000000000e+05
2.200000000000000000e+03
4.940000000000000000e+05
2.883000000000000000e+05
1.610000000000000000e+04
0.000000000000000000e+00
4.989000000000000000e+05
5.005000000000000000e+05
3.520000000000000000e+05
5.020000000000000000e+04
5.068000000000000000e+05
4.512000000000000000e+05
1.137000000000000000e+05
1.200000000000000000e+03
5.016000000000000000e+05
4.311000000000000000e+05
7.760000000000000000e+04
8.000000000000000000e+02
4.949000000000000000e+05
2.396000000000000000e+05
7.000000000000000000e+03
0.000000000000000000e+00
4.990000000000000000e+05
3.998000000000000000e+05
5.340000000000000000e+04
2.000000000000000000e+02
4.926000000000000000e+05
1.851000000000000000e+05
2.900000000000000000e+03
0.000000000000000000e+00
4.870000000000000000e+05
1.448000000000000000e+05
2.100000000000000000e+03
0.000000000000000000e+00
3.869000000000000000e+05
2.010000000000000000e+04
0.000000000000000000e+00
0.000000000000000000e+00
4.968000000000000000e+05
4.946000000000000000e+05
2.593000000000000000e+05
2.330000000000000000e+04
5.013000000000000000e+05
4.021000000000000000e+05
6.070000000000000000e+04
2.000000000000000000e+02
4.993000000000000000e+05
3.734000000000000000e+05
4.230000000000000000e+04
0.000000000000000000e+00
4.958000000000000000e+05
1.580000000000000000e+05
2.000000000000000000e+03
0.000000000000000000e+00
5.050000000000000000e+05
3.243000000000000000e+05
2.630000000000000000e+04
0.000000000000000000e+00
4.855000000000000000e+05
1.159000000000000000e+05
1.300000000000000000e+03
0.000000000000000000e+00
4.787000000000000000e+05
8.600000000000000000e+04
7.000000000000000000e+02
0.000000000000000000e+00
3.407000000000000000e+05
5.800000000000000000e+03
0.000000000000000000e+00
0.000000000000000000e+00
5.024000000000000000e+05
2.540000000000000000e+05
1.250000000000000000e+04
0.000000000000000000e+00
4.782000000000000000e+05
6.710000000000000000e+04
2.000000000000000000e+02
0.000000000000000000e+00
4.646000000000000000e+05
4.610000000000000000e+04
1.000000000000000000e+02
0.000000000000000000e+00
3.040000000000000000e+05
2.300000000000000000e+03
0.000000000000000000e+00
0.000000000000000000e+00
4.546000000000000000e+05
2.680000000000000000e+04
1.000000000000000000e+02
0.000000000000000000e+00
2.602000000000000000e+05
3.000000000000000000e+02
0.000000000000000000e+00
0.000000000000000000e+00
2.271000000000000000e+05
5.000000000000000000e+02
0.000000000000000000e+00
0.000000000000000000e+00
5.330000000000000000e+04
0.000000000000000000e+00
0.000000000000000000e+00
0.000000000000000000e+00
4.962000000000000000e+05
5.042000000000000000e+05
4.948000000000000000e+05
3.018000000000000000e+05
4.942000000000000000e+05
4.940000000000000000e+05
3.910000000000000000e+05
8.190000000000000000e+04
5.012000000000000000e+05
4.936000000000000000e+05
3.482000000000000000e+05
5.370000000000000000e+04
4.994000000000000000e+05
4.391000000000000000e+05
1.164000000000000000e+05
1.300000000000000000e+03
4.996000000000000000e+05
4.887000000000000000e+05
2.884000000000000000e+05
2.740000000000000000e+04
4.951000000000000000e+05
4.177000000000000000e+05
6.990000000000000000e+04
6.000000000000000000e+02
5.057000000000000000e+05
3.938000000000000000e+05
5.030000000000000000e+04
3.000000000000000000e+02
4.885000000000000000e+05
1.831000000000000000e+05
2.800000000000000000e+03
0.000000000000000000e+00
5.061000000000000000e+05
4.945000000000000000e+05
2.133000000000000000e+05
1.430000000000000000e+04
4.927000000000000000e+05
3.624000000000000000e+05
4.170000000000000000e+04
1.000000000000000000e+02
5.004000000000000000e+05
3.313000000000000000e+05
2.680000000000000000e+04
0.000000000000000000e+00
4.818000000000000000e+05
1.260000000000000000e+05
9.000000000000000000e+02
0.000000000000000000e+00
5.023000000000000000e+05
2.848000000000000000e+05
1.530000000000000000e+04
0.000000000000000000e+00
4.914000000000000000e+05
8.410000000000000000e+04
2.000000000000000000e+02
0.000000000000000000e+00
4.764000000000000000e+05
6.480000000000000000e+04
3.000000000000000000e+02
0.000000000000000000e+00
3.336000000000000000e+05
3.500000000000000000e+03
0.000000000000000000e+00
0.000000000000000000e+00
4.975000000000000000e+05
4.630000000000000000e+05
1.393000000000000000e+05
4.900000000000000000e+03
5.036000000000000000e+05
3.007000000000000000e+05
1.650000000000000000e+04
0.000000000000000000e+00
4.943000000000000000e+05
2.588000000000000000e+05
9.600000000000000000e+03
0.000000000000000000e+00
4.808000000000000000e+05
7.360000000000000000e+04
3.000000000000000000e+02
0.000000000000000000e+00
4.996000000000000000e+05
2.047000000000000000e+05
6.300000000000000000e+03
0.000000000000000000e+00
4.663000000000000000e+05
4.290000000000000000e+04
0.000000000000000000e+00
0.000000000000000000e+00
4.582000000000000000e+05
2.780000000000000000e+04
0.000000000000000000e+00
0.000000000000000000e+00
2.859000000000000000e+05
7.000000000000000000e+02
0.000000000000000000e+00
0.000000000000000000e+00
4.948000000000000000e+05
1.502000000000000000e+05
2.700000000000000000e+03
0.000000000000000000e+00
4.369000000000000000e+05
2.300000000000000000e+04
0.000000000000000000e+00
0.000000000000000000e+00
4.199000000000000000e+05
1.330000000000000000e+04
0.000000000000000000e+00
0.000000000000000000e+00
2.225000000000000000e+05
2.000000000000000000e+02
0.000000000000000000e+00
0.000000000000000000e+00
3.982000000000000000e+05
5.800000000000000000e+03
0.000000000000000000e+00
0.000000000000000000e+00
1.789000000000000000e+05
0.000000000000000000e+00
0.000000000000000000e+00
0.000000000000000000e+00
1.460000000000000000e+05
0.000000000000000000e+00
0.000000000000000000e+00
0.000000000000000000e+00
1.980000000000000000e+04
0.000000000000000000e+00
0.000000000000000000e+00
0.000000000000000000e+00
4.995000000000000000e+05
4.219000000000000000e+05
8.130000000000000000e+04
1.800000000000000000e+03
4.945000000000000000e+05
2.067000000000000000e+05
6.300000000000000000e+03
0.000000000000000000e+00
4.982000000000000000e+05
1.713000000000000000e+05
3.500000000000000000e+03
0.000000000000000000e+00
4.498000000000000000e+05
2.880000000000000000e+04
0.000000000000000000e+00
0.000000000000000000e+00
4.924000000000000000e+05
1.163000000000000000e+05
2.300000000000000000e+03
0.000000000000000000e+00
4.238000000000000000e+05
1.360000000000000000e+04
0.000000000000000000e+00
0.000000000000000000e+00
4.004000000000000000e+05
9.100000000000000000e+03
0.000000000000000000e+00
0.000000000000000000e+00
2.065000000000000000e+05
1.000000000000000000e+02
0.000000000000000000e+00
0.000000000000000000e+00
4.972000000000000000e+05
7.450000000000000000e+04
6.000000000000000000e+02
0.000000000000000000e+00
3.941000000000000000e+05
6.500000000000000000e+03
0.000000000000000000e+00
0.000000000000000000e+00
3.644000000000000000e+05
3.200000000000000000e+03
0.000000000000000000e+00
0.000000000000000000e+00
1.460000000000000000e+05
1.000000000000000000e+02
0.000000000000000000e+00
0.000000000000000000e+00
3.175000000000000000e+05
1.900000000000000000e+03
0.000000000000000000e+00
0.000000000000000000e+00
1.074000000000000000e+05
0.000000000000000000e+00
0.000000000000000000e+00
0.000000000000000000e+00
7.990000000000000000e+04
0.000000000000000000e+00
0.000000000000000000e+00
0.000000000000000000e+00
6.800000000000000000e+03
0.000000000000000000e+00
0.000000000000000000e+00
0.000000000000000000e+00
4.706000000000000000e+05
4.710000000000000000e+04
4.000000000000000000e+02
0.000000000000000000e+00
3.303000000000000000e+05
2.100000000000000000e+03
0.000000000000000000e+00
0.000000000000000000e+00
2.828000000000000000e+05
1.200000000000000000e+03
0.000000000000000000e+00
0.000000000000000000e+00
9.350000000000000000e+04
0.000000000000000000e+00
0.000000000000000000e+00
0.000000000000000000e+00
2.396000000000000000e+05
1.100000000000000000e+03
0.000000000000000000e+00
0.000000000000000000e+00
5.920000000000000000e+04
0.000000000000000000e+00
0.000000000000000000e+00
0.000000000000000000e+00
4.070000000000000000e+04
0.000000000000000000e+00
0.000000000000000000e+00
0.000000000000000000e+00
1.800000000000000000e+03
0.000000000000000000e+00
0.000000000000000000e+00
0.000000000000000000e+00
1.710000000000000000e+05
2.000000000000000000e+02
0.000000000000000000e+00
0.000000000000000000e+00
3.070000000000000000e+04
0.000000000000000000e+00
0.000000000000000000e+00
0.000000000000000000e+00
2.110000000000000000e+04
0.000000000000000000e+00
0.000000000000000000e+00
0.000000000000000000e+00
5.000000000000000000e+02
0.000000000000000000e+00
0.000000000000000000e+00
0.000000000000000000e+00
1.080000000000000000e+04
0.000000000000000000e+00
0.000000000000000000e+00
0.000000000000000000e+00
5.000000000000000000e+02
0.000000000000000000e+00
0.000000000000000000e+00
0.000000000000000000e+00
0.000000000000000000e+00
0.000000000000000000e+00
0.000000000000000000e+00
0.000000000000000000e+00
0.000000000000000000e+00
0.000000000000000000e+00
0.000000000000000000e+00
0.000000000000000000e+00
5.101000000000000000e+05
4.952000000000000000e+05
4.680000000000000000e+05
1.871000000000000000e+05
5.024000000000000000e+05
4.882000000000000000e+05
2.584000000000000000e+05
2.570000000000000000e+04
5.072000000000000000e+05
4.813000000000000000e+05
2.085000000000000000e+05
1.390000000000000000e+04
5.052000000000000000e+05
3.468000000000000000e+05
4.010000000000000000e+04
2.000000000000000000e+02
4.954000000000000000e+05
4.604000000000000000e+05
1.542000000000000000e+05
7.200000000000000000e+03
5.030000000000000000e+05
3.074000000000000000e+05
1.830000000000000000e+04
0.000000000000000000e+00
5.018000000000000000e+05
2.652000000000000000e+05
1.090000000000000000e+04
0.000000000000000000e+00
4.722000000000000000e+05
7.240000000000000000e+04
2.000000000000000000e+02
0.000000000000000000e+00
4.938000000000000000e+05
4.322000000000000000e+05
9.450000000000000000e+04
1.100000000000000000e+03
5.056000000000000000e+05
2.349000000000000000e+05
8.200000000000000000e+03
0.000000000000000000e+00
5.010000000000000000e+05
1.930000000000000000e+05
5.700000000000000000e+03
0.000000000000000000e+00
4.695000000000000000e+05
3.790000000000000000e+04
1.000000000000000000e+02
0.000000000000000000e+00
5.067000000000000000e+05
1.398000000000000000e+05
2.600000000000000000e+03
0.000000000000000000e+00
4.448000000000000000e+05
2.230000000000000000e+04
0.000000000000000000e+00
0.000000000000000000e+00
4.251000000000000000e+05
1.420000000000000000e+04
0.000000000000000000e+00
0.000000000000000000e+00
2.408000000000000000e+05
4.000000000000000000e+02
0.000000000000000000e+00
0.000000000000000000e+00
5.020000000000000000e+05
3.808000000000000000e+05
5.990000000000000000e+04
4.000000000000000000e+02
5.015000000000000000e+05
1.603000000000000000e+05
3.800000000000000000e+03
0.000000000000000000e+00
5.017000000000000000e+05
1.288000000000000000e+05
1.700000000000000000e+03
0.000000000000000000e+00
4.248000000000000000e+05
1.490000000000000000e+04
0.000000000000000000e+00
0.000000000000000000e+00
4.931000000000000000e+05
9.070000000000000000e+04
8.000000000000000000e+02
0.000000000000000000e+00
4.102000000000000000e+05
8.500000000000000000e+03
0.000000000000000000e+00
0.000000000000000000e+00
3.851000000000000000e+05
3.600000000000000000e+03
0.000000000000000000e+00
0.000000000000000000e+00
1.770000000000000000e+05
0.000000000000000000e+00
0.000000000000000000e+00
0.000000000000000000e+00
4.820000000000000000e+05
5.610000000000000000e+04
5.000000000000000000e+02
0.000000000000000000e+00
3.701000000000000000e+05
3.600000000000000000e+03
0.000000000000000000e+00
0.000000000000000000e+00
3.419000000000000000e+05
2.500000000000000000e+03
0.000000000000000000e+00
0.000000000000000000e+00
1.261000000000000000e+05
0.000000000000000000e+00
0.000000000000000000e+00
0.000000000000000000e+00
2.753000000000000000e+05
1.300000000000000000e+03
0.000000000000000000e+00
0.000000000000000000e+00
8.690000000000000000e+04
0.000000000000000000e+00
0.000000000000000000e+00
0.000000000000000000e+00
6.130000000000000000e+04
0.000000000000000000e+00
0.000000000000000000e+00
0.000000000000000000e+00
4.100000000000000000e+03
0.000000000000000000e+00
0.000000000000000000e+00
0.000000000000000000e+00
4.987000000000000000e+05
2.858000000000000000e+05
3.250000000000000000e+04
2.000000000000000000e+02
4.939000000000000000e+05
8.640000000000000000e+04
1.200000000000000000e+03
0.000000000000000000e+00
4.933000000000000000e+05
6.320000000000000000e+04
6.000000000000000000e+02
0.000000000000000000e+00
3.746000000000000000e+05
5.300000000000000000e+03
0.000000000000000000e+00
0.000000000000000000e+00
4.843000000000000000e+05
4.340000000000000000e+04
2.000000000000000000e+02
0.000000000000000000e+00
3.464000000000000000e+05
1.500000000000000000e+03
0.000000000000000000e+00
0.000000000000000000e+00
3.087000000000000000e+05
1.300000000000000000e+03
0.000000000000000000e+00
0.000000000000000000e+00
1.047000000000000000e+05
0.000000000000000000e+00
0.000000000000000000e+00
0.000000000000000000e+00
4.642000000000000000e+05
2.540000000000000000e+04
1.000000000000000000e+02
0.000000000000000000e+00
2.863000000000000000e+05
7.000000000000000000e+02
0.000000000000000000e+00
0.000000000000000000e+00
2.489000000000000000e+05
3.000000000000000000e+02
0.000000000000000000e+00
0.000000000000000000e+00
6.290000000000000000e+04
0.000000000000000000e+00
0.000000000000000000e+00
0.000000000000000000e+00
1.979000000000000000e+05
0.000000000000000000e+00
0.000000000000000000e+00
0.000000000000000000e+00
4.200000000000000000e+04
0.000000000000000000e+00
0.000000000000000000e+00
0.000000000000000000e+00
2.590000000000000000e+04
0.000000000000000000e+00
0.000000000000000000e+00
0.000000000000000000e+00
5.000000000000000000e+02
0.000000000000000000e+00
0.000000000000000000e+00
0.000000000000000000e+00
4.166000000000000000e+05
1.260000000000000000e+04
1.000000000000000000e+02
0.000000000000000000e+00
2.075000000000000000e+05
1.000000000000000000e+02
0.000000000000000000e+00
0.000000000000000000e+00
1.702000000000000000e+05
1.000000000000000000e+02
0.000000000000000000e+00
0.000000000000000000e+00
3.300000000000000000e+04
0.000000000000000000e+00
0.000000000000000000e+00
0.000000000000000000e+00
1.230000000000000000e+05
0.000000000000000000e+00
0.000000000000000000e+00
0.000000000000000000e+00
1.710000000000000000e+04
0.000000000000000000e+00
0.000000000000000000e+00
0.000000000000000000e+00
9.900000000000000000e+03
0.000000000000000000e+00
0.000000000000000000e+00
0.000000000000000000e+00
1.000000000000000000e+02
0.000000000000000000e+00
0.000000000000000000e+00
0.000000000000000000e+00
8.170000000000000000e+04
0.000000000000000000e+00
0.000000000000000000e+00
0.000000000000000000e+00
7.900000000000000000e+03
0.000000000000000000e+00
0.000000000000000000e+00
0.000000000000000000e+00
3.100000000000000000e+03
0.000000000000000000e+00
0.000000000000000000e+00
0.000000000000000000e+00
0.000000000000000000e+00
0.000000000000000000e+00
0.000000000000000000e+00
0.000000000000000000e+00
2.800000000000000000e+03
0.000000000000000000e+00
0.000000000000000000e+00
0.000000000000000000e+00
0.000000000000000000e+00
0.000000000000000000e+00
0.000000000000000000e+00
0.000000000000000000e+00
0.000000000000000000e+00
0.000000000000000000e+00
0.000000000000000000e+00
0.000000000000000000e+00
0.000000000000000000e+00
0.000000000000000000e+00
0.000000000000000000e+00
0.000000000000000000e+00
4.976000000000000000e+05
1.961000000000000000e+05
1.730000000000000000e+04
0.000000000000000000e+00
4.682000000000000000e+05
4.040000000000000000e+04
1.000000000000000000e+02
0.000000000000000000e+00
4.574000000000000000e+05
2.280000000000000000e+04
0.000000000000000000e+00
0.000000000000000000e+00
2.926000000000000000e+05
6.000000000000000000e+02
0.000000000000000000e+00
0.000000000000000000e+00
4.330000000000000000e+05
1.690000000000000000e+04
1.000000000000000000e+02
0.000000000000000000e+00
2.434000000000000000e+05
2.000000000000000000e+02
0.000000000000000000e+00
0.000000000000000000e+00
2.082000000000000000e+05
2.000000000000000000e+02
0.000000000000000000e+00
0.000000000000000000e+00
4.320000000000000000e+04
0.000000000000000000e+00
0.000000000000000000e+00
0.000000000000000000e+00
3.916000000000000000e+05
7.400000000000000000e+03
0.000000000000000000e+00
0.000000000000000000e+00
1.801000000000000000e+05
0.000000000000000000e+00
0.000000000000000000e+00
0.000000000000000000e+00
1.340000000000000000e+05
0.000000000000000000e+00
0.000000000000000000e+00
0.000000000000000000e+00
2.270000000000000000e+04
0.000000000000000000e+00
0.000000000000000000e+00
0.000000000000000000e+00
1.022000000000000000e+05
0.000000000000000000e+00
0.000000000000000000e+00
0.000000000000000000e+00
1.270000000000000000e+04
0.000000000000000000e+00
0.000000000000000000e+00
0.000000000000000000e+00
6.200000000000000000e+03
0.000000000000000000e+00
0.000000000000000000e+00
0.000000000000000000e+00
3.000000000000000000e+02
0.000000000000000000e+00
0.000000000000000000e+00
0.000000000000000000e+00
3.297000000000000000e+05
3.900000000000000000e+03
0.000000000000000000e+00
0.000000000000000000e+00
1.135000000000000000e+05
0.000000000000000000e+00
0.000000000000000000e+00
0.000000000000000000e+00
8.980000000000000000e+04
0.000000000000000000e+00
0.000000000000000000e+00
0.000000000000000000e+00
9.500000000000000000e+03
0.000000000000000000e+00
0.000000000000000000e+00
0.000000000000000000e+00
5.670000000000000000e+04
0.000000000000000000e+00
0.000000000000000000e+00
0.000000000000000000e+00
4.500000000000000000e+03
0.000000000000000000e+00
0.000000000000000000e+00
0.000000000000000000e+00
2.700000000000000000e+03
0.000000000000000000e+00
0.000000000000000000e+00
0.000000000000000000e+00
1.000000000000000000e+02
0.000000000000000000e+00
0.000000000000000000e+00
0.000000000000000000e+00
3.220000000000000000e+04
0.000000000000000000e+00
0.000000000000000000e+00
0.000000000000000000e+00
1.300000000000000000e+03
0.000000000000000000e+00
0.000000000000000000e+00
0.000000000000000000e+00
8.000000000000000000e+02
0.000000000000000000e+00
0.000000000000000000e+00
0.000000000000000000e+00
0.000000000000000000e+00
0.000000000000000000e+00
0.000000000000000000e+00
0.000000000000000000e+00
4.000000000000000000e+02
0.000000000000000000e+00
0.000000000000000000e+00
0.000000000000000000e+00
0.000000000000000000e+00
0.000000000000000000e+00
0.000000000000000000e+00
0.000000000000000000e+00
0.000000000000000000e+00
0.000000000000000000e+00
0.000000000000000000e+00
0.000000000000000000e+00
0.000000000000000000e+00
0.000000000000000000e+00
0.000000000000000000e+00
0.000000000000000000e+00
2.508000000000000000e+05
1.500000000000000000e+03
0.000000000000000000e+00
0.000000000000000000e+00
6.420000000000000000e+04
0.000000000000000000e+00
0.000000000000000000e+00
0.000000000000000000e+00
4.430000000000000000e+04
0.000000000000000000e+00
0.000000000000000000e+00
0.000000000000000000e+00
2.000000000000000000e+03
0.000000000000000000e+00
0.000000000000000000e+00
0.000000000000000000e+00
2.660000000000000000e+04
0.000000000000000000e+00
0.000000000000000000e+00
0.000000000000000000e+00
5.000000000000000000e+02
0.000000000000000000e+00
0.000000000000000000e+00
0.000000000000000000e+00
2.000000000000000000e+02
0.000000000000000000e+00
0.000000000000000000e+00
0.000000000000000000e+00
0.000000000000000000e+00
0.000000000000000000e+00
0.000000000000000000e+00
0.000000000000000000e+00
1.490000000000000000e+04
0.000000000000000000e+00
0.000000000000000000e+00
0.000000000000000000e+00
5.000000000000000000e+02
0.000000000000000000e+00
0.000000000000000000e+00
0.000000000000000000e+00
2.000000000000000000e+02
0.000000000000000000e+00
0.000000000000000000e+00
0.000000000000000000e+00
0.000000000000000000e+00
0.000000000000000000e+00
0.000000000000000000e+00
0.000000000000000000e+00
2.000000000000000000e+02
0.000000000000000000e+00
0.000000000000000000e+00
0.000000000000000000e+00
0.000000000000000000e+00
0.000000000000000000e+00
0.000000000000000000e+00
0.000000000000000000e+00
0.000000000000000000e+00
0.000000000000000000e+00
0.000000000000000000e+00
0.000000000000000000e+00
0.000000000000000000e+00
0.000000000000000000e+00
0.000000000000000000e+00
0.000000000000000000e+00
8.400000000000000000e+03
0.000000000000000000e+00
0.000000000000000000e+00
0.000000000000000000e+00
0.000000000000000000e+00
0.000000000000000000e+00
0.000000000000000000e+00
0.000000000000000000e+00
0.000000000000000000e+00
0.000000000000000000e+00
0.000000000000000000e+00
0.000000000000000000e+00
0.000000000000000000e+00
0.000000000000000000e+00
0.000000000000000000e+00
0.000000000000000000e+00
1.000000000000000000e+02
0.000000000000000000e+00
0.000000000000000000e+00
0.000000000000000000e+00
0.000000000000000000e+00
0.000000000000000000e+00
0.000000000000000000e+00
0.000000000000000000e+00
0.000000000000000000e+00
0.000000000000000000e+00
0.000000000000000000e+00
0.000000000000000000e+00
0.000000000000000000e+00
0.000000000000000000e+00
0.000000000000000000e+00
0.000000000000000000e+00
0.000000000000000000e+00
0.000000000000000000e+00
0.000000000000000000e+00
0.000000000000000000e+00
0.000000000000000000e+00
0.000000000000000000e+00
0.000000000000000000e+00
0.000000000000000000e+00
0.000000000000000000e+00
0.000000000000000000e+00
0.000000000000000000e+00
0.000000000000000000e+00
0.000000000000000000e+00
0.000000000000000000e+00
0.000000000000000000e+00
0.000000000000000000e+00
0.000000000000000000e+00
0.000000000000000000e+00
0.000000000000000000e+00
0.000000000000000000e+00
0.000000000000000000e+00
0.000000000000000000e+00
0.000000000000000000e+00
0.000000000000000000e+00
0.000000000000000000e+00
0.000000000000000000e+00
0.000000000000000000e+00
0.000000000000000000e+00
0.000000000000000000e+00
0.000000000000000000e+00
0.000000000000000000e+00
0.000000000000000000e+00
