4.970000000000000000e+04
5.360000000000000000e+04
4.910000000000000000e+04
4.890000000000000000e+04
4.930000000000000000e+04
4.800000000000000000e+04
4.740000000000000000e+04
4.760000000000000000e+04
5.130000000000000000e+04
5.180000000000000000e+04
4.760000000000000000e+04
4.090000000000000000e+04
5.000000000000000000e+04
3.970000000000000000e+04
3.910000000000000000e+04
1.740000000000000000e+04
5.000000000000000000e+04
4.940000000000000000e+04
4.760000000000000000e+04
3.790000000000000000e+04
4.850000000000000000e+04
3.400000000000000000e+04
3.210000000000000000e+04
1.100000000000000000e+04
4.840000000000000000e+04
3.050000000000000000e+04
2.870000000000000000e+04
7.300000000000000000e+03
1.910000000000000000e+04
4.700000000000000000e+03
3.200000000000000000e+03
1.000000000000000000e+02
4.950000000000000000e+04
4.810000000000000000e+04
4.850000000000000000e+04
3.080000000000000000e+04
4.280000000000000000e+04
2.790000000000000000e+04
2.420000000000000000e+04
5.800000000000000000e+03
4.140000000000000000e+04
1.970000000000000000e+04
1.860000000000000000e+04
2.700000000000000000e+03
1.030000000000000000e+04
1.500000000000000000e+03
6.000000000000000000e+02
0.000000000000000000e+00
3.590000000000000000e+04
1.360000000000000000e+04
9.400000000000000000e+03
1.000000000000000000e+03
6.700000000000000000e+03
2.000000000000000000e+02
1.000000000000000000e+02
0.000000000000000000e+00
4.100000000000000000e+03
4.000000000000000000e+02
1.000000000000000000e+02
0.000000000000000000e+00
1.000000000000000000e+02
0.000000000000000000e+00
0.000000000000000000e+00
0.000000000000000000e+00
4.950000000000000000e+04
4.050000000000000000e+04
4.080000000000000000e+04
1.940000000000000000e+04
3.860000000000000000e+04
1.700000000000000000e+04
1.230000000000000000e+04
1.600000000000000000e+03
3.220000000000000000e+04
1.080000000000000000e+04
8.600000000000000000e+03
7.000000000000000000e+02
4.700000000000000000e+03
2.000000000000000000e+02
1.000000000000000000e+02
0.000000000000000000e+00
2.320000000000000000e+04
6.500000000000000000e+03
5.500000000000000000e+03
1.000000000000000000e+02
3.300000000000000000e+03
3.000000000000000000e+02
1.000000000000000000e+02
0.000000000000000000e+00
1.500000000000000000e+03
1.000000000000000000e+02
0.000000000000000000e+00
0.000000000000000000e+00
0.000000000000000000e+00
0.000000000000000000e+00
0.000000000000000000e+00
0.000000000000000000e+00
1.550000000000000000e+04
2.500000000000000000e+03
2.500000000000000000e+03
1.000000000000000000e+02
1.200000000000000000e+03
0.000000000000000000e+00
0.000000000000000000e+00
0.000000000000000000e+00
8.000000000000000000e+02
0.000000000000000000e+00
0.000000000000000000e+00
0.000000000000000000e+00
0.000000000000000000e+00
0.000000000000000000e+00
0.000000000000000000e+00
0.000000000000000000e+00
3.000000000000000000e+02
0.000000000000000000e+00
0.000000000000000000e+00
0.000000000000000000e+00
0.000000000000000000e+00
0.000000000000000000e+00
0.000000000000000000e+00
0.000000000000000000e+00
0.000000000000000000e+00
0.000000000000000000e+00
0.000000000000000000e+00
0.000000000000000000e+00
0.000000000000000000e+00
0.000000000000000000e+00
0.000000000000000000e+00
0.000000000000000000e+00
4.800000000000000000e+04
3.440000000000000000e+04
2.650000000000000000e+04
9.300000000000000000e+03
2.320000000000000000e+04
7.300000000000000000e+03
4.700000000000000000e+03
1.000000000000000000e+02
1.850000000000000000e+04
4.100000000000000000e+03
2.600000000000000000e+03
0.000000000000000000e+00
1.000000000000000000e+03
0.000000000000000000e+00
0.000000000000000000e+00
0.000000000000000000e+00
1.580000000000000000e+04
1.700000000000000000e+03
1.600000000000000000e+03
2.000000000000000000e+02
5.000000000000000000e+02
0.000000000000000000e+00
0.000000000000000000e+00
0.000000000000000000e+00
1.000000000000000000e+03
0.000000000000000000e+00
0.000000000000000000e+00
0.000000000000000000e+00
0.000000000000000000e+00
0.000000000000000000e+00
0.000000000000000000e+00
0.000000000000000000e+00
8.000000000000000000e+03
8.000000000000000000e+02
1.000000000000000000e+02
0.000000000000000000e+00
2.000000000000000000e+02
0.000000000000000000e+00
0.000000000000000000e+00
0.000000000000000000e+00
1.000000000000000000e+02
0.000000000000000000e+00
0.000000000000000000e+00
0.000000000000000000e+00
0.000000000000000000e+00
0.000000000000000000e+00
0.000000000000000000e+00
0.000000000000000000e+00
1.000000000000000000e+02
0.000000000000000000e+00
0.000000000000000000e+00
0.000000000000000000e+00
0.000000000000000000e+00
0.000000000000000000e+00
0.000000000000000000e+00
0.000000000000000000e+00
0.000000000000000000e+00
0.000000000000000000e+00
0.000000000000000000e+00
0.000000000000000000e+00
0.000000000000000000e+00
0.000000000000000000e+00
0.000000000000000000e+00
0.000000000000000000e+00
5.000000000000000000e+03
2.000000000000000000e+02
3.000000000000000000e+02
0.000000000000000000e+00
0.000000000000000000e+00
0.000000000000000000e+00
0.000000000000000000e+00
0.000000000000000000e+00
0.000000000000000000e+00
0.000000000000000000e+00
0.000000000000000000e+00
0.000000000000000000e+00
0.000000000000000000e+00
0.000000000000000000e+00
0.000000000000000000e+00
0.000000000000000000e+00
0.000000000000000000e+00
0.000000000000000000e+00
0.000000000000000000e+00
0.000000000000000000e+00
0.000000000000000000e+00
0.000000000000000000e+00
0.000000000000000000e+00
0.000000000000000000e+00
0.000000000000000000e+00
0.000000000000000000e+00
0.000000000000000000e+00
0.000000000000000000e+00
0.000000000000000000e+00
0.000000000000000000e+00
0.000000000000000000e+00
0.000000000000000000e+00
0.000000000000000000e+00
0.000000000000000000e+00
0.000000000000000000e+00
0.000000000000000000e+00
0.000000000000000000e+00
0.000000000000000000e+00
0.000000000000000000e+00
0.000000000000000000e+00
0.000000000000000000e+00
0.000000000000000000e+00
0.000000000000000000e+00
0.000000000000000000e+00
0.000000000000000000e+00
0.000000000000000000e+00
0.000000000000000000e+00
0.000000000000000000e+00
0.000000000000000000e+00
0.000000000000000000e+00
0.000000000000000000e+00
0.000000000000000000e+00
0.000000000000000000e+00
0.000000000000000000e+00
0.000000000000000000e+00
0.000000000000000000e+00
0.000000000000000000e+00
0.000000000000000000e+00
0.000000000000000000e+00
0.000000000000000000e+00
0.000000000000000000e+00
0.000000000000000000e+00
0.000000000000000000e+00
0.000000000000000000e+00
