4.953000000000000000e+05
4.998000000000000000e+05
4.970000000000000000e+05
5.108000000000000000e+05
5.003000000000000000e+05
5.031000000000000000e+05
4.940000000000000000e+05
4.944000000000000000e+05
4.957000000000000000e+05
5.054000000000000000e+05
5.070000000000000000e+05
5.019000000000000000e+05
5.023000000000000000e+05
4.968000000000000000e+05
4.996000000000000000e+05
5.005000000000000000e+05
5.014000000000000000e+05
4.946000000000000000e+05
5.023000000000000000e+05
4.910000000000000000e+05
5.064000000000000000e+05
5.068000000000000000e+05
4.986000000000000000e+05
5.013000000000000000e+05
5.059000000000000000e+05
5.087000000000000000e+05
5.058000000000000000e+05
5.041000000000000000e+05
4.973000000000000000e+05
4.927000000000000000e+05
4.971000000000000000e+05
4.994000000000000000e+05
5.013000000000000000e+05
4.981000000000000000e+05
5.067000000000000000e+05
5.017000000000000000e+05
4.938000000000000000e+05
4.996000000000000000e+05
4.995000000000000000e+05
4.933000000000000000e+05
4.919000000000000000e+05
5.033000000000000000e+05
5.010000000000000000e+05
4.976000000000000000e+05
4.961000000000000000e+05
5.032000000000000000e+05
5.006000000000000000e+05
4.963000000000000000e+05
4.998000000000000000e+05
5.013000000000000000e+05
4.975000000000000000e+05
5.027000000000000000e+05
4.969000000000000000e+05
5.005000000000000000e+05
5.024000000000000000e+05
4.962000000000000000e+05
4.975000000000000000e+05
5.047000000000000000e+05
5.015000000000000000e+05
4.979000000000000000e+05
5.052000000000000000e+05
5.007000000000000000e+05
5.017000000000000000e+05
4.286000000000000000e+05
4.977000000000000000e+05
4.991000000000000000e+05
4.906000000000000000e+05
4.957000000000000000e+05
5.007000000000000000e+05
5.015000000000000000e+05
5.004000000000000000e+05
5.048000000000000000e+05
5.028000000000000000e+05
4.994000000000000000e+05
4.951000000000000000e+05
4.990000000000000000e+05
5.060000000000000000e+05
4.921000000000000000e+05
5.034000000000000000e+05
4.957000000000000000e+05
4.977000000000000000e+05
4.925000000000000000e+05
4.974000000000000000e+05
5.097000000000000000e+05
5.117000000000000000e+05
5.038000000000000000e+05
4.911000000000000000e+05
5.067000000000000000e+05
5.033000000000000000e+05
5.059000000000000000e+05
5.037000000000000000e+05
4.939000000000000000e+05
4.980000000000000000e+05
4.925000000000000000e+05
4.954000000000000000e+05
3.997000000000000000e+05
5.059000000000000000e+05
4.972000000000000000e+05
5.016000000000000000e+05
5.025000000000000000e+05
4.966000000000000000e+05
4.922000000000000000e+05
4.950000000000000000e+05
4.896000000000000000e+05
4.927000000000000000e+05
4.992000000000000000e+05
5.002000000000000000e+05
4.862000000000000000e+05
4.977000000000000000e+05
4.874000000000000000e+05
4.759000000000000000e+05
3.665000000000000000e+05
5.013000000000000000e+05
4.990000000000000000e+05
5.072000000000000000e+05
4.718000000000000000e+05
4.990000000000000000e+05
4.787000000000000000e+05
4.798000000000000000e+05
3.233000000000000000e+05
4.963000000000000000e+05
4.646000000000000000e+05
4.475000000000000000e+05
2.730000000000000000e+05
4.310000000000000000e+05
2.412000000000000000e+05
1.885000000000000000e+05
3.820000000000000000e+04
4.933000000000000000e+05
5.112000000000000000e+05
5.020000000000000000e+05
4.864000000000000000e+05
5.111000000000000000e+05
4.951000000000000000e+05
5.104000000000000000e+05
4.955000000000000000e+05
5.109000000000000000e+05
5.050000000000000000e+05
5.089000000000000000e+05
4.912000000000000000e+05
4.936000000000000000e+05
5.008000000000000000e+05
5.070000000000000000e+05
4.919000000000000000e+05
5.086000000000000000e+05
5.087000000000000000e+05
5.008000000000000000e+05
4.933000000000000000e+05
5.008000000000000000e+05
4.995000000000000000e+05
4.958000000000000000e+05
5.013000000000000000e+05
4.974000000000000000e+05
4.936000000000000000e+05
5.036000000000000000e+05
4.905000000000000000e+05
4.948000000000000000e+05
4.790000000000000000e+05
4.646000000000000000e+05
3.334000000000000000e+05
5.000000000000000000e+05
5.032000000000000000e+05
5.004000000000000000e+05
5.120000000000000000e+05
5.010000000000000000e+05
5.066000000000000000e+05
5.043000000000000000e+05
4.776000000000000000e+05
5.081000000000000000e+05
4.872000000000000000e+05
5.075000000000000000e+05
4.775000000000000000e+05
5.044000000000000000e+05
4.614000000000000000e+05
4.568000000000000000e+05
2.744000000000000000e+05
4.953000000000000000e+05
5.006000000000000000e+05
4.943000000000000000e+05
4.538000000000000000e+05
4.958000000000000000e+05
4.351000000000000000e+05
4.265000000000000000e+05
2.357000000000000000e+05
5.012000000000000000e+05
4.093000000000000000e+05
3.878000000000000000e+05
1.745000000000000000e+05
3.376000000000000000e+05
1.312000000000000000e+05
9.410000000000000000e+04
9.600000000000000000e+03
5.001000000000000000e+05
4.991000000000000000e+05
5.021000000000000000e+05
4.915000000000000000e+05
5.018000000000000000e+05
5.033000000000000000e+05
4.959000000000000000e+05
4.572000000000000000e+05
5.021000000000000000e+05
4.941000000000000000e+05
5.143000000000000000e+05
4.424000000000000000e+05
4.966000000000000000e+05
4.125000000000000000e+05
4.006000000000000000e+05
2.002000000000000000e+05
5.006000000000000000e+05
4.916000000000000000e+05
4.955000000000000000e+05
4.102000000000000000e+05
4.876000000000000000e+05
3.852000000000000000e+05
3.531000000000000000e+05
1.369000000000000000e+05
4.750000000000000000e+05
3.304000000000000000e+05
3.003000000000000000e+05
9.140000000000000000e+04
2.441000000000000000e+05
6.220000000000000000e+04
3.780000000000000000e+04
2.000000000000000000e+03
5.048000000000000000e+05
4.807000000000000000e+05
4.835000000000000000e+05
3.488000000000000000e+05
4.649000000000000000e+05
3.033000000000000000e+05
2.646000000000000000e+05
8.160000000000000000e+04
4.345000000000000000e+05
2.429000000000000000e+05
2.027000000000000000e+05
4.310000000000000000e+04
1.524000000000000000e+05
2.540000000000000000e+04
1.610000000000000000e+04
7.000000000000000000e+02
3.785000000000000000e+05
1.689000000000000000e+05
1.302000000000000000e+05
1.760000000000000000e+04
9.320000000000000000e+04
9.100000000000000000e+03
6.300000000000000000e+03
0.000000000000000000e+00
5.680000000000000000e+04
4.000000000000000000e+03
1.900000000000000000e+03
0.000000000000000000e+00
1.500000000000000000e+03
0.000000000000000000e+00
0.000000000000000000e+00
0.000000000000000000e+00
5.063000000000000000e+05
5.032000000000000000e+05
5.026000000000000000e+05
4.986000000000000000e+05
4.997000000000000000e+05
4.964000000000000000e+05
4.945000000000000000e+05
4.993000000000000000e+05
5.025000000000000000e+05
5.017000000000000000e+05
4.937000000000000000e+05
4.943000000000000000e+05
5.005000000000000000e+05
5.027000000000000000e+05
4.975000000000000000e+05
4.688000000000000000e+05
4.944000000000000000e+05
5.066000000000000000e+05
4.955000000000000000e+05
4.894000000000000000e+05
4.996000000000000000e+05
4.935000000000000000e+05
5.037000000000000000e+05
4.645000000000000000e+05
5.015000000000000000e+05
4.980000000000000000e+05
4.962000000000000000e+05
4.585000000000000000e+05
4.961000000000000000e+05
4.321000000000000000e+05
4.112000000000000000e+05
2.175000000000000000e+05
4.955000000000000000e+05
4.930000000000000000e+05
5.009000000000000000e+05
4.912000000000000000e+05
5.043000000000000000e+05
5.012000000000000000e+05
4.966000000000000000e+05
4.409000000000000000e+05
4.940000000000000000e+05
4.936000000000000000e+05
4.969000000000000000e+05
4.238000000000000000e+05
4.952000000000000000e+05
3.969000000000000000e+05
3.600000000000000000e+05
1.551000000000000000e+05
5.081000000000000000e+05
4.897000000000000000e+05
4.831000000000000000e+05
3.758000000000000000e+05
4.798000000000000000e+05
3.372000000000000000e+05
3.135000000000000000e+05
1.085000000000000000e+05
4.527000000000000000e+05
2.841000000000000000e+05
2.455000000000000000e+05
6.180000000000000000e+04
1.885000000000000000e+05
3.640000000000000000e+04
2.530000000000000000e+04
1.100000000000000000e+03
4.989000000000000000e+05
5.028000000000000000e+05
4.959000000000000000e+05
4.963000000000000000e+05
5.017000000000000000e+05
4.954000000000000000e+05
4.844000000000000000e+05
3.970000000000000000e+05
5.032000000000000000e+05
4.851000000000000000e+05
4.801000000000000000e+05
3.532000000000000000e+05
4.691000000000000000e+05
3.133000000000000000e+05
2.756000000000000000e+05
8.270000000000000000e+04
5.045000000000000000e+05
4.770000000000000000e+05
4.593000000000000000e+05
2.916000000000000000e+05
4.303000000000000000e+05
2.492000000000000000e+05
2.030000000000000000e+05
4.220000000000000000e+04
3.978000000000000000e+05
1.837000000000000000e+05
1.463000000000000000e+05
2.100000000000000000e+04
9.970000000000000000e+04
9.500000000000000000e+03
6.100000000000000000e+03
1.000000000000000000e+02
4.927000000000000000e+05
4.280000000000000000e+05
4.034000000000000000e+05
2.029000000000000000e+05
3.659000000000000000e+05
1.549000000000000000e+05
1.172000000000000000e+05
1.400000000000000000e+04
3.080000000000000000e+05
1.001000000000000000e+05
7.050000000000000000e+04
4.800000000000000000e+03
4.550000000000000000e+04
2.700000000000000000e+03
1.000000000000000000e+03
0.000000000000000000e+00
2.306000000000000000e+05
5.410000000000000000e+04
3.770000000000000000e+04
2.100000000000000000e+03
2.250000000000000000e+04
1.100000000000000000e+03
4.000000000000000000e+02
0.000000000000000000e+00
1.360000000000000000e+04
5.000000000000000000e+02
0.000000000000000000e+00
0.000000000000000000e+00
0.000000000000000000e+00
0.000000000000000000e+00
0.000000000000000000e+00
0.000000000000000000e+00
5.095000000000000000e+05
4.965000000000000000e+05
4.992000000000000000e+05
4.814000000000000000e+05
5.061000000000000000e+05
4.671000000000000000e+05
4.611000000000000000e+05
2.935000000000000000e+05
4.964000000000000000e+05
4.549000000000000000e+05
4.282000000000000000e+05
2.354000000000000000e+05
3.974000000000000000e+05
1.884000000000000000e+05
1.490000000000000000e+05
2.400000000000000000e+04
4.918000000000000000e+05
4.023000000000000000e+05
3.724000000000000000e+05
1.662000000000000000e+05
3.292000000000000000e+05
1.186000000000000000e+05
8.680000000000000000e+04
8.700000000000000000e+03
2.651000000000000000e+05
7.580000000000000000e+04
5.060000000000000000e+04
4.100000000000000000e+03
3.220000000000000000e+04
1.100000000000000000e+03
1.200000000000000000e+03
0.000000000000000000e+00
4.842000000000000000e+05
3.300000000000000000e+05
2.771000000000000000e+05
8.730000000000000000e+04
2.253000000000000000e+05
5.430000000000000000e+04
3.600000000000000000e+04
1.600000000000000000e+03
1.738000000000000000e+05
3.320000000000000000e+04
1.910000000000000000e+04
2.000000000000000000e+02
1.220000000000000000e+04
2.000000000000000000e+02
0.000000000000000000e+00
0.000000000000000000e+00
1.165000000000000000e+05
1.430000000000000000e+04
9.000000000000000000e+03
1.000000000000000000e+02
4.800000000000000000e+03
1.000000000000000000e+02
0.000000000000000000e+00
0.000000000000000000e+00
2.500000000000000000e+03
0.000000000000000000e+00
0.000000000000000000e+00
0.000000000000000000e+00
0.000000000000000000e+00
0.000000000000000000e+00
0.000000000000000000e+00
0.000000000000000000e+00
4.218000000000000000e+05
2.268000000000000000e+05
1.881000000000000000e+05
3.700000000000000000e+04
1.364000000000000000e+05
2.010000000000000000e+04
1.310000000000000000e+04
4.000000000000000000e+02
9.260000000000000000e+04
1.030000000000000000e+04
5.800000000000000000e+03
0.000000000000000000e+00
2.100000000000000000e+03
0.000000000000000000e+00
0.000000000000000000e+00
0.000000000000000000e+00
5.650000000000000000e+04
2.700000000000000000e+03
1.900000000000000000e+03
0.000000000000000000e+00
1.100000000000000000e+03
0.000000000000000000e+00
0.000000000000000000e+00
0.000000000000000000e+00
7.000000000000000000e+02
0.000000000000000000e+00
0.000000000000000000e+00
0.000000000000000000e+00
0.000000000000000000e+00
0.000000000000000000e+00
0.000000000000000000e+00
0.000000000000000000e+00
3.420000000000000000e+04
1.000000000000000000e+03
6.000000000000000000e+02
0.000000000000000000e+00
6.000000000000000000e+02
0.000000000000000000e+00
0.000000000000000000e+00
0.000000000000000000e+00
1.000000000000000000e+02
0.000000000000000000e+00
0.000000000000000000e+00
0.000000000000000000e+00
0.000000000000000000e+00
0.000000000000000000e+00
0.000000000000000000e+00
0.000000000000000000e+00
0.000000000000000000e+00
0.000000000000000000e+00
0.000000000000000000e+00
0.000000000000000000e+00
0.000000000000000000e+00
0.000000000000000000e+00
0.000000000000000000e+00
0.000000000000000000e+00
0.000000000000000000e+00
0.000000000000000000e+00
0.000000000000000000e+00
0.000000000000000000e+00
0.000000000000000000e+00
0.000000000000000000e+00
0.000000000000000000e+00
0.000000000000000000e+00
4.945000000000000000e+05
4.929000000000000000e+05
4.982000000000000000e+05
5.004000000000000000e+05
5.006000000000000000e+05
4.982000000000000000e+05
5.039000000000000000e+05
4.952000000000000000e+05
5.025000000000000000e+05
5.100000000000000000e+05
4.964000000000000000e+05
4.906000000000000000e+05
5.049000000000000000e+05
5.004000000000000000e+05
4.973000000000000000e+05
4.150000000000000000e+05
4.901000000000000000e+05
4.947000000000000000e+05
4.998000000000000000e+05
5.022000000000000000e+05
5.109000000000000000e+05
4.854000000000000000e+05
4.902000000000000000e+05
3.824000000000000000e+05
5.025000000000000000e+05
4.797000000000000000e+05
4.787000000000000000e+05
3.506000000000000000e+05
4.665000000000000000e+05
3.138000000000000000e+05
2.820000000000000000e+05
8.610000000000000000e+04
4.919000000000000000e+05
4.961000000000000000e+05
5.042000000000000000e+05
4.839000000000000000e+05
4.881000000000000000e+05
4.767000000000000000e+05
4.715000000000000000e+05
3.292000000000000000e+05
4.924000000000000000e+05
4.650000000000000000e+05
4.573000000000000000e+05
2.866000000000000000e+05
4.295000000000000000e+05
2.370000000000000000e+05
1.855000000000000000e+05
3.650000000000000000e+04
5.009000000000000000e+05
4.346000000000000000e+05
4.064000000000000000e+05
2.109000000000000000e+05
3.714000000000000000e+05
1.674000000000000000e+05
1.250000000000000000e+05
1.790000000000000000e+04
3.150000000000000000e+05
1.108000000000000000e+05
8.550000000000000000e+04
7.000000000000000000e+03
5.050000000000000000e+04
2.700000000000000000e+03
1.300000000000000000e+03
0.000000000000000000e+00
4.955000000000000000e+05
5.025000000000000000e+05
4.993000000000000000e+05
4.585000000000000000e+05
4.976000000000000000e+05
4.445000000000000000e+05
4.247000000000000000e+05
2.283000000000000000e+05
4.994000000000000000e+05
4.152000000000000000e+05
3.868000000000000000e+05
1.772000000000000000e+05
3.361000000000000000e+05
1.307000000000000000e+05
9.650000000000000000e+04
1.070000000000000000e+04
4.821000000000000000e+05
3.605000000000000000e+05
3.193000000000000000e+05
1.132000000000000000e+05
2.722000000000000000e+05
7.710000000000000000e+04
5.580000000000000000e+04
3.400000000000000000e+03
2.056000000000000000e+05
4.180000000000000000e+04
2.750000000000000000e+04
6.000000000000000000e+02
1.860000000000000000e+04
3.000000000000000000e+02
2.000000000000000000e+02
0.000000000000000000e+00
4.609000000000000000e+05
2.843000000000000000e+05
2.310000000000000000e+05
5.910000000000000000e+04
1.801000000000000000e+05
3.720000000000000000e+04
2.150000000000000000e+04
1.000000000000000000e+03
1.226000000000000000e+05
1.670000000000000000e+04
1.110000000000000000e+04
2.000000000000000000e+02
5.900000000000000000e+03
0.000000000000000000e+00
0.000000000000000000e+00
0.000000000000000000e+00
7.910000000000000000e+04
7.900000000000000000e+03
3.700000000000000000e+03
0.000000000000000000e+00
1.500000000000000000e+03
0.000000000000000000e+00
0.000000000000000000e+00
0.000000000000000000e+00
1.000000000000000000e+03
0.000000000000000000e+00
0.000000000000000000e+00
0.000000000000000000e+00
0.000000000000000000e+00
0.000000000000000000e+00
0.000000000000000000e+00
0.000000000000000000e+00
5.041000000000000000e+05
4.866000000000000000e+05
4.882000000000000000e+05
3.939000000000000000e+05
4.819000000000000000e+05
3.566000000000000000e+05
3.338000000000000000e+05
1.213000000000000000e+05
4.720000000000000000e+05
3.128000000000000000e+05
2.731000000000000000e+05
7.670000000000000000e+04
2.160000000000000000e+05
4.600000000000000000e+04
3.010000000000000000e+04
1.200000000000000000e+03
4.265000000000000000e+05
2.263000000000000000e+05
1.966000000000000000e+05
3.720000000000000000e+04
1.401000000000000000e+05
2.040000000000000000e+04
1.440000000000000000e+04
4.000000000000000000e+02
9.730000000000000000e+04
9.800000000000000000e+03
6.400000000000000000e+03
2.000000000000000000e+02
2.400000000000000000e+03
0.000000000000000000e+00
0.000000000000000000e+00
0.000000000000000000e+00
3.673000000000000000e+05
1.531000000000000000e+05
1.196000000000000000e+05
1.500000000000000000e+04
8.040000000000000000e+04
5.700000000000000000e+03
4.400000000000000000e+03
0.000000000000000000e+00
4.790000000000000000e+04
3.600000000000000000e+03
2.000000000000000000e+03
0.000000000000000000e+00
7.000000000000000000e+02
0.000000000000000000e+00
0.000000000000000000e+00
0.000000000000000000e+00
2.910000000000000000e+04
1.300000000000000000e+03
6.000000000000000000e+02
0.000000000000000000e+00
3.000000000000000000e+02
0.000000000000000000e+00
0.000000000000000000e+00
0.000000000000000000e+00
3.000000000000000000e+02
0.000000000000000000e+00
0.000000000000000000e+00
0.000000000000000000e+00
0.000000000000000000e+00
0.000000000000000000e+00
0.000000000000000000e+00
0.000000000000000000e+00
2.695000000000000000e+05
7.700000000000000000e+04
5.500000000000000000e+04
3.100000000000000000e+03
3.520000000000000000e+04
2.100000000000000000e+03
6.000000000000000000e+02
0.000000000000000000e+00
2.310000000000000000e+04
1.000000000000000000e+03
2.000000000000000000e+02
0.000000000000000000e+00
0.000000000000000000e+00
0.000000000000000000e+00
0.000000000000000000e+00
0.000000000000000000e+00
1.040000000000000000e+04
3.000000000000000000e+02
1.000000000000000000e+02
0.000000000000000000e+00
0.000000000000000000e+00
0.000000000000000000e+00
0.000000000000000000e+00
0.000000000000000000e+00
0.000000000000000000e+00
0.000000000000000000e+00
0.000000000000000000e+00
0.000000000000000000e+00
0.000000000000000000e+00
0.000000000000000000e+00
0.000000000000000000e+00
0.000000000000000000e+00
4.200000000000000000e+03
1.000000000000000000e+02
0.000000000000000000e+00
0.000000000000000000e+00
0.000000000000000000e+00
0.000000000000000000e+00
0.000000000000000000e+00
0.000000000000000000e+00
0.000000000000000000e+00
0.000000000000000000e+00
0.000000000000000000e+00
0.000000000000000000e+00
0.000000000000000000e+00
0.000000000000000000e+00
0.000000000000000000e+00
0.000000000000000000e+00
0.000000000000000000e+00
0.000000000000000000e+00
0.000000000000000000e+00
0.000000000000000000e+00
0.000000000000000000e+00
0.000000000000000000e+00
0.000000000000000000e+00
0.000000000000000000e+00
0.000000000000000000e+00
0.000000000000000000e+00
0.000000000000000000e+00
0.000000000000000000e+00
0.000000000000000000e+00
0.000000000000000000e+00
0.000000000000000000e+00
0.000000000000000000e+00
5.001000000000000000e+05
4.638000000000000000e+05
4.484000000000000000e+05
2.727000000000000000e+05
4.238000000000000000e+05
2.232000000000000000e+05
1.830000000000000000e+05
3.750000000000000000e+04
3.816000000000000000e+05
1.700000000000000000e+05
1.262000000000000000e+05
1.850000000000000000e+04
9.110000000000000000e+04
8.800000000000000000e+03
5.900000000000000000e+03
0.000000000000000000e+00
3.038000000000000000e+05
1.058000000000000000e+05
7.580000000000000000e+04
6.500000000000000000e+03
4.820000000000000000e+04
2.900000000000000000e+03
1.700000000000000000e+03
0.000000000000000000e+00
2.940000000000000000e+04
1.200000000000000000e+03
6.000000000000000000e+02
0.000000000000000000e+00
6.000000000000000000e+02
0.000000000000000000e+00
0.000000000000000000e+00
0.000000000000000000e+00
2.232000000000000000e+05
5.550000000000000000e+04
3.740000000000000000e+04
1.500000000000000000e+03
2.340000000000000000e+04
8.000000000000000000e+02
7.000000000000000000e+02
0.000000000000000000e+00
1.300000000000000000e+04
1.000000000000000000e+02
0.000000000000000000e+00
0.000000000000000000e+00
1.000000000000000000e+02
0.000000000000000000e+00
0.000000000000000000e+00
0.000000000000000000e+00
6.500000000000000000e+03
0.000000000000000000e+00
0.000000000000000000e+00
0.000000000000000000e+00
1.000000000000000000e+02
0.000000000000000000e+00
0.000000000000000000e+00
0.000000000000000000e+00
0.000000000000000000e+00
0.000000000000000000e+00
0.000000000000000000e+00
0.000000000000000000e+00
0.000000000000000000e+00
0.000000000000000000e+00
0.000000000000000000e+00
0.000000000000000000e+00
1.510000000000000000e+05
2.530000000000000000e+04
1.550000000000000000e+04
6.000000000000000000e+02
7.900000000000000000e+03
0.000000000000000000e+00
0.000000000000000000e+00
0.000000000000000000e+00
4.200000000000000000e+03
0.000000000000000000e+00
0.000000000000000000e+00
0.000000000000000000e+00
0.000000000000000000e+00
0.000000000000000000e+00
0.000000000000000000e+00
0.000000000000000000e+00
2.400000000000000000e+03
0.000000000000000000e+00
0.000000000000000000e+00
0.000000000000000000e+00
1.000000000000000000e+02
0.000000000000000000e+00
0.000000000000000000e+00
0.000000000000000000e+00
0.000000000000000000e+00
0.000000000000000000e+00
0.000000000000000000e+00
0.000000000000000000e+00
0.000000000000000000e+00
0.000000000000000000e+00
0.000000000000000000e+00
0.000000000000000000e+00
1.500000000000000000e+03
0.000000000000000000e+00
0.000000000000000000e+00
0.000000000000000000e+00
0.000000000000000000e+00
0.000000000000000000e+00
0.000000000000000000e+00
0.000000000000000000e+00
0.000000000000000000e+00
0.000000000000000000e+00
0.000000000000000000e+00
0.000000000000000000e+00
0.000000000000000000e+00
0.000000000000000000e+00
0.000000000000000000e+00
0.000000000000000000e+00
0.000000000000000000e+00
0.000000000000000000e+00
0.000000000000000000e+00
0.000000000000000000e+00
0.000000000000000000e+00
0.000000000000000000e+00
0.000000000000000000e+00
0.000000000000000000e+00
0.000000000000000000e+00
0.000000000000000000e+00
0.000000000000000000e+00
0.000000000000000000e+00
0.000000000000000000e+00
0.000000000000000000e+00
0.000000000000000000e+00
0.000000000000000000e+00
8.890000000000000000e+04
9.500000000000000000e+03
4.800000000000000000e+03
0.000000000000000000e+00
4.300000000000000000e+03
0.000000000000000000e+00
0.000000000000000000e+00
0.000000000000000000e+00
1.900000000000000000e+03
1.000000000000000000e+02
0.000000000000000000e+00
0.000000000000000000e+00
0.000000000000000000e+00
0.000000000000000000e+00
0.000000000000000000e+00
0.000000000000000000e+00
8.000000000000000000e+02
0.000000000000000000e+00
0.000000000000000000e+00
0.000000000000000000e+00
0.000000000000000000e+00
0.000000000000000000e+00
0.000000000000000000e+00
0.000000000000000000e+00
0.000000000000000000e+00
0.000000000000000000e+00
0.000000000000000000e+00
0.000000000000000000e+00
0.000000000000000000e+00
0.000000000000000000e+00
0.000000000000000000e+00
0.000000000000000000e+00
2.000000000000000000e+02
0.000000000000000000e+00
0.000000000000000000e+00
0.000000000000000000e+00
0.000000000000000000e+00
0.000000000000000000e+00
0.000000000000000000e+00
0.000000000000000000e+00
0.000000000000000000e+00
0.000000000000000000e+00
0.000000000000000000e+00
0.000000000000000000e+00
0.000000000000000000e+00
0.000000000000000000e+00
0.000000000000000000e+00
0.000000000000000000e+00
0.000000000000000000e+00
0.000000000000000000e+00
0.000000000000000000e+00
0.000000000000000000e+00
0.000000000000000000e+00
0.000000000000000000e+00
0.000000000000000000e+00
0.000000000000000000e+00
0.000000000000000000e+00
0.000000000000000000e+00
0.000000000000000000e+00
0.000000000000000000e+00
0.000000000000000000e+00
0.000000000000000000e+00
0.000000000000000000e+00
0.000000000000000000e+00
3.000000000000000000e+02
0.000000000000000000e+00
0.000000000000000000e+00
0.000000000000000000e+00
0.000000000000000000e+00
0.000000000000000000e+00
0.000000000000000000e+00
0.000000000000000000e+00
0.000000000000000000e+00
0.000000000000000000e+00
0.000000000000000000e+00
0.000000000000000000e+00
0.000000000000000000e+00
0.000000000000000000e+00
0.000000000000000000e+00
0.000000000000000000e+00
0.000000000000000000e+00
0.000000000000000000e+00
0.000000000000000000e+00
0.000000000000000000e+00
0.000000000000000000e+00
0.000000000000000000e+00
0.000000000000000000e+00
0.000000000000000000e+00
0.000000000000000000e+00
0.000000000000000000e+00
0.000000000000000000e+00
0.000000000000000000e+00
0.000000000000000000e+00
0.000000000000000000e+00
0.000000000000000000e+00
0.000000000000000000e+00
0.000000000000000000e+00
0.000000000000000000e+00
0.000000000000000000e+00
0.000000000000000000e+00
0.000000000000000000e+00
0.000000000000000000e+00
0.000000000000000000e+00
0.000000000000000000e+00
0.000000000000000000e+00
0.000000000000000000e+00
0.000000000000000000e+00
0.000000000000000000e+00
0.000000000000000000e+00
0.000000000000000000e+00
0.000000000000000000e+00
0.000000000000000000e+00
0.000000000000000000e+00
0.000000000000000000e+00
0.000000000000000000e+00
0.000000000000000000e+00
0.000000000000000000e+00
0.000000000000000000e+00
0.000000000000000000e+00
0.000000000000000000e+00
0.000000000000000000e+00
0.000000000000000000e+00
0.000000000000000000e+00
0.000000000000000000e+00
0.000000000000000000e+00
0.000000000000000000e+00
0.000000000000000000e+00
0.000000000000000000e+00
