4.947000000000000000e+05
5.054000000000000000e+05
4.973000000000000000e+05
5.026000000000000000e+05
4.908000000000000000e+05
5.040000000000000000e+05
4.953000000000000000e+05
4.481000000000000000e+05
4.972000000000000000e+05
4.941000000000000000e+05
4.913000000000000000e+05
4.302000000000000000e+05
4.943000000000000000e+05
4.084000000000000000e+05
3.738000000000000000e+05
1.717000000000000000e+05
4.987000000000000000e+05
4.883000000000000000e+05
4.865000000000000000e+05
3.832000000000000000e+05
4.882000000000000000e+05
3.465000000000000000e+05
3.134000000000000000e+05
1.094000000000000000e+05
4.583000000000000000e+05
2.877000000000000000e+05
2.577000000000000000e+05
6.600000000000000000e+04
1.940000000000000000e+05
3.790000000000000000e+04
2.630000000000000000e+04
7.000000000000000000e+02
5.027000000000000000e+05
4.767000000000000000e+05
4.607000000000000000e+05
3.107000000000000000e+05
4.489000000000000000e+05
2.624000000000000000e+05
2.237000000000000000e+05
5.400000000000000000e+04
4.117000000000000000e+05
2.066000000000000000e+05
1.647000000000000000e+05
2.950000000000000000e+04
1.196000000000000000e+05
1.600000000000000000e+04
9.000000000000000000e+03
0.000000000000000000e+00
3.503000000000000000e+05
1.302000000000000000e+05
1.010000000000000000e+05
1.270000000000000000e+04
6.290000000000000000e+04
4.600000000000000000e+03
2.500000000000000000e+03
0.000000000000000000e+00
4.140000000000000000e+04
1.800000000000000000e+03
1.300000000000000000e+03
0.000000000000000000e+00
6.000000000000000000e+02
0.000000000000000000e+00
0.000000000000000000e+00
0.000000000000000000e+00
5.004000000000000000e+05
4.349000000000000000e+05
4.186000000000000000e+05
2.042000000000000000e+05
3.715000000000000000e+05
1.609000000000000000e+05
1.255000000000000000e+05
1.640000000000000000e+04
3.174000000000000000e+05
1.090000000000000000e+05
7.540000000000000000e+04
7.200000000000000000e+03
5.260000000000000000e+04
3.300000000000000000e+03
1.700000000000000000e+03
0.000000000000000000e+00
2.409000000000000000e+05
6.100000000000000000e+04
4.100000000000000000e+04
2.100000000000000000e+03
2.440000000000000000e+04
1.100000000000000000e+03
2.000000000000000000e+02
0.000000000000000000e+00
1.330000000000000000e+04
2.000000000000000000e+02
6.000000000000000000e+02
0.000000000000000000e+00
3.000000000000000000e+02
0.000000000000000000e+00
0.000000000000000000e+00
0.000000000000000000e+00
1.611000000000000000e+05
2.940000000000000000e+04
1.910000000000000000e+04
8.000000000000000000e+02
1.210000000000000000e+04
5.000000000000000000e+02
1.000000000000000000e+02
0.000000000000000000e+00
5.600000000000000000e+03
0.000000000000000000e+00
0.000000000000000000e+00
0.000000000000000000e+00
0.000000000000000000e+00
0.000000000000000000e+00
0.000000000000000000e+00
0.000000000000000000e+00
2.400000000000000000e+03
0.000000000000000000e+00
0.000000000000000000e+00
0.000000000000000000e+00
0.000000000000000000e+00
0.000000000000000000e+00
0.000000000000000000e+00
0.000000000000000000e+00
0.000000000000000000e+00
0.000000000000000000e+00
0.000000000000000000e+00
0.000000000000000000e+00
0.000000000000000000e+00
0.000000000000000000e+00
0.000000000000000000e+00
0.000000000000000000e+00
4.944000000000000000e+05
3.344000000000000000e+05
3.067000000000000000e+05
9.980000000000000000e+04
2.535000000000000000e+05
6.730000000000000000e+04
4.790000000000000000e+04
2.500000000000000000e+03
1.988000000000000000e+05
4.140000000000000000e+04
2.560000000000000000e+04
1.100000000000000000e+03
1.510000000000000000e+04
3.000000000000000000e+02
1.000000000000000000e+02
0.000000000000000000e+00
1.268000000000000000e+05
1.770000000000000000e+04
1.260000000000000000e+04
2.000000000000000000e+02
6.200000000000000000e+03
0.000000000000000000e+00
0.000000000000000000e+00
0.000000000000000000e+00
4.100000000000000000e+03
0.000000000000000000e+00
0.000000000000000000e+00
0.000000000000000000e+00
0.000000000000000000e+00
0.000000000000000000e+00
0.000000000000000000e+00
0.000000000000000000e+00
8.310000000000000000e+04
7.000000000000000000e+03
5.000000000000000000e+03
0.000000000000000000e+00
2.600000000000000000e+03
0.000000000000000000e+00
0.000000000000000000e+00
0.000000000000000000e+00
1.900000000000000000e+03
0.000000000000000000e+00
0.000000000000000000e+00
0.000000000000000000e+00
0.000000000000000000e+00
0.000000000000000000e+00
0.000000000000000000e+00
0.000000000000000000e+00
9.000000000000000000e+02
0.000000000000000000e+00
0.000000000000000000e+00
0.000000000000000000e+00
0.000000000000000000e+00
0.000000000000000000e+00
0.000000000000000000e+00
0.000000000000000000e+00
0.000000000000000000e+00
0.000000000000000000e+00
0.000000000000000000e+00
0.000000000000000000e+00
0.000000000000000000e+00
0.000000000000000000e+00
0.000000000000000000e+00
0.000000000000000000e+00
4.620000000000000000e+04
2.200000000000000000e+03
1.100000000000000000e+03
0.000000000000000000e+00
8.000000000000000000e+02
0.000000000000000000e+00
0.000000000000000000e+00
0.000000000000000000e+00
5.000000000000000000e+02
0.000000000000000000e+00
0.000000000000000000e+00
0.000000000000000000e+00
0.000000000000000000e+00
0.000000000000000000e+00
0.000000000000000000e+00
0.000000000000000000e+00
1.000000000000000000e+02
0.000000000000000000e+00
0.000000000000000000e+00
0.000000000000000000e+00
0.000000000000000000e+00
0.000000000000000000e+00
0.000000000000000000e+00
0.000000000000000000e+00
0.000000000000000000e+00
0.000000000000000000e+00
0.000000000000000000e+00
0.000000000000000000e+00
0.000000000000000000e+00
0.000000000000000000e+00
0.000000000000000000e+00
0.000000000000000000e+00
4.000000000000000000e+02
0.000000000000000000e+00
0.000000000000000000e+00
0.000000000000000000e+00
0.000000000000000000e+00
0.000000000000000000e+00
0.000000000000000000e+00
0.000000000000000000e+00
0.000000000000000000e+00
0.000000000000000000e+00
0.000000000000000000e+00
0.000000000000000000e+00
0.000000000000000000e+00
0.000000000000000000e+00
0.000000000000000000e+00
0.000000000000000000e+00
0.000000000000000000e+00
0.000000000000000000e+00
0.000000000000000000e+00
0.000000000000000000e+00
0.000000000000000000e+00
0.000000000000000000e+00
0.000000000000000000e+00
0.000000000000000000e+00
0.000000000000000000e+00
0.000000000000000000e+00
0.000000000000000000e+00
0.000000000000000000e+00
0.000000000000000000e+00
0.000000000000000000e+00
0.000000000000000000e+00
0.000000000000000000e+00
