5.049000000000000000e+05
5.099000000000000000e+05
5.013000000000000000e+05
4.866000000000000000e+05
5.056000000000000000e+05
4.718000000000000000e+05
4.705000000000000000e+05
3.399000000000000000e+05
4.951000000000000000e+05
4.741000000000000000e+05
4.530000000000000000e+05
3.004000000000000000e+05
4.367000000000000000e+05
2.491000000000000000e+05
2.120000000000000000e+05
4.820000000000000000e+04
4.963000000000000000e+05
4.336000000000000000e+05
4.225000000000000000e+05
2.204000000000000000e+05
3.804000000000000000e+05
1.675000000000000000e+05
1.322000000000000000e+05
1.810000000000000000e+04
3.273000000000000000e+05
1.167000000000000000e+05
8.360000000000000000e+04
7.200000000000000000e+03
5.620000000000000000e+04
2.600000000000000000e+03
2.600000000000000000e+03
0.000000000000000000e+00
4.891000000000000000e+05
3.823000000000000000e+05
3.526000000000000000e+05
1.399000000000000000e+05
2.978000000000000000e+05
9.520000000000000000e+04
7.250000000000000000e+04
4.600000000000000000e+03
2.429000000000000000e+05
6.270000000000000000e+04
4.200000000000000000e+04
2.500000000000000000e+03
2.490000000000000000e+04
7.000000000000000000e+02
1.000000000000000000e+02
0.000000000000000000e+00
1.638000000000000000e+05
2.970000000000000000e+04
1.770000000000000000e+04
3.000000000000000000e+02
9.100000000000000000e+03
1.000000000000000000e+02
1.000000000000000000e+02
0.000000000000000000e+00
6.700000000000000000e+03
1.000000000000000000e+02
2.000000000000000000e+02
0.000000000000000000e+00
0.000000000000000000e+00
0.000000000000000000e+00
0.000000000000000000e+00
0.000000000000000000e+00
4.556000000000000000e+05
2.949000000000000000e+05
2.512000000000000000e+05
6.610000000000000000e+04
1.990000000000000000e+05
3.880000000000000000e+04
2.470000000000000000e+04
8.000000000000000000e+02
1.416000000000000000e+05
1.990000000000000000e+04
1.230000000000000000e+04
3.000000000000000000e+02
7.600000000000000000e+03
2.000000000000000000e+02
0.000000000000000000e+00
0.000000000000000000e+00
9.200000000000000000e+04
9.100000000000000000e+03
5.000000000000000000e+03
0.000000000000000000e+00
2.500000000000000000e+03
0.000000000000000000e+00
0.000000000000000000e+00
0.000000000000000000e+00
1.200000000000000000e+03
0.000000000000000000e+00
0.000000000000000000e+00
0.000000000000000000e+00
0.000000000000000000e+00
0.000000000000000000e+00
0.000000000000000000e+00
0.000000000000000000e+00
5.340000000000000000e+04
4.200000000000000000e+03
1.900000000000000000e+03
0.000000000000000000e+00
1.100000000000000000e+03
0.000000000000000000e+00
0.000000000000000000e+00
0.000000000000000000e+00
9.000000000000000000e+02
0.000000000000000000e+00
0.000000000000000000e+00
0.000000000000000000e+00
0.000000000000000000e+00
0.000000000000000000e+00
0.000000000000000000e+00
0.000000000000000000e+00
2.000000000000000000e+02
0.000000000000000000e+00
0.000000000000000000e+00
0.000000000000000000e+00
0.000000000000000000e+00
0.000000000000000000e+00
0.000000000000000000e+00
0.000000000000000000e+00
0.000000000000000000e+00
0.000000000000000000e+00
0.000000000000000000e+00
0.000000000000000000e+00
0.000000000000000000e+00
0.000000000000000000e+00
0.000000000000000000e+00
0.000000000000000000e+00
3.900000000000000000e+05
1.743000000000000000e+05
1.421000000000000000e+05
2.250000000000000000e+04
1.016000000000000000e+05
1.120000000000000000e+04
7.200000000000000000e+03
0.000000000000000000e+00
6.880000000000000000e+04
6.000000000000000000e+03
2.900000000000000000e+03
1.000000000000000000e+02
1.100000000000000000e+03
0.000000000000000000e+00
0.000000000000000000e+00
0.000000000000000000e+00
3.890000000000000000e+04
1.300000000000000000e+03
8.000000000000000000e+02
0.000000000000000000e+00
3.000000000000000000e+02
0.000000000000000000e+00
0.000000000000000000e+00
0.000000000000000000e+00
4.000000000000000000e+02
0.000000000000000000e+00
0.000000000000000000e+00
0.000000000000000000e+00
0.000000000000000000e+00
0.000000000000000000e+00
0.000000000000000000e+00
0.000000000000000000e+00
2.300000000000000000e+04
7.000000000000000000e+02
6.000000000000000000e+02
0.000000000000000000e+00
2.000000000000000000e+02
0.000000000000000000e+00
0.000000000000000000e+00
0.000000000000000000e+00
0.000000000000000000e+00
0.000000000000000000e+00
0.000000000000000000e+00
0.000000000000000000e+00
0.000000000000000000e+00
0.000000000000000000e+00
0.000000000000000000e+00
0.000000000000000000e+00
3.000000000000000000e+02
0.000000000000000000e+00
0.000000000000000000e+00
0.000000000000000000e+00
0.000000000000000000e+00
0.000000000000000000e+00
0.000000000000000000e+00
0.000000000000000000e+00
0.000000000000000000e+00
0.000000000000000000e+00
0.000000000000000000e+00
0.000000000000000000e+00
0.000000000000000000e+00
0.000000000000000000e+00
0.000000000000000000e+00
0.000000000000000000e+00
1.280000000000000000e+04
0.000000000000000000e+00
2.000000000000000000e+02
0.000000000000000000e+00
0.000000000000000000e+00
0.000000000000000000e+00
0.000000000000000000e+00
0.000000000000000000e+00
0.000000000000000000e+00
0.000000000000000000e+00
0.000000000000000000e+00
0.000000000000000000e+00
0.000000000000000000e+00
0.000000000000000000e+00
0.000000000000000000e+00
0.000000000000000000e+00
0.000000000000000000e+00
0.000000000000000000e+00
0.000000000000000000e+00
0.000000000000000000e+00
0.000000000000000000e+00
0.000000000000000000e+00
0.000000000000000000e+00
0.000000000000000000e+00
0.000000000000000000e+00
0.000000000000000000e+00
0.000000000000000000e+00
0.000000000000000000e+00
0.000000000000000000e+00
0.000000000000000000e+00
0.000000000000000000e+00
0.000000000000000000e+00
0.000000000000000000e+00
0.000000000000000000e+00
0.000000000000000000e+00
0.000000000000000000e+00
0.000000000000000000e+00
0.000000000000000000e+00
0.000000000000000000e+00
0.000000000000000000e+00
0.000000000000000000e+00
0.000000000000000000e+00
0.000000000000000000e+00
0.000000000000000000e+00
0.000000000000000000e+00
0.000000000000000000e+00
0.000000000000000000e+00
0.000000000000000000e+00
0.000000000000000000e+00
0.000000000000000000e+00
0.000000000000000000e+00
0.000000000000000000e+00
0.000000000000000000e+00
0.000000000000000000e+00
0.000000000000000000e+00
0.000000000000000000e+00
0.000000000000000000e+00
0.000000000000000000e+00
0.000000000000000000e+00
0.000000000000000000e+00
0.000000000000000000e+00
0.000000000000000000e+00
0.000000000000000000e+00
0.000000000000000000e+00
