5.087000000000000000e+05
4.940000000000000000e+05
4.933000000000000000e+05
4.993000000000000000e+05
5.019000000000000000e+05
4.956000000000000000e+05
4.951000000000000000e+05
4.927000000000000000e+05
5.055000000000000000e+05
5.066000000000000000e+05
5.038000000000000000e+05
5.075000000000000000e+05
4.980000000000000000e+05
4.985000000000000000e+05
5.099000000000000000e+05
4.933000000000000000e+05
4.922000000000000000e+05
4.877000000000000000e+05
4.995000000000000000e+05
5.054000000000000000e+05
5.038000000000000000e+05
5.008000000000000000e+05
4.974000000000000000e+05
4.904000000000000000e+05
5.010000000000000000e+05
5.006000000000000000e+05
4.999000000000000000e+05
5.108000000000000000e+05
5.050000000000000000e+05
5.044000000000000000e+05
5.043000000000000000e+05
4.623000000000000000e+05
4.988000000000000000e+05
5.025000000000000000e+05
4.917000000000000000e+05
4.962000000000000000e+05
5.027000000000000000e+05
4.986000000000000000e+05
4.986000000000000000e+05
5.160000000000000000e+05
4.974000000000000000e+05
5.014000000000000000e+05
5.105000000000000000e+05
4.884000000000000000e+05
5.054000000000000000e+05
5.035000000000000000e+05
4.929000000000000000e+05
4.597000000000000000e+05
4.983000000000000000e+05
4.934000000000000000e+05
4.956000000000000000e+05
5.041000000000000000e+05
4.948000000000000000e+05
4.965000000000000000e+05
4.933000000000000000e+05
4.468000000000000000e+05
5.029000000000000000e+05
4.882000000000000000e+05
4.863000000000000000e+05
4.170000000000000000e+05
4.851000000000000000e+05
3.917000000000000000e+05
3.570000000000000000e+05
1.562000000000000000e+05
5.118000000000000000e+05
4.941000000000000000e+05
5.022000000000000000e+05
4.971000000000000000e+05
4.946000000000000000e+05
5.049000000000000000e+05
5.023000000000000000e+05
5.033000000000000000e+05
5.002000000000000000e+05
5.005000000000000000e+05
5.034000000000000000e+05
5.032000000000000000e+05
4.995000000000000000e+05
4.939000000000000000e+05
4.945000000000000000e+05
4.276000000000000000e+05
4.996000000000000000e+05
5.002000000000000000e+05
4.992000000000000000e+05
4.938000000000000000e+05
4.966000000000000000e+05
5.034000000000000000e+05
4.874000000000000000e+05
4.004000000000000000e+05
5.026000000000000000e+05
4.851000000000000000e+05
4.750000000000000000e+05
3.580000000000000000e+05
4.760000000000000000e+05
3.263000000000000000e+05
2.957000000000000000e+05
9.240000000000000000e+04
5.042000000000000000e+05
5.028000000000000000e+05
5.072000000000000000e+05
4.952000000000000000e+05
4.941000000000000000e+05
4.904000000000000000e+05
4.868000000000000000e+05
3.507000000000000000e+05
5.028000000000000000e+05
4.666000000000000000e+05
4.630000000000000000e+05
2.963000000000000000e+05
4.410000000000000000e+05
2.582000000000000000e+05
2.101000000000000000e+05
4.860000000000000000e+04
4.962000000000000000e+05
4.534000000000000000e+05
4.217000000000000000e+05
2.275000000000000000e+05
3.946000000000000000e+05
1.868000000000000000e+05
1.435000000000000000e+05
2.120000000000000000e+04
3.486000000000000000e+05
1.291000000000000000e+05
9.520000000000000000e+04
9.100000000000000000e+03
6.440000000000000000e+04
4.300000000000000000e+03
2.600000000000000000e+03
0.000000000000000000e+00
5.006000000000000000e+05
4.981000000000000000e+05
4.956000000000000000e+05
5.080000000000000000e+05
5.020000000000000000e+05
5.070000000000000000e+05
5.042000000000000000e+05
4.974000000000000000e+05
4.994000000000000000e+05
4.967000000000000000e+05
5.001000000000000000e+05
4.973000000000000000e+05
4.959000000000000000e+05
4.811000000000000000e+05
4.808000000000000000e+05
3.585000000000000000e+05
5.070000000000000000e+05
5.051000000000000000e+05
5.020000000000000000e+05
4.784000000000000000e+05
4.994000000000000000e+05
4.739000000000000000e+05
4.660000000000000000e+05
3.073000000000000000e+05
4.937000000000000000e+05
4.585000000000000000e+05
4.459000000000000000e+05
2.606000000000000000e+05
4.124000000000000000e+05
2.120000000000000000e+05
1.741000000000000000e+05
3.360000000000000000e+04
5.115000000000000000e+05
5.001000000000000000e+05
5.043000000000000000e+05
4.643000000000000000e+05
4.901000000000000000e+05
4.360000000000000000e+05
4.197000000000000000e+05
2.384000000000000000e+05
4.923000000000000000e+05
4.152000000000000000e+05
3.865000000000000000e+05
1.795000000000000000e+05
3.430000000000000000e+05
1.296000000000000000e+05
9.370000000000000000e+04
1.070000000000000000e+04
4.858000000000000000e+05
3.721000000000000000e+05
3.136000000000000000e+05
1.124000000000000000e+05
2.664000000000000000e+05
7.500000000000000000e+04
5.360000000000000000e+04
3.300000000000000000e+03
2.031000000000000000e+05
4.170000000000000000e+04
2.740000000000000000e+04
9.000000000000000000e+02
1.600000000000000000e+04
2.000000000000000000e+02
1.000000000000000000e+02
0.000000000000000000e+00
4.954000000000000000e+05
5.012000000000000000e+05
4.915000000000000000e+05
4.100000000000000000e+05
4.809000000000000000e+05
3.768000000000000000e+05
3.499000000000000000e+05
1.301000000000000000e+05
4.798000000000000000e+05
3.306000000000000000e+05
2.869000000000000000e+05
9.000000000000000000e+04
2.383000000000000000e+05
6.240000000000000000e+04
3.990000000000000000e+04
1.200000000000000000e+03
4.322000000000000000e+05
2.432000000000000000e+05
2.125000000000000000e+05
4.230000000000000000e+04
1.589000000000000000e+05
2.380000000000000000e+04
1.480000000000000000e+04
3.000000000000000000e+02
1.063000000000000000e+05
1.190000000000000000e+04
6.900000000000000000e+03
0.000000000000000000e+00
4.000000000000000000e+03
0.000000000000000000e+00
0.000000000000000000e+00
0.000000000000000000e+00
3.794000000000000000e+05
1.620000000000000000e+05
1.282000000000000000e+05
1.740000000000000000e+04
8.790000000000000000e+04
9.400000000000000000e+03
4.400000000000000000e+03
0.000000000000000000e+00
5.610000000000000000e+04
4.700000000000000000e+03
1.800000000000000000e+03
1.000000000000000000e+02
1.100000000000000000e+03
0.000000000000000000e+00
0.000000000000000000e+00
0.000000000000000000e+00
3.280000000000000000e+04
1.200000000000000000e+03
7.000000000000000000e+02
0.000000000000000000e+00
2.000000000000000000e+02
0.000000000000000000e+00
0.000000000000000000e+00
0.000000000000000000e+00
3.000000000000000000e+02
0.000000000000000000e+00
0.000000000000000000e+00
0.000000000000000000e+00
0.000000000000000000e+00
0.000000000000000000e+00
0.000000000000000000e+00
0.000000000000000000e+00
4.961000000000000000e+05
5.015000000000000000e+05
5.096000000000000000e+05
4.989000000000000000e+05
4.995000000000000000e+05
5.036000000000000000e+05
5.063000000000000000e+05
4.686000000000000000e+05
5.097000000000000000e+05
5.068000000000000000e+05
4.965000000000000000e+05
4.636000000000000000e+05
4.973000000000000000e+05
4.404000000000000000e+05
4.219000000000000000e+05
2.251000000000000000e+05
5.008000000000000000e+05
5.014000000000000000e+05
4.935000000000000000e+05
4.344000000000000000e+05
4.880000000000000000e+05
4.058000000000000000e+05
3.763000000000000000e+05
1.716000000000000000e+05
4.843000000000000000e+05
3.629000000000000000e+05
3.345000000000000000e+05
1.265000000000000000e+05
2.796000000000000000e+05
7.860000000000000000e+04
5.680000000000000000e+04
4.700000000000000000e+03
5.021000000000000000e+05
5.021000000000000000e+05
4.868000000000000000e+05
3.719000000000000000e+05
4.750000000000000000e+05
3.390000000000000000e+05
2.934000000000000000e+05
9.830000000000000000e+04
4.571000000000000000e+05
2.748000000000000000e+05
2.401000000000000000e+05
5.510000000000000000e+04
1.816000000000000000e+05
3.350000000000000000e+04
2.100000000000000000e+04
3.000000000000000000e+02
4.177000000000000000e+05
2.013000000000000000e+05
1.631000000000000000e+05
2.900000000000000000e+04
1.222000000000000000e+05
1.260000000000000000e+04
9.400000000000000000e+03
0.000000000000000000e+00
7.750000000000000000e+04
7.900000000000000000e+03
4.600000000000000000e+03
1.000000000000000000e+02
2.600000000000000000e+03
0.000000000000000000e+00
0.000000000000000000e+00
0.000000000000000000e+00
5.025000000000000000e+05
4.662000000000000000e+05
4.465000000000000000e+05
2.800000000000000000e+05
4.275000000000000000e+05
2.280000000000000000e+05
1.957000000000000000e+05
3.910000000000000000e+04
3.844000000000000000e+05
1.696000000000000000e+05
1.348000000000000000e+05
1.980000000000000000e+04
8.840000000000000000e+04
8.900000000000000000e+03
5.400000000000000000e+03
0.000000000000000000e+00
3.140000000000000000e+05
1.034000000000000000e+05
7.660000000000000000e+04
6.000000000000000000e+03
5.410000000000000000e+04
3.600000000000000000e+03
2.000000000000000000e+03
0.000000000000000000e+00
2.940000000000000000e+04
1.000000000000000000e+03
6.000000000000000000e+02
0.000000000000000000e+00
4.000000000000000000e+02
0.000000000000000000e+00
0.000000000000000000e+00
0.000000000000000000e+00
2.365000000000000000e+05
5.140000000000000000e+04
3.730000000000000000e+04
1.500000000000000000e+03
2.150000000000000000e+04
8.000000000000000000e+02
2.000000000000000000e+02
0.000000000000000000e+00
1.320000000000000000e+04
2.000000000000000000e+02
2.000000000000000000e+02
0.000000000000000000e+00
0.000000000000000000e+00
0.000000000000000000e+00
0.000000000000000000e+00
0.000000000000000000e+00
7.100000000000000000e+03
0.000000000000000000e+00
0.000000000000000000e+00
0.000000000000000000e+00
0.000000000000000000e+00
0.000000000000000000e+00
0.000000000000000000e+00
0.000000000000000000e+00
0.000000000000000000e+00
0.000000000000000000e+00
0.000000000000000000e+00
0.000000000000000000e+00
0.000000000000000000e+00
0.000000000000000000e+00
0.000000000000000000e+00
0.000000000000000000e+00
4.939000000000000000e+05
4.126000000000000000e+05
3.740000000000000000e+05
1.689000000000000000e+05
3.167000000000000000e+05
1.128000000000000000e+05
8.640000000000000000e+04
8.800000000000000000e+03
2.645000000000000000e+05
7.470000000000000000e+04
5.210000000000000000e+04
3.000000000000000000e+03
3.100000000000000000e+04
1.700000000000000000e+03
9.000000000000000000e+02
0.000000000000000000e+00
1.886000000000000000e+05
3.870000000000000000e+04
2.410000000000000000e+04
4.000000000000000000e+02
1.530000000000000000e+04
0.000000000000000000e+00
5.000000000000000000e+02
0.000000000000000000e+00
9.400000000000000000e+03
0.000000000000000000e+00
1.000000000000000000e+02
0.000000000000000000e+00
0.000000000000000000e+00
0.000000000000000000e+00
0.000000000000000000e+00
0.000000000000000000e+00
1.212000000000000000e+05
1.710000000000000000e+04
1.070000000000000000e+04
1.000000000000000000e+02
5.500000000000000000e+03
0.000000000000000000e+00
1.000000000000000000e+02
0.000000000000000000e+00
3.200000000000000000e+03
0.000000000000000000e+00
0.000000000000000000e+00
0.000000000000000000e+00
0.000000000000000000e+00
0.000000000000000000e+00
0.000000000000000000e+00
0.000000000000000000e+00
1.600000000000000000e+03
0.000000000000000000e+00
0.000000000000000000e+00
0.000000000000000000e+00
0.000000000000000000e+00
0.000000000000000000e+00
0.000000000000000000e+00
0.000000000000000000e+00
0.000000000000000000e+00
0.000000000000000000e+00
0.000000000000000000e+00
0.000000000000000000e+00
0.000000000000000000e+00
0.000000000000000000e+00
0.000000000000000000e+00
0.000000000000000000e+00
7.580000000000000000e+04
7.300000000000000000e+03
3.700000000000000000e+03
0.000000000000000000e+00
2.000000000000000000e+03
0.000000000000000000e+00
0.000000000000000000e+00
0.000000000000000000e+00
4.000000000000000000e+02
0.000000000000000000e+00
0.000000000000000000e+00
0.000000000000000000e+00
0.000000000000000000e+00
0.000000000000000000e+00
0.000000000000000000e+00
0.000000000000000000e+00
1.200000000000000000e+03
0.000000000000000000e+00
0.000000000000000000e+00
0.000000000000000000e+00
0.000000000000000000e+00
0.000000000000000000e+00
0.000000000000000000e+00
0.000000000000000000e+00
0.000000000000000000e+00
0.000000000000000000e+00
0.000000000000000000e+00
0.000000000000000000e+00
0.000000000000000000e+00
0.000000000000000000e+00
0.000000000000000000e+00
0.000000000000000000e+00
1.000000000000000000e+02
0.000000000000000000e+00
0.000000000000000000e+00
0.000000000000000000e+00
0.000000000000000000e+00
0.000000000000000000e+00
0.000000000000000000e+00
0.000000000000000000e+00
0.000000000000000000e+00
0.000000000000000000e+00
0.000000000000000000e+00
0.000000000000000000e+00
0.000000000000000000e+00
0.000000000000000000e+00
0.000000000000000000e+00
0.000000000000000000e+00
0.000000000000000000e+00
0.000000000000000000e+00
0.000000000000000000e+00
0.000000000000000000e+00
0.000000000000000000e+00
0.000000000000000000e+00
0.000000000000000000e+00
0.000000000000000000e+00
0.000000000000000000e+00
0.000000000000000000e+00
0.000000000000000000e+00
0.000000000000000000e+00
0.000000000000000000e+00
0.000000000000000000e+00
0.000000000000000000e+00
0.000000000000000000e+00
5.016000000000000000e+05
5.036000000000000000e+05
4.973000000000000000e+05
5.044000000000000000e+05
4.916000000000000000e+05
4.884000000000000000e+05
4.849000000000000000e+05
3.858000000000000000e+05
4.955000000000000000e+05
4.894000000000000000e+05
4.812000000000000000e+05
3.580000000000000000e+05
4.659000000000000000e+05
3.180000000000000000e+05
2.706000000000000000e+05
8.170000000000000000e+04
4.957000000000000000e+05
4.624000000000000000e+05
4.614000000000000000e+05
2.979000000000000000e+05
4.372000000000000000e+05
2.490000000000000000e+05
2.032000000000000000e+05
4.380000000000000000e+04
3.994000000000000000e+05
1.909000000000000000e+05
1.472000000000000000e+05
2.300000000000000000e+04
1.104000000000000000e+05
1.240000000000000000e+04
7.000000000000000000e+03
0.000000000000000000e+00
4.997000000000000000e+05
4.282000000000000000e+05
4.091000000000000000e+05
2.065000000000000000e+05
3.734000000000000000e+05
1.589000000000000000e+05
1.250000000000000000e+05
1.720000000000000000e+04
3.179000000000000000e+05
1.076000000000000000e+05
7.550000000000000000e+04
7.500000000000000000e+03
4.760000000000000000e+04
3.400000000000000000e+03
1.300000000000000000e+03
0.000000000000000000e+00
2.359000000000000000e+05
6.060000000000000000e+04
4.060000000000000000e+04
2.000000000000000000e+03
2.790000000000000000e+04
1.000000000000000000e+03
2.000000000000000000e+02
0.000000000000000000e+00
1.420000000000000000e+04
5.000000000000000000e+02
1.000000000000000000e+02
0.000000000000000000e+00
0.000000000000000000e+00
0.000000000000000000e+00
0.000000000000000000e+00
0.000000000000000000e+00
4.878000000000000000e+05
3.635000000000000000e+05
3.245000000000000000e+05
1.180000000000000000e+05
2.725000000000000000e+05
8.040000000000000000e+04
5.380000000000000000e+04
5.200000000000000000e+03
2.070000000000000000e+05
4.650000000000000000e+04
3.200000000000000000e+04
1.000000000000000000e+03
1.720000000000000000e+04
4.000000000000000000e+02
1.000000000000000000e+02
0.000000000000000000e+00
1.359000000000000000e+05
2.010000000000000000e+04
1.330000000000000000e+04
0.000000000000000000e+00
8.300000000000000000e+03
3.000000000000000000e+02
0.000000000000000000e+00
0.000000000000000000e+00
5.800000000000000000e+03
0.000000000000000000e+00
2.000000000000000000e+02
0.000000000000000000e+00
0.000000000000000000e+00
0.000000000000000000e+00
0.000000000000000000e+00
0.000000000000000000e+00
8.680000000000000000e+04
1.140000000000000000e+04
5.800000000000000000e+03
0.000000000000000000e+00
3.500000000000000000e+03
0.000000000000000000e+00
0.000000000000000000e+00
0.000000000000000000e+00
1.500000000000000000e+03
0.000000000000000000e+00
0.000000000000000000e+00
0.000000000000000000e+00
0.000000000000000000e+00
0.000000000000000000e+00
0.000000000000000000e+00
0.000000000000000000e+00
5.000000000000000000e+02
0.000000000000000000e+00
0.000000000000000000e+00
0.000000000000000000e+00
0.000000000000000000e+00
0.000000000000000000e+00
0.000000000000000000e+00
0.000000000000000000e+00
0.000000000000000000e+00
0.000000000000000000e+00
0.000000000000000000e+00
0.000000000000000000e+00
0.000000000000000000e+00
0.000000000000000000e+00
0.000000000000000000e+00
0.000000000000000000e+00
4.429000000000000000e+05
2.473000000000000000e+05
2.073000000000000000e+05
4.660000000000000000e+04
1.567000000000000000e+05
2.520000000000000000e+04
1.630000000000000000e+04
3.000000000000000000e+02
1.124000000000000000e+05
1.370000000000000000e+04
8.600000000000000000e+03
1.000000000000000000e+02
4.100000000000000000e+03
1.000000000000000000e+02
0.000000000000000000e+00
0.000000000000000000e+00
6.950000000000000000e+04
5.900000000000000000e+03
4.000000000000000000e+03
1.000000000000000000e+02
1.800000000000000000e+03
3.000000000000000000e+02
0.000000000000000000e+00
0.000000000000000000e+00
1.000000000000000000e+03
0.000000000000000000e+00
0.000000000000000000e+00
0.000000000000000000e+00
0.000000000000000000e+00
0.000000000000000000e+00
0.000000000000000000e+00
0.000000000000000000e+00
3.860000000000000000e+04
2.300000000000000000e+03
1.000000000000000000e+03
0.000000000000000000e+00
5.000000000000000000e+02
0.000000000000000000e+00
0.000000000000000000e+00
0.000000000000000000e+00
3.000000000000000000e+02
0.000000000000000000e+00
0.000000000000000000e+00
0.000000000000000000e+00
0.000000000000000000e+00
0.000000000000000000e+00
0.000000000000000000e+00
0.000000000000000000e+00
4.000000000000000000e+02
0.000000000000000000e+00
0.000000000000000000e+00
0.000000000000000000e+00
0.000000000000000000e+00
0.000000000000000000e+00
0.000000000000000000e+00
0.000000000000000000e+00
0.000000000000000000e+00
0.000000000000000000e+00
0.000000000000000000e+00
0.000000000000000000e+00
0.000000000000000000e+00
0.000000000000000000e+00
0.000000000000000000e+00
0.000000000000000000e+00
2.260000000000000000e+04
3.000000000000000000e+02
5.000000000000000000e+02
0.000000000000000000e+00
3.000000000000000000e+02
0.000000000000000000e+00
0.000000000000000000e+00
0.000000000000000000e+00
2.000000000000000000e+02
0.000000000000000000e+00
0.000000000000000000e+00
0.000000000000000000e+00
0.000000000000000000e+00
0.000000000000000000e+00
0.000000000000000000e+00
0.000000000000000000e+00
0.000000000000000000e+00
0.000000000000000000e+00
0.000000000000000000e+00
0.000000000000000000e+00
0.000000000000000000e+00
0.000000000000000000e+00
0.000000000000000000e+00
0.000000000000000000e+00
0.000000000000000000e+00
0.000000000000000000e+00
0.000000000000000000e+00
0.000000000000000000e+00
0.000000000000000000e+00
0.000000000000000000e+00
0.000000000000000000e+00
0.000000000000000000e+00
0.000000000000000000e+00
0.000000000000000000e+00
0.000000000000000000e+00
0.000000000000000000e+00
0.000000000000000000e+00
0.000000000000000000e+00
0.000000000000000000e+00
0.000000000000000000e+00
0.000000000000000000e+00
0.000000000000000000e+00
0.000000000000000000e+00
0.000000000000000000e+00
0.000000000000000000e+00
0.000000000000000000e+00
0.000000000000000000e+00
0.000000000000000000e+00
0.000000000000000000e+00
0.000000000000000000e+00
0.000000000000000000e+00
0.000000000000000000e+00
0.000000000000000000e+00
0.000000000000000000e+00
0.000000000000000000e+00
0.000000000000000000e+00
0.000000000000000000e+00
0.000000000000000000e+00
0.000000000000000000e+00
0.000000000000000000e+00
0.000000000000000000e+00
0.000000000000000000e+00
0.000000000000000000e+00
0.000000000000000000e+00
3.524000000000000000e+05
1.383000000000000000e+05
1.081000000000000000e+05
1.300000000000000000e+04
7.410000000000000000e+04
4.400000000000000000e+03
3.000000000000000000e+03
0.000000000000000000e+00
4.630000000000000000e+04
3.700000000000000000e+03
1.400000000000000000e+03
0.000000000000000000e+00
8.000000000000000000e+02
0.000000000000000000e+00
0.000000000000000000e+00
0.000000000000000000e+00
2.930000000000000000e+04
9.000000000000000000e+02
8.000000000000000000e+02
0.000000000000000000e+00
7.000000000000000000e+02
0.000000000000000000e+00
0.000000000000000000e+00
0.000000000000000000e+00
2.000000000000000000e+02
0.000000000000000000e+00
0.000000000000000000e+00
0.000000000000000000e+00
0.000000000000000000e+00
0.000000000000000000e+00
0.000000000000000000e+00
0.000000000000000000e+00
1.500000000000000000e+04
3.000000000000000000e+02
3.000000000000000000e+02
0.000000000000000000e+00
3.000000000000000000e+02
0.000000000000000000e+00
0.000000000000000000e+00
0.000000000000000000e+00
0.000000000000000000e+00
0.000000000000000000e+00
0.000000000000000000e+00
0.000000000000000000e+00
0.000000000000000000e+00
0.000000000000000000e+00
0.000000000000000000e+00
0.000000000000000000e+00
0.000000000000000000e+00
0.000000000000000000e+00
0.000000000000000000e+00
0.000000000000000000e+00
0.000000000000000000e+00
0.000000000000000000e+00
0.000000000000000000e+00
0.000000000000000000e+00
0.000000000000000000e+00
0.000000000000000000e+00
0.000000000000000000e+00
0.000000000000000000e+00
0.000000000000000000e+00
0.000000000000000000e+00
0.000000000000000000e+00
0.000000000000000000e+00
8.800000000000000000e+03
1.000000000000000000e+02
2.000000000000000000e+02
0.000000000000000000e+00
0.000000000000000000e+00
0.000000000000000000e+00
0.000000000000000000e+00
0.000000000000000000e+00
0.000000000000000000e+00
0.000000000000000000e+00
0.000000000000000000e+00
0.000000000000000000e+00
0.000000000000000000e+00
0.000000000000000000e+00
0.000000000000000000e+00
0.000000000000000000e+00
0.000000000000000000e+00
0.000000000000000000e+00
0.000000000000000000e+00
0.000000000000000000e+00
0.000000000000000000e+00
0.000000000000000000e+00
0.000000000000000000e+00
0.000000000000000000e+00
0.000000000000000000e+00
0.000000000000000000e+00
0.000000000000000000e+00
0.000000000000000000e+00
0.000000000000000000e+00
0.000000000000000000e+00
0.000000000000000000e+00
0.000000000000000000e+00
0.000000000000000000e+00
0.000000000000000000e+00
0.000000000000000000e+00
0.000000000000000000e+00
0.000000000000000000e+00
0.000000000000000000e+00
0.000000000000000000e+00
0.000000000000000000e+00
0.000000000000000000e+00
0.000000000000000000e+00
0.000000000000000000e+00
0.000000000000000000e+00
0.000000000000000000e+00
0.000000000000000000e+00
0.000000000000000000e+00
0.000000000000000000e+00
0.000000000000000000e+00
0.000000000000000000e+00
0.000000000000000000e+00
0.000000000000000000e+00
0.000000000000000000e+00
0.000000000000000000e+00
0.000000000000000000e+00
0.000000000000000000e+00
0.000000000000000000e+00
0.000000000000000000e+00
0.000000000000000000e+00
0.000000000000000000e+00
0.000000000000000000e+00
0.000000000000000000e+00
0.000000000000000000e+00
0.000000000000000000e+00
4.400000000000000000e+03
0.000000000000000000e+00
0.000000000000000000e+00
0.000000000000000000e+00
0.000000000000000000e+00
0.000000000000000000e+00
0.000000000000000000e+00
0.000000000000000000e+00
0.000000000000000000e+00
0.000000000000000000e+00
0.000000000000000000e+00
0.000000000000000000e+00
0.000000000000000000e+00
0.000000000000000000e+00
0.000000000000000000e+00
0.000000000000000000e+00
0.000000000000000000e+00
0.000000000000000000e+00
0.000000000000000000e+00
0.000000000000000000e+00
0.000000000000000000e+00
0.000000000000000000e+00
0.000000000000000000e+00
0.000000000000000000e+00
0.000000000000000000e+00
0.000000000000000000e+00
0.000000000000000000e+00
0.000000000000000000e+00
0.000000000000000000e+00
0.000000000000000000e+00
0.000000000000000000e+00
0.000000000000000000e+00
0.000000000000000000e+00
0.000000000000000000e+00
0.000000000000000000e+00
0.000000000000000000e+00
0.000000000000000000e+00
0.000000000000000000e+00
0.000000000000000000e+00
0.000000000000000000e+00
0.000000000000000000e+00
0.000000000000000000e+00
0.000000000000000000e+00
0.000000000000000000e+00
0.000000000000000000e+00
0.000000000000000000e+00
0.000000000000000000e+00
0.000000000000000000e+00
0.000000000000000000e+00
0.000000000000000000e+00
0.000000000000000000e+00
0.000000000000000000e+00
0.000000000000000000e+00
0.000000000000000000e+00
0.000000000000000000e+00
0.000000000000000000e+00
0.000000000000000000e+00
0.000000000000000000e+00
0.000000000000000000e+00
0.000000000000000000e+00
0.000000000000000000e+00
0.000000000000000000e+00
0.000000000000000000e+00
0.000000000000000000e+00
0.000000000000000000e+00
0.000000000000000000e+00
0.000000000000000000e+00
0.000000000000000000e+00
0.000000000000000000e+00
0.000000000000000000e+00
0.000000000000000000e+00
0.000000000000000000e+00
0.000000000000000000e+00
0.000000000000000000e+00
0.000000000000000000e+00
0.000000000000000000e+00
0.000000000000000000e+00
0.000000000000000000e+00
0.000000000000000000e+00
0.000000000000000000e+00
0.000000000000000000e+00
0.000000000000000000e+00
0.000000000000000000e+00
0.000000000000000000e+00
0.000000000000000000e+00
0.000000000000000000e+00
0.000000000000000000e+00
0.000000000000000000e+00
0.000000000000000000e+00
0.000000000000000000e+00
0.000000000000000000e+00
0.000000000000000000e+00
0.000000000000000000e+00
0.000000000000000000e+00
0.000000000000000000e+00
0.000000000000000000e+00
0.000000000000000000e+00
0.000000000000000000e+00
0.000000000000000000e+00
0.000000000000000000e+00
0.000000000000000000e+00
0.000000000000000000e+00
0.000000000000000000e+00
0.000000000000000000e+00
0.000000000000000000e+00
0.000000000000000000e+00
0.000000000000000000e+00
0.000000000000000000e+00
0.000000000000000000e+00
0.000000000000000000e+00
0.000000000000000000e+00
0.000000000000000000e+00
0.000000000000000000e+00
0.000000000000000000e+00
0.000000000000000000e+00
0.000000000000000000e+00
0.000000000000000000e+00
0.000000000000000000e+00
0.000000000000000000e+00
0.000000000000000000e+00
0.000000000000000000e+00
0.000000000000000000e+00
0.000000000000000000e+00
0.000000000000000000e+00
0.000000000000000000e+00
0.000000000000000000e+00
0.000000000000000000e+00
0.000000000000000000e+00
