5.038000000000000000e+05
5.004000000000000000e+05
5.007000000000000000e+05
5.086000000000000000e+05
5.016000000000000000e+05
4.970000000000000000e+05
5.074000000000000000e+05
5.030000000000000000e+05
5.036000000000000000e+05
4.985000000000000000e+05
4.986000000000000000e+05
5.016000000000000000e+05
4.984000000000000000e+05
4.988000000000000000e+05
4.947000000000000000e+05
4.920000000000000000e+05
5.058000000000000000e+05
5.070000000000000000e+05
5.028000000000000000e+05
4.959000000000000000e+05
5.080000000000000000e+05
4.940000000000000000e+05
5.077000000000000000e+05
5.076000000000000000e+05
4.978000000000000000e+05
5.049000000000000000e+05
5.023000000000000000e+05
5.028000000000000000e+05
5.095000000000000000e+05
4.963000000000000000e+05
4.993000000000000000e+05
4.822000000000000000e+05
5.002000000000000000e+05
4.842000000000000000e+05
5.041000000000000000e+05
4.938000000000000000e+05
5.079000000000000000e+05
4.930000000000000000e+05
4.959000000000000000e+05
5.057000000000000000e+05
5.005000000000000000e+05
5.030000000000000000e+05
4.959000000000000000e+05
4.923000000000000000e+05
5.046000000000000000e+05
4.999000000000000000e+05
4.938000000000000000e+05
4.864000000000000000e+05
5.005000000000000000e+05
4.961000000000000000e+05
4.986000000000000000e+05
5.066000000000000000e+05
5.035000000000000000e+05
4.955000000000000000e+05
4.990000000000000000e+05
4.884000000000000000e+05
5.098000000000000000e+05
4.949000000000000000e+05
4.976000000000000000e+05
4.821000000000000000e+05
5.067000000000000000e+05
4.758000000000000000e+05
4.688000000000000000e+05
3.224000000000000000e+05
5.013000000000000000e+05
5.024000000000000000e+05
4.945000000000000000e+05
4.974000000000000000e+05
4.863000000000000000e+05
5.059000000000000000e+05
5.032000000000000000e+05
4.986000000000000000e+05
5.057000000000000000e+05
4.993000000000000000e+05
5.039000000000000000e+05
5.027000000000000000e+05
4.950000000000000000e+05
4.980000000000000000e+05
5.039000000000000000e+05
4.812000000000000000e+05
5.042000000000000000e+05
5.025000000000000000e+05
4.999000000000000000e+05
5.049000000000000000e+05
5.068000000000000000e+05
5.012000000000000000e+05
4.962000000000000000e+05
4.859000000000000000e+05
5.000000000000000000e+05
5.009000000000000000e+05
5.032000000000000000e+05
4.604000000000000000e+05
4.955000000000000000e+05
4.537000000000000000e+05
4.470000000000000000e+05
2.703000000000000000e+05
4.976000000000000000e+05
5.039000000000000000e+05
5.013000000000000000e+05
5.014000000000000000e+05
5.008000000000000000e+05
4.965000000000000000e+05
5.033000000000000000e+05
4.644000000000000000e+05
4.952000000000000000e+05
5.053000000000000000e+05
4.937000000000000000e+05
4.412000000000000000e+05
4.877000000000000000e+05
4.288000000000000000e+05
4.047000000000000000e+05
2.067000000000000000e+05
5.066000000000000000e+05
4.857000000000000000e+05
4.914000000000000000e+05
4.075000000000000000e+05
4.941000000000000000e+05
3.898000000000000000e+05
3.609000000000000000e+05
1.500000000000000000e+05
4.689000000000000000e+05
3.450000000000000000e+05
3.017000000000000000e+05
1.053000000000000000e+05
2.574000000000000000e+05
6.970000000000000000e+04
4.680000000000000000e+04
2.000000000000000000e+03
4.968000000000000000e+05
4.984000000000000000e+05
5.010000000000000000e+05
5.053000000000000000e+05
5.024000000000000000e+05
5.063000000000000000e+05
5.006000000000000000e+05
4.990000000000000000e+05
4.899000000000000000e+05
5.072000000000000000e+05
4.957000000000000000e+05
5.007000000000000000e+05
4.988000000000000000e+05
5.046000000000000000e+05
4.996000000000000000e+05
4.641000000000000000e+05
5.033000000000000000e+05
5.058000000000000000e+05
4.957000000000000000e+05
4.950000000000000000e+05
4.935000000000000000e+05
5.010000000000000000e+05
4.969000000000000000e+05
4.529000000000000000e+05
4.862000000000000000e+05
4.925000000000000000e+05
4.969000000000000000e+05
4.307000000000000000e+05
4.835000000000000000e+05
3.943000000000000000e+05
3.748000000000000000e+05
1.749000000000000000e+05
5.003000000000000000e+05
4.991000000000000000e+05
5.028000000000000000e+05
5.076000000000000000e+05
5.004000000000000000e+05
4.948000000000000000e+05
4.873000000000000000e+05
4.098000000000000000e+05
4.990000000000000000e+05
4.872000000000000000e+05
5.021000000000000000e+05
3.870000000000000000e+05
4.836000000000000000e+05
3.494000000000000000e+05
3.097000000000000000e+05
1.092000000000000000e+05
5.030000000000000000e+05
4.854000000000000000e+05
4.760000000000000000e+05
3.297000000000000000e+05
4.629000000000000000e+05
2.835000000000000000e+05
2.476000000000000000e+05
6.850000000000000000e+04
4.240000000000000000e+05
2.230000000000000000e+05
1.793000000000000000e+05
3.340000000000000000e+04
1.363000000000000000e+05
1.800000000000000000e+04
1.070000000000000000e+04
0.000000000000000000e+00
4.961000000000000000e+05
4.959000000000000000e+05
4.998000000000000000e+05
4.910000000000000000e+05
5.031000000000000000e+05
4.833000000000000000e+05
4.809000000000000000e+05
3.349000000000000000e+05
4.966000000000000000e+05
4.722000000000000000e+05
4.680000000000000000e+05
2.976000000000000000e+05
4.407000000000000000e+05
2.509000000000000000e+05
2.093000000000000000e+05
4.800000000000000000e+04
4.976000000000000000e+05
4.376000000000000000e+05
4.287000000000000000e+05
2.284000000000000000e+05
3.909000000000000000e+05
1.786000000000000000e+05
1.362000000000000000e+05
1.920000000000000000e+04
3.379000000000000000e+05
1.181000000000000000e+05
9.140000000000000000e+04
7.700000000000000000e+03
5.990000000000000000e+04
3.200000000000000000e+03
1.400000000000000000e+03
0.000000000000000000e+00
4.890000000000000000e+05
3.837000000000000000e+05
3.556000000000000000e+05
1.440000000000000000e+05
2.949000000000000000e+05
1.023000000000000000e+05
7.120000000000000000e+04
5.800000000000000000e+03
2.336000000000000000e+05
6.030000000000000000e+04
4.040000000000000000e+04
2.100000000000000000e+03
2.640000000000000000e+04
1.000000000000000000e+03
3.000000000000000000e+02
0.000000000000000000e+00
1.701000000000000000e+05
3.010000000000000000e+04
1.900000000000000000e+04
3.000000000000000000e+02
1.190000000000000000e+04
3.000000000000000000e+02
3.000000000000000000e+02
0.000000000000000000e+00
6.700000000000000000e+03
1.000000000000000000e+02
1.000000000000000000e+02
0.000000000000000000e+00
0.000000000000000000e+00
0.000000000000000000e+00
0.000000000000000000e+00
0.000000000000000000e+00
5.028000000000000000e+05
4.915000000000000000e+05
4.978000000000000000e+05
5.053000000000000000e+05
4.902000000000000000e+05
5.074000000000000000e+05
5.036000000000000000e+05
5.007000000000000000e+05
5.041000000000000000e+05
5.039000000000000000e+05
5.038000000000000000e+05
5.061000000000000000e+05
4.961000000000000000e+05
4.916000000000000000e+05
4.844000000000000000e+05
3.930000000000000000e+05
5.011000000000000000e+05
5.067000000000000000e+05
4.869000000000000000e+05
4.890000000000000000e+05
4.984000000000000000e+05
4.896000000000000000e+05
4.869000000000000000e+05
3.668000000000000000e+05
5.003000000000000000e+05
4.806000000000000000e+05
4.798000000000000000e+05
3.308000000000000000e+05
4.630000000000000000e+05
2.835000000000000000e+05
2.423000000000000000e+05
6.770000000000000000e+04
4.988000000000000000e+05
4.948000000000000000e+05
5.017000000000000000e+05
4.723000000000000000e+05
5.073000000000000000e+05
4.781000000000000000e+05
4.621000000000000000e+05
3.022000000000000000e+05
5.030000000000000000e+05
4.530000000000000000e+05
4.461000000000000000e+05
2.497000000000000000e+05
4.065000000000000000e+05
1.997000000000000000e+05
1.557000000000000000e+05
2.640000000000000000e+04
4.889000000000000000e+05
4.148000000000000000e+05
3.926000000000000000e+05
1.814000000000000000e+05
3.559000000000000000e+05
1.389000000000000000e+05
1.040000000000000000e+05
1.090000000000000000e+04
2.884000000000000000e+05
8.300000000000000000e+04
5.840000000000000000e+04
3.500000000000000000e+03
3.940000000000000000e+04
1.400000000000000000e+03
9.000000000000000000e+02
0.000000000000000000e+00
5.093000000000000000e+05
4.997000000000000000e+05
4.966000000000000000e+05
4.515000000000000000e+05
4.938000000000000000e+05
4.324000000000000000e+05
4.125000000000000000e+05
2.093000000000000000e+05
4.839000000000000000e+05
3.896000000000000000e+05
3.624000000000000000e+05
1.551000000000000000e+05
3.097000000000000000e+05
1.057000000000000000e+05
7.640000000000000000e+04
6.800000000000000000e+03
4.762000000000000000e+05
3.267000000000000000e+05
2.923000000000000000e+05
9.190000000000000000e+04
2.376000000000000000e+05
6.040000000000000000e+04
3.930000000000000000e+04
2.000000000000000000e+03
1.753000000000000000e+05
3.180000000000000000e+04
1.950000000000000000e+04
6.000000000000000000e+02
1.080000000000000000e+04
3.000000000000000000e+02
2.000000000000000000e+02
0.000000000000000000e+00
4.366000000000000000e+05
2.420000000000000000e+05
2.022000000000000000e+05
4.280000000000000000e+04
1.432000000000000000e+05
2.330000000000000000e+04
1.550000000000000000e+04
4.000000000000000000e+02
9.780000000000000000e+04
9.800000000000000000e+03
5.700000000000000000e+03
1.000000000000000000e+02
2.600000000000000000e+03
0.000000000000000000e+00
0.000000000000000000e+00
0.000000000000000000e+00
6.070000000000000000e+04
3.900000000000000000e+03
3.100000000000000000e+03
0.000000000000000000e+00
2.000000000000000000e+03
0.000000000000000000e+00
0.000000000000000000e+00
0.000000000000000000e+00
1.100000000000000000e+03
0.000000000000000000e+00
0.000000000000000000e+00
0.000000000000000000e+00
0.000000000000000000e+00
0.000000000000000000e+00
0.000000000000000000e+00
0.000000000000000000e+00
4.991000000000000000e+05
4.871000000000000000e+05
4.966000000000000000e+05
3.874000000000000000e+05
4.753000000000000000e+05
3.304000000000000000e+05
2.962000000000000000e+05
9.920000000000000000e+04
4.529000000000000000e+05
2.744000000000000000e+05
2.326000000000000000e+05
5.750000000000000000e+04
1.788000000000000000e+05
3.180000000000000000e+04
2.280000000000000000e+04
9.000000000000000000e+02
4.056000000000000000e+05
1.964000000000000000e+05
1.579000000000000000e+05
2.780000000000000000e+04
1.147000000000000000e+05
1.180000000000000000e+04
7.800000000000000000e+03
4.000000000000000000e+02
7.140000000000000000e+04
7.400000000000000000e+03
3.900000000000000000e+03
0.000000000000000000e+00
2.000000000000000000e+03
0.000000000000000000e+00
0.000000000000000000e+00
0.000000000000000000e+00
3.216000000000000000e+05
1.163000000000000000e+05
8.710000000000000000e+04
9.700000000000000000e+03
5.710000000000000000e+04
3.400000000000000000e+03
1.700000000000000000e+03
0.000000000000000000e+00
3.840000000000000000e+04
1.200000000000000000e+03
6.000000000000000000e+02
0.000000000000000000e+00
4.000000000000000000e+02
0.000000000000000000e+00
0.000000000000000000e+00
0.000000000000000000e+00
2.070000000000000000e+04
4.000000000000000000e+02
4.000000000000000000e+02
0.000000000000000000e+00
1.000000000000000000e+02
0.000000000000000000e+00
0.000000000000000000e+00
0.000000000000000000e+00
0.000000000000000000e+00
0.000000000000000000e+00
0.000000000000000000e+00
0.000000000000000000e+00
0.000000000000000000e+00
0.000000000000000000e+00
0.000000000000000000e+00
0.000000000000000000e+00
2.398000000000000000e+05
6.300000000000000000e+04
4.290000000000000000e+04
2.500000000000000000e+03
2.560000000000000000e+04
3.000000000000000000e+02
3.000000000000000000e+02
0.000000000000000000e+00
1.390000000000000000e+04
2.000000000000000000e+02
3.000000000000000000e+02
0.000000000000000000e+00
1.000000000000000000e+02
0.000000000000000000e+00
0.000000000000000000e+00
0.000000000000000000e+00
8.300000000000000000e+03
0.000000000000000000e+00
0.000000000000000000e+00
0.000000000000000000e+00
0.000000000000000000e+00
0.000000000000000000e+00
0.000000000000000000e+00
0.000000000000000000e+00
0.000000000000000000e+00
0.000000000000000000e+00
0.000000000000000000e+00
0.000000000000000000e+00
0.000000000000000000e+00
0.000000000000000000e+00
0.000000000000000000e+00
0.000000000000000000e+00
5.600000000000000000e+03
0.000000000000000000e+00
0.000000000000000000e+00
0.000000000000000000e+00
0.000000000000000000e+00
0.000000000000000000e+00
0.000000000000000000e+00
0.000000000000000000e+00
0.000000000000000000e+00
0.000000000000000000e+00
0.000000000000000000e+00
0.000000000000000000e+00
0.000000000000000000e+00
0.000000000000000000e+00
0.000000000000000000e+00
0.000000000000000000e+00
0.000000000000000000e+00
0.000000000000000000e+00
0.000000000000000000e+00
0.000000000000000000e+00
0.000000000000000000e+00
0.000000000000000000e+00
0.000000000000000000e+00
0.000000000000000000e+00
0.000000000000000000e+00
0.000000000000000000e+00
0.000000000000000000e+00
0.000000000000000000e+00
0.000000000000000000e+00
0.000000000000000000e+00
0.000000000000000000e+00
0.000000000000000000e+00
4.954000000000000000e+05
4.989000000000000000e+05
4.947000000000000000e+05
4.976000000000000000e+05
5.054000000000000000e+05
4.933000000000000000e+05
5.024000000000000000e+05
4.730000000000000000e+05
5.018000000000000000e+05
4.968000000000000000e+05
5.108000000000000000e+05
4.770000000000000000e+05
5.062000000000000000e+05
4.712000000000000000e+05
4.453000000000000000e+05
2.655000000000000000e+05
5.015000000000000000e+05
4.927000000000000000e+05
5.016000000000000000e+05
4.494000000000000000e+05
5.049000000000000000e+05
4.278000000000000000e+05
4.151000000000000000e+05
2.137000000000000000e+05
4.910000000000000000e+05
3.947000000000000000e+05
3.744000000000000000e+05
1.607000000000000000e+05
3.265000000000000000e+05
1.194000000000000000e+05
8.760000000000000000e+04
7.500000000000000000e+03
5.051000000000000000e+05
5.030000000000000000e+05
4.866000000000000000e+05
4.062000000000000000e+05
4.882000000000000000e+05
3.820000000000000000e+05
3.363000000000000000e+05
1.354000000000000000e+05
4.750000000000000000e+05
3.316000000000000000e+05
2.854000000000000000e+05
9.070000000000000000e+04
2.284000000000000000e+05
5.650000000000000000e+04
3.470000000000000000e+04
1.300000000000000000e+03
4.377000000000000000e+05
2.564000000000000000e+05
1.984000000000000000e+05
4.660000000000000000e+04
1.579000000000000000e+05
2.940000000000000000e+04
1.720000000000000000e+04
5.000000000000000000e+02
1.102000000000000000e+05
1.360000000000000000e+04
8.000000000000000000e+03
1.000000000000000000e+02
3.800000000000000000e+03
2.000000000000000000e+02
0.000000000000000000e+00
0.000000000000000000e+00
4.980000000000000000e+05
4.896000000000000000e+05
4.690000000000000000e+05
3.219000000000000000e+05
4.536000000000000000e+05
2.832000000000000000e+05
2.296000000000000000e+05
6.150000000000000000e+04
4.246000000000000000e+05
2.159000000000000000e+05
1.680000000000000000e+05
3.280000000000000000e+04
1.350000000000000000e+05
1.770000000000000000e+04
1.170000000000000000e+04
2.000000000000000000e+02
3.553000000000000000e+05
1.464000000000000000e+05
1.113000000000000000e+05
1.260000000000000000e+04
7.070000000000000000e+04
7.000000000000000000e+03
3.700000000000000000e+03
0.000000000000000000e+00
4.690000000000000000e+04
3.500000000000000000e+03
2.000000000000000000e+03
0.000000000000000000e+00
1.100000000000000000e+03
0.000000000000000000e+00
0.000000000000000000e+00
0.000000000000000000e+00
2.808000000000000000e+05
8.790000000000000000e+04
5.860000000000000000e+04
3.600000000000000000e+03
3.840000000000000000e+04
1.500000000000000000e+03
7.000000000000000000e+02
0.000000000000000000e+00
2.250000000000000000e+04
1.200000000000000000e+03
3.000000000000000000e+02
0.000000000000000000e+00
3.000000000000000000e+02
0.000000000000000000e+00
0.000000000000000000e+00
0.000000000000000000e+00
1.150000000000000000e+04
0.000000000000000000e+00
1.000000000000000000e+02
0.000000000000000000e+00
1.000000000000000000e+02
0.000000000000000000e+00
0.000000000000000000e+00
0.000000000000000000e+00
0.000000000000000000e+00
0.000000000000000000e+00
0.000000000000000000e+00
0.000000000000000000e+00
0.000000000000000000e+00
0.000000000000000000e+00
0.000000000000000000e+00
0.000000000000000000e+00
5.024000000000000000e+05
4.334000000000000000e+05
4.088000000000000000e+05
2.114000000000000000e+05
3.804000000000000000e+05
1.566000000000000000e+05
1.201000000000000000e+05
1.640000000000000000e+04
3.181000000000000000e+05
1.079000000000000000e+05
7.910000000000000000e+04
6.900000000000000000e+03
4.930000000000000000e+04
3.400000000000000000e+03
1.100000000000000000e+03
0.000000000000000000e+00
2.386000000000000000e+05
5.700000000000000000e+04
4.510000000000000000e+04
2.500000000000000000e+03
2.280000000000000000e+04
7.000000000000000000e+02
5.000000000000000000e+02
0.000000000000000000e+00
1.450000000000000000e+04
4.000000000000000000e+02
4.000000000000000000e+02
0.000000000000000000e+00
2.000000000000000000e+02
0.000000000000000000e+00
0.000000000000000000e+00
0.000000000000000000e+00
1.652000000000000000e+05
3.140000000000000000e+04
1.660000000000000000e+04
5.000000000000000000e+02
1.010000000000000000e+04
0.000000000000000000e+00
0.000000000000000000e+00
0.000000000000000000e+00
4.700000000000000000e+03
0.000000000000000000e+00
0.000000000000000000e+00
0.000000000000000000e+00
0.000000000000000000e+00
0.000000000000000000e+00
0.000000000000000000e+00
0.000000000000000000e+00
4.000000000000000000e+03
0.000000000000000000e+00
0.000000000000000000e+00
0.000000000000000000e+00
0.000000000000000000e+00
0.000000000000000000e+00
0.000000000000000000e+00
0.000000000000000000e+00
0.000000000000000000e+00
0.000000000000000000e+00
0.000000000000000000e+00
0.000000000000000000e+00
0.000000000000000000e+00
0.000000000000000000e+00
0.000000000000000000e+00
0.000000000000000000e+00
9.630000000000000000e+04
1.010000000000000000e+04
6.700000000000000000e+03
1.000000000000000000e+02
4.200000000000000000e+03
1.000000000000000000e+02
0.000000000000000000e+00
0.000000000000000000e+00
2.600000000000000000e+03
0.000000000000000000e+00
0.000000000000000000e+00
0.000000000000000000e+00
0.000000000000000000e+00
0.000000000000000000e+00
0.000000000000000000e+00
0.000000000000000000e+00
9.000000000000000000e+02
0.000000000000000000e+00
0.000000000000000000e+00
0.000000000000000000e+00
0.000000000000000000e+00
0.000000000000000000e+00
0.000000000000000000e+00
0.000000000000000000e+00
0.000000000000000000e+00
0.000000000000000000e+00
0.000000000000000000e+00
0.000000000000000000e+00
0.000000000000000000e+00
0.000000000000000000e+00
0.000000000000000000e+00
0.000000000000000000e+00
2.000000000000000000e+02
0.000000000000000000e+00
0.000000000000000000e+00
0.000000000000000000e+00
0.000000000000000000e+00
0.000000000000000000e+00
0.000000000000000000e+00
0.000000000000000000e+00
0.000000000000000000e+00
0.000000000000000000e+00
0.000000000000000000e+00
0.000000000000000000e+00
0.000000000000000000e+00
0.000000000000000000e+00
0.000000000000000000e+00
0.000000000000000000e+00
0.000000000000000000e+00
0.000000000000000000e+00
0.000000000000000000e+00
0.000000000000000000e+00
0.000000000000000000e+00
0.000000000000000000e+00
0.000000000000000000e+00
0.000000000000000000e+00
0.000000000000000000e+00
0.000000000000000000e+00
0.000000000000000000e+00
0.000000000000000000e+00
0.000000000000000000e+00
0.000000000000000000e+00
0.000000000000000000e+00
0.000000000000000000e+00
4.837000000000000000e+05
3.306000000000000000e+05
2.901000000000000000e+05
9.770000000000000000e+04
2.388000000000000000e+05
6.160000000000000000e+04
4.180000000000000000e+04
1.800000000000000000e+03
1.834000000000000000e+05
3.570000000000000000e+04
2.410000000000000000e+04
9.000000000000000000e+02
1.410000000000000000e+04
5.000000000000000000e+02
1.000000000000000000e+02
0.000000000000000000e+00
1.208000000000000000e+05
1.930000000000000000e+04
1.110000000000000000e+04
2.000000000000000000e+02
7.300000000000000000e+03
1.000000000000000000e+02
0.000000000000000000e+00
0.000000000000000000e+00
4.200000000000000000e+03
0.000000000000000000e+00
0.000000000000000000e+00
0.000000000000000000e+00
0.000000000000000000e+00
0.000000000000000000e+00
0.000000000000000000e+00
0.000000000000000000e+00
7.350000000000000000e+04
6.100000000000000000e+03
5.000000000000000000e+03
0.000000000000000000e+00
1.900000000000000000e+03
0.000000000000000000e+00
0.000000000000000000e+00
0.000000000000000000e+00
1.100000000000000000e+03
0.000000000000000000e+00
0.000000000000000000e+00
0.000000000000000000e+00
0.000000000000000000e+00
0.000000000000000000e+00
0.000000000000000000e+00
0.000000000000000000e+00
4.000000000000000000e+02
0.000000000000000000e+00
0.000000000000000000e+00
0.000000000000000000e+00
0.000000000000000000e+00
0.000000000000000000e+00
0.000000000000000000e+00
0.000000000000000000e+00
0.000000000000000000e+00
0.000000000000000000e+00
0.000000000000000000e+00
0.000000000000000000e+00
0.000000000000000000e+00
0.000000000000000000e+00
0.000000000000000000e+00
0.000000000000000000e+00
4.390000000000000000e+04
2.000000000000000000e+03
1.600000000000000000e+03
0.000000000000000000e+00
8.000000000000000000e+02
0.000000000000000000e+00
0.000000000000000000e+00
0.000000000000000000e+00
3.000000000000000000e+02
0.000000000000000000e+00
0.000000000000000000e+00
0.000000000000000000e+00
0.000000000000000000e+00
0.000000000000000000e+00
0.000000000000000000e+00
0.000000000000000000e+00
1.000000000000000000e+02
0.000000000000000000e+00
0.000000000000000000e+00
0.000000000000000000e+00
0.000000000000000000e+00
0.000000000000000000e+00
0.000000000000000000e+00
0.000000000000000000e+00
0.000000000000000000e+00
0.000000000000000000e+00
0.000000000000000000e+00
0.000000000000000000e+00
0.000000000000000000e+00
0.000000000000000000e+00
0.000000000000000000e+00
0.000000000000000000e+00
1.000000000000000000e+02
0.000000000000000000e+00
0.000000000000000000e+00
0.000000000000000000e+00
0.000000000000000000e+00
0.000000000000000000e+00
0.000000000000000000e+00
0.000000000000000000e+00
0.000000000000000000e+00
0.000000000000000000e+00
0.000000000000000000e+00
0.000000000000000000e+00
0.000000000000000000e+00
0.000000000000000000e+00
0.000000000000000000e+00
0.000000000000000000e+00
0.000000000000000000e+00
0.000000000000000000e+00
0.000000000000000000e+00
0.000000000000000000e+00
0.000000000000000000e+00
0.000000000000000000e+00
0.000000000000000000e+00
0.000000000000000000e+00
0.000000000000000000e+00
0.000000000000000000e+00
0.000000000000000000e+00
0.000000000000000000e+00
0.000000000000000000e+00
0.000000000000000000e+00
0.000000000000000000e+00
0.000000000000000000e+00
2.330000000000000000e+04
1.500000000000000000e+03
5.000000000000000000e+02
0.000000000000000000e+00
2.000000000000000000e+02
0.000000000000000000e+00
0.000000000000000000e+00
0.000000000000000000e+00
3.000000000000000000e+02
0.000000000000000000e+00
0.000000000000000000e+00
0.000000000000000000e+00
0.000000000000000000e+00
0.000000000000000000e+00
0.000000000000000000e+00
0.000000000000000000e+00
1.000000000000000000e+02
0.000000000000000000e+00
0.000000000000000000e+00
0.000000000000000000e+00
0.000000000000000000e+00
0.000000000000000000e+00
0.000000000000000000e+00
0.000000000000000000e+00
0.000000000000000000e+00
0.000000000000000000e+00
0.000000000000000000e+00
0.000000000000000000e+00
0.000000000000000000e+00
0.000000000000000000e+00
0.000000000000000000e+00
0.000000000000000000e+00
0.000000000000000000e+00
0.000000000000000000e+00
0.000000000000000000e+00
0.000000000000000000e+00
0.000000000000000000e+00
0.000000000000000000e+00
0.000000000000000000e+00
0.000000000000000000e+00
0.000000000000000000e+00
0.000000000000000000e+00
0.000000000000000000e+00
0.000000000000000000e+00
0.000000000000000000e+00
0.000000000000000000e+00
0.000000000000000000e+00
0.000000000000000000e+00
0.000000000000000000e+00
0.000000000000000000e+00
0.000000000000000000e+00
0.000000000000000000e+00
0.000000000000000000e+00
0.000000000000000000e+00
0.000000000000000000e+00
0.000000000000000000e+00
0.000000000000000000e+00
0.000000000000000000e+00
0.000000000000000000e+00
0.000000000000000000e+00
0.000000000000000000e+00
0.000000000000000000e+00
0.000000000000000000e+00
0.000000000000000000e+00
0.000000000000000000e+00
0.000000000000000000e+00
0.000000000000000000e+00
0.000000000000000000e+00
0.000000000000000000e+00
0.000000000000000000e+00
0.000000000000000000e+00
0.000000000000000000e+00
0.000000000000000000e+00
0.000000000000000000e+00
0.000000000000000000e+00
0.000000000000000000e+00
0.000000000000000000e+00
0.000000000000000000e+00
0.000000000000000000e+00
0.000000000000000000e+00
0.000000000000000000e+00
0.000000000000000000e+00
0.000000000000000000e+00
0.000000000000000000e+00
0.000000000000000000e+00
0.000000000000000000e+00
0.000000000000000000e+00
0.000000000000000000e+00
0.000000000000000000e+00
0.000000000000000000e+00
0.000000000000000000e+00
0.000000000000000000e+00
0.000000000000000000e+00
0.000000000000000000e+00
0.000000000000000000e+00
0.000000000000000000e+00
0.000000000000000000e+00
0.000000000000000000e+00
0.000000000000000000e+00
0.000000000000000000e+00
0.000000000000000000e+00
0.000000000000000000e+00
0.000000000000000000e+00
0.000000000000000000e+00
0.000000000000000000e+00
0.000000000000000000e+00
0.000000000000000000e+00
0.000000000000000000e+00
0.000000000000000000e+00
0.000000000000000000e+00
0.000000000000000000e+00
0.000000000000000000e+00
0.000000000000000000e+00
0.000000000000000000e+00
0.000000000000000000e+00
0.000000000000000000e+00
0.000000000000000000e+00
0.000000000000000000e+00
0.000000000000000000e+00
0.000000000000000000e+00
0.000000000000000000e+00
0.000000000000000000e+00
0.000000000000000000e+00
0.000000000000000000e+00
0.000000000000000000e+00
0.000000000000000000e+00
0.000000000000000000e+00
0.000000000000000000e+00
