5.125000000000000000e+05
5.005000000000000000e+05
5.038000000000000000e+05
5.105000000000000000e+05
5.048000000000000000e+05
5.016000000000000000e+05
5.029000000000000000e+05
4.974000000000000000e+05
4.968000000000000000e+05
4.985000000000000000e+05
5.013000000000000000e+05
4.986000000000000000e+05
5.054000000000000000e+05
4.922000000000000000e+05
4.983000000000000000e+05
5.006000000000000000e+05
4.965000000000000000e+05
5.000000000000000000e+05
4.997000000000000000e+05
5.055000000000000000e+05
4.980000000000000000e+05
4.987000000000000000e+05
5.013000000000000000e+05
5.044000000000000000e+05
5.062000000000000000e+05
5.064000000000000000e+05
4.944000000000000000e+05
5.071000000000000000e+05
4.933000000000000000e+05
4.979000000000000000e+05
5.057000000000000000e+05
4.986000000000000000e+05
4.892000000000000000e+05
4.970000000000000000e+05
5.011000000000000000e+05
5.062000000000000000e+05
5.039000000000000000e+05
5.077000000000000000e+05
4.929000000000000000e+05
4.948000000000000000e+05
5.065000000000000000e+05
4.962000000000000000e+05
4.969000000000000000e+05
4.989000000000000000e+05
4.989000000000000000e+05
4.951000000000000000e+05
5.071000000000000000e+05
4.983000000000000000e+05
5.007000000000000000e+05
4.903000000000000000e+05
4.992000000000000000e+05
5.006000000000000000e+05
4.960000000000000000e+05
5.088000000000000000e+05
5.030000000000000000e+05
4.888000000000000000e+05
4.967000000000000000e+05
5.030000000000000000e+05
5.011000000000000000e+05
5.002000000000000000e+05
5.005000000000000000e+05
5.030000000000000000e+05
5.004000000000000000e+05
4.716000000000000000e+05
5.058000000000000000e+05
4.954000000000000000e+05
5.046000000000000000e+05
4.961000000000000000e+05
4.958000000000000000e+05
4.902000000000000000e+05
5.020000000000000000e+05
5.002000000000000000e+05
5.036000000000000000e+05
4.918000000000000000e+05
4.936000000000000000e+05
5.052000000000000000e+05
4.959000000000000000e+05
4.937000000000000000e+05
4.998000000000000000e+05
4.967000000000000000e+05
4.981000000000000000e+05
5.015000000000000000e+05
5.017000000000000000e+05
4.990000000000000000e+05
5.017000000000000000e+05
4.926000000000000000e+05
5.008000000000000000e+05
5.055000000000000000e+05
4.989000000000000000e+05
4.981000000000000000e+05
5.049000000000000000e+05
4.984000000000000000e+05
4.935000000000000000e+05
5.003000000000000000e+05
5.010000000000000000e+05
4.685000000000000000e+05
4.982000000000000000e+05
5.018000000000000000e+05
4.979000000000000000e+05
5.005000000000000000e+05
5.002000000000000000e+05
4.949000000000000000e+05
4.999000000000000000e+05
4.901000000000000000e+05
5.014000000000000000e+05
4.887000000000000000e+05
4.984000000000000000e+05
4.941000000000000000e+05
5.004000000000000000e+05
4.976000000000000000e+05
4.935000000000000000e+05
4.513000000000000000e+05
4.992000000000000000e+05
4.978000000000000000e+05
4.963000000000000000e+05
4.986000000000000000e+05
5.004000000000000000e+05
4.993000000000000000e+05
4.978000000000000000e+05
4.311000000000000000e+05
4.961000000000000000e+05
4.880000000000000000e+05
4.873000000000000000e+05
4.010000000000000000e+05
4.902000000000000000e+05
3.918000000000000000e+05
3.570000000000000000e+05
1.500000000000000000e+05
4.982000000000000000e+05
4.986000000000000000e+05
4.993000000000000000e+05
4.940000000000000000e+05
4.909000000000000000e+05
4.897000000000000000e+05
5.030000000000000000e+05
4.894000000000000000e+05
5.037000000000000000e+05
5.027000000000000000e+05
4.980000000000000000e+05
5.051000000000000000e+05
5.106000000000000000e+05
5.018000000000000000e+05
4.972000000000000000e+05
5.014000000000000000e+05
4.983000000000000000e+05
5.011000000000000000e+05
5.123000000000000000e+05
4.983000000000000000e+05
4.981000000000000000e+05
4.948000000000000000e+05
4.965000000000000000e+05
5.034000000000000000e+05
5.005000000000000000e+05
4.953000000000000000e+05
5.022000000000000000e+05
4.974000000000000000e+05
4.978000000000000000e+05
4.970000000000000000e+05
4.976000000000000000e+05
4.371000000000000000e+05
4.994000000000000000e+05
4.942000000000000000e+05
4.958000000000000000e+05
5.074000000000000000e+05
5.019000000000000000e+05
4.942000000000000000e+05
4.996000000000000000e+05
4.884000000000000000e+05
5.035000000000000000e+05
5.014000000000000000e+05
5.095000000000000000e+05
4.899000000000000000e+05
5.042000000000000000e+05
4.861000000000000000e+05
5.024000000000000000e+05
4.033000000000000000e+05
4.963000000000000000e+05
4.980000000000000000e+05
5.034000000000000000e+05
4.969000000000000000e+05
5.088000000000000000e+05
4.905000000000000000e+05
5.003000000000000000e+05
3.893000000000000000e+05
4.918000000000000000e+05
4.845000000000000000e+05
4.826000000000000000e+05
3.472000000000000000e+05
4.609000000000000000e+05
3.070000000000000000e+05
2.652000000000000000e+05
7.780000000000000000e+04
5.002000000000000000e+05
5.017000000000000000e+05
5.057000000000000000e+05
4.980000000000000000e+05
5.033000000000000000e+05
5.057000000000000000e+05
5.023000000000000000e+05
4.912000000000000000e+05
5.002000000000000000e+05
5.029000000000000000e+05
5.052000000000000000e+05
4.890000000000000000e+05
5.060000000000000000e+05
4.804000000000000000e+05
4.758000000000000000e+05
3.557000000000000000e+05
4.990000000000000000e+05
4.921000000000000000e+05
5.007000000000000000e+05
4.795000000000000000e+05
5.042000000000000000e+05
4.791000000000000000e+05
4.732000000000000000e+05
3.147000000000000000e+05
4.961000000000000000e+05
4.611000000000000000e+05
4.495000000000000000e+05
2.663000000000000000e+05
4.266000000000000000e+05
2.198000000000000000e+05
1.765000000000000000e+05
3.020000000000000000e+04
5.021000000000000000e+05
4.999000000000000000e+05
5.029000000000000000e+05
4.628000000000000000e+05
4.949000000000000000e+05
4.440000000000000000e+05
4.302000000000000000e+05
2.376000000000000000e+05
4.991000000000000000e+05
4.166000000000000000e+05
3.935000000000000000e+05
1.862000000000000000e+05
3.495000000000000000e+05
1.436000000000000000e+05
1.064000000000000000e+05
1.300000000000000000e+04
4.812000000000000000e+05
3.637000000000000000e+05
3.296000000000000000e+05
1.229000000000000000e+05
2.821000000000000000e+05
8.290000000000000000e+04
5.810000000000000000e+04
4.100000000000000000e+03
2.107000000000000000e+05
4.870000000000000000e+04
2.890000000000000000e+04
7.000000000000000000e+02
1.820000000000000000e+04
7.000000000000000000e+02
4.000000000000000000e+02
0.000000000000000000e+00
5.101000000000000000e+05
5.008000000000000000e+05
4.894000000000000000e+05
5.034000000000000000e+05
4.978000000000000000e+05
5.017000000000000000e+05
4.934000000000000000e+05
4.970000000000000000e+05
4.962000000000000000e+05
4.946000000000000000e+05
4.979000000000000000e+05
5.001000000000000000e+05
4.969000000000000000e+05
5.021000000000000000e+05
4.910000000000000000e+05
4.912000000000000000e+05
5.015000000000000000e+05
4.993000000000000000e+05
5.067000000000000000e+05
4.950000000000000000e+05
5.004000000000000000e+05
5.044000000000000000e+05
5.026000000000000000e+05
4.952000000000000000e+05
5.025000000000000000e+05
5.087000000000000000e+05
4.966000000000000000e+05
5.021000000000000000e+05
4.966000000000000000e+05
4.865000000000000000e+05
4.872000000000000000e+05
3.687000000000000000e+05
5.035000000000000000e+05
5.037000000000000000e+05
5.009000000000000000e+05
4.968000000000000000e+05
5.078000000000000000e+05
5.046000000000000000e+05
4.931000000000000000e+05
4.870000000000000000e+05
5.014000000000000000e+05
4.990000000000000000e+05
4.922000000000000000e+05
4.887000000000000000e+05
5.077000000000000000e+05
4.838000000000000000e+05
4.656000000000000000e+05
3.124000000000000000e+05
4.967000000000000000e+05
4.965000000000000000e+05
5.011000000000000000e+05
4.717000000000000000e+05
5.064000000000000000e+05
4.582000000000000000e+05
4.503000000000000000e+05
2.784000000000000000e+05
4.986000000000000000e+05
4.388000000000000000e+05
4.161000000000000000e+05
2.254000000000000000e+05
3.859000000000000000e+05
1.712000000000000000e+05
1.395000000000000000e+05
1.970000000000000000e+04
4.890000000000000000e+05
5.002000000000000000e+05
4.952000000000000000e+05
4.977000000000000000e+05
5.017000000000000000e+05
4.908000000000000000e+05
4.977000000000000000e+05
4.782000000000000000e+05
4.936000000000000000e+05
4.987000000000000000e+05
5.033000000000000000e+05
4.628000000000000000e+05
4.990000000000000000e+05
4.437000000000000000e+05
4.387000000000000000e+05
2.448000000000000000e+05
5.051000000000000000e+05
5.019000000000000000e+05
5.055000000000000000e+05
4.325000000000000000e+05
4.926000000000000000e+05
4.169000000000000000e+05
3.965000000000000000e+05
1.871000000000000000e+05
4.812000000000000000e+05
3.769000000000000000e+05
3.463000000000000000e+05
1.285000000000000000e+05
2.994000000000000000e+05
9.330000000000000000e+04
6.820000000000000000e+04
4.800000000000000000e+03
4.934000000000000000e+05
4.913000000000000000e+05
4.885000000000000000e+05
3.851000000000000000e+05
4.834000000000000000e+05
3.586000000000000000e+05
3.274000000000000000e+05
1.155000000000000000e+05
4.586000000000000000e+05
2.946000000000000000e+05
2.542000000000000000e+05
7.220000000000000000e+04
2.001000000000000000e+05
4.350000000000000000e+04
2.390000000000000000e+04
5.000000000000000000e+02
4.225000000000000000e+05
2.161000000000000000e+05
1.791000000000000000e+05
3.480000000000000000e+04
1.276000000000000000e+05
2.020000000000000000e+04
1.240000000000000000e+04
2.000000000000000000e+02
8.550000000000000000e+04
9.200000000000000000e+03
6.000000000000000000e+03
0.000000000000000000e+00
2.500000000000000000e+03
0.000000000000000000e+00
0.000000000000000000e+00
0.000000000000000000e+00
4.944000000000000000e+05
4.928000000000000000e+05
4.999000000000000000e+05
4.975000000000000000e+05
4.967000000000000000e+05
4.883000000000000000e+05
4.908000000000000000e+05
4.396000000000000000e+05
4.931000000000000000e+05
4.958000000000000000e+05
4.851000000000000000e+05
4.051000000000000000e+05
4.905000000000000000e+05
3.806000000000000000e+05
3.419000000000000000e+05
1.343000000000000000e+05
5.054000000000000000e+05
4.822000000000000000e+05
4.862000000000000000e+05
3.625000000000000000e+05
4.698000000000000000e+05
3.186000000000000000e+05
2.805000000000000000e+05
8.370000000000000000e+04
4.447000000000000000e+05
2.564000000000000000e+05
2.114000000000000000e+05
4.930000000000000000e+04
1.653000000000000000e+05
2.810000000000000000e+04
1.930000000000000000e+04
7.000000000000000000e+02
4.865000000000000000e+05
4.704000000000000000e+05
4.508000000000000000e+05
2.725000000000000000e+05
4.179000000000000000e+05
2.157000000000000000e+05
1.779000000000000000e+05
3.470000000000000000e+04
3.769000000000000000e+05
1.648000000000000000e+05
1.273000000000000000e+05
1.740000000000000000e+04
8.470000000000000000e+04
9.400000000000000000e+03
3.700000000000000000e+03
0.000000000000000000e+00
3.114000000000000000e+05
1.028000000000000000e+05
7.040000000000000000e+04
6.100000000000000000e+03
4.950000000000000000e+04
2.400000000000000000e+03
1.400000000000000000e+03
0.000000000000000000e+00
2.820000000000000000e+04
1.100000000000000000e+03
3.000000000000000000e+02
0.000000000000000000e+00
4.000000000000000000e+02
0.000000000000000000e+00
0.000000000000000000e+00
0.000000000000000000e+00
4.906000000000000000e+05
4.073000000000000000e+05
3.810000000000000000e+05
1.795000000000000000e+05
3.368000000000000000e+05
1.242000000000000000e+05
9.330000000000000000e+04
1.020000000000000000e+04
2.700000000000000000e+05
7.530000000000000000e+04
5.690000000000000000e+04
4.500000000000000000e+03
3.660000000000000000e+04
1.400000000000000000e+03
7.000000000000000000e+02
0.000000000000000000e+00
1.966000000000000000e+05
3.850000000000000000e+04
2.620000000000000000e+04
9.000000000000000000e+02
1.570000000000000000e+04
1.000000000000000000e+02
2.000000000000000000e+02
0.000000000000000000e+00
1.050000000000000000e+04
0.000000000000000000e+00
0.000000000000000000e+00
0.000000000000000000e+00
1.000000000000000000e+02
0.000000000000000000e+00
0.000000000000000000e+00
0.000000000000000000e+00
1.313000000000000000e+05
1.950000000000000000e+04
1.220000000000000000e+04
0.000000000000000000e+00
7.300000000000000000e+03
1.000000000000000000e+02
0.000000000000000000e+00
0.000000000000000000e+00
3.200000000000000000e+03
0.000000000000000000e+00
0.000000000000000000e+00
0.000000000000000000e+00
0.000000000000000000e+00
0.000000000000000000e+00
0.000000000000000000e+00
0.000000000000000000e+00
1.600000000000000000e+03
0.000000000000000000e+00
0.000000000000000000e+00
0.000000000000000000e+00
0.000000000000000000e+00
0.000000000000000000e+00
0.000000000000000000e+00
0.000000000000000000e+00
0.000000000000000000e+00
0.000000000000000000e+00
0.000000000000000000e+00
0.000000000000000000e+00
0.000000000000000000e+00
0.000000000000000000e+00
0.000000000000000000e+00
0.000000000000000000e+00
4.980000000000000000e+05
5.052000000000000000e+05
4.992000000000000000e+05
5.039000000000000000e+05
5.029000000000000000e+05
4.943000000000000000e+05
4.924000000000000000e+05
5.015000000000000000e+05
4.937000000000000000e+05
5.038000000000000000e+05
5.005000000000000000e+05
4.917000000000000000e+05
5.052000000000000000e+05
5.020000000000000000e+05
5.010000000000000000e+05
4.780000000000000000e+05
4.983000000000000000e+05
4.952000000000000000e+05
4.933000000000000000e+05
5.022000000000000000e+05
4.998000000000000000e+05
4.991000000000000000e+05
5.034000000000000000e+05
4.698000000000000000e+05
5.070000000000000000e+05
4.964000000000000000e+05
4.935000000000000000e+05
4.576000000000000000e+05
4.946000000000000000e+05
4.440000000000000000e+05
4.362000000000000000e+05
2.408000000000000000e+05
4.943000000000000000e+05
5.044000000000000000e+05
4.939000000000000000e+05
5.009000000000000000e+05
4.987000000000000000e+05
4.901000000000000000e+05
4.965000000000000000e+05
4.489000000000000000e+05
5.031000000000000000e+05
4.926000000000000000e+05
4.982000000000000000e+05
4.336000000000000000e+05
4.877000000000000000e+05
4.029000000000000000e+05
3.812000000000000000e+05
1.745000000000000000e+05
4.935000000000000000e+05
5.014000000000000000e+05
4.826000000000000000e+05
3.869000000000000000e+05
4.789000000000000000e+05
3.578000000000000000e+05
3.211000000000000000e+05
1.190000000000000000e+05
4.676000000000000000e+05
3.076000000000000000e+05
2.636000000000000000e+05
7.690000000000000000e+04
2.106000000000000000e+05
4.970000000000000000e+04
2.940000000000000000e+04
5.000000000000000000e+02
4.947000000000000000e+05
5.066000000000000000e+05
5.034000000000000000e+05
4.957000000000000000e+05
4.949000000000000000e+05
4.921000000000000000e+05
4.915000000000000000e+05
3.957000000000000000e+05
5.095000000000000000e+05
4.908000000000000000e+05
4.828000000000000000e+05
3.615000000000000000e+05
4.759000000000000000e+05
3.229000000000000000e+05
2.942000000000000000e+05
9.500000000000000000e+04
4.999000000000000000e+05
4.910000000000000000e+05
4.505000000000000000e+05
3.084000000000000000e+05
4.389000000000000000e+05
2.653000000000000000e+05
2.161000000000000000e+05
5.230000000000000000e+04
4.166000000000000000e+05
1.998000000000000000e+05
1.539000000000000000e+05
2.770000000000000000e+04
1.143000000000000000e+05
1.340000000000000000e+04
9.500000000000000000e+03
1.000000000000000000e+02
4.909000000000000000e+05
4.439000000000000000e+05
4.158000000000000000e+05
2.290000000000000000e+05
3.887000000000000000e+05
1.798000000000000000e+05
1.381000000000000000e+05
2.060000000000000000e+04
3.272000000000000000e+05
1.126000000000000000e+05
8.470000000000000000e+04
7.600000000000000000e+03
5.540000000000000000e+04
3.700000000000000000e+03
2.200000000000000000e+03
0.000000000000000000e+00
2.464000000000000000e+05
6.890000000000000000e+04
5.060000000000000000e+04
2.600000000000000000e+03
2.730000000000000000e+04
1.100000000000000000e+03
5.000000000000000000e+02
0.000000000000000000e+00
1.530000000000000000e+04
5.000000000000000000e+02
3.000000000000000000e+02
0.000000000000000000e+00
1.000000000000000000e+02
0.000000000000000000e+00
0.000000000000000000e+00
0.000000000000000000e+00
4.949000000000000000e+05
5.024000000000000000e+05
4.967000000000000000e+05
4.775000000000000000e+05
4.905000000000000000e+05
4.750000000000000000e+05
4.694000000000000000e+05
3.052000000000000000e+05
5.024000000000000000e+05
4.675000000000000000e+05
4.337000000000000000e+05
2.628000000000000000e+05
4.117000000000000000e+05
2.038000000000000000e+05
1.608000000000000000e+05
2.680000000000000000e+04
4.917000000000000000e+05
4.179000000000000000e+05
3.933000000000000000e+05
1.840000000000000000e+05
3.397000000000000000e+05
1.309000000000000000e+05
9.910000000000000000e+04
1.230000000000000000e+04
2.876000000000000000e+05
8.830000000000000000e+04
6.510000000000000000e+04
5.500000000000000000e+03
3.860000000000000000e+04
1.600000000000000000e+03
1.000000000000000000e+03
0.000000000000000000e+00
4.790000000000000000e+05
3.466000000000000000e+05
3.089000000000000000e+05
1.071000000000000000e+05
2.596000000000000000e+05
6.640000000000000000e+04
4.800000000000000000e+04
3.000000000000000000e+03
1.960000000000000000e+05
3.960000000000000000e+04
2.630000000000000000e+04
6.000000000000000000e+02
1.460000000000000000e+04
2.000000000000000000e+02
2.000000000000000000e+02
0.000000000000000000e+00
1.307000000000000000e+05
1.850000000000000000e+04
1.160000000000000000e+04
3.000000000000000000e+02
5.600000000000000000e+03
1.000000000000000000e+02
0.000000000000000000e+00
0.000000000000000000e+00
4.400000000000000000e+03
0.000000000000000000e+00
0.000000000000000000e+00
0.000000000000000000e+00
0.000000000000000000e+00
0.000000000000000000e+00
0.000000000000000000e+00
0.000000000000000000e+00
4.389000000000000000e+05
2.438000000000000000e+05
2.014000000000000000e+05
4.280000000000000000e+04
1.539000000000000000e+05
2.470000000000000000e+04
1.660000000000000000e+04
4.000000000000000000e+02
1.063000000000000000e+05
1.460000000000000000e+04
6.600000000000000000e+03
3.000000000000000000e+02
3.500000000000000000e+03
1.000000000000000000e+02
0.000000000000000000e+00
0.000000000000000000e+00
6.070000000000000000e+04
5.600000000000000000e+03
1.500000000000000000e+03
0.000000000000000000e+00
1.300000000000000000e+03
0.000000000000000000e+00
0.000000000000000000e+00
0.000000000000000000e+00
7.000000000000000000e+02
0.000000000000000000e+00
0.000000000000000000e+00
0.000000000000000000e+00
0.000000000000000000e+00
0.000000000000000000e+00
0.000000000000000000e+00
0.000000000000000000e+00
3.840000000000000000e+04
1.500000000000000000e+03
1.000000000000000000e+03
0.000000000000000000e+00
2.000000000000000000e+02
0.000000000000000000e+00
0.000000000000000000e+00
0.000000000000000000e+00
3.000000000000000000e+02
0.000000000000000000e+00
0.000000000000000000e+00
0.000000000000000000e+00
0.000000000000000000e+00
0.000000000000000000e+00
0.000000000000000000e+00
0.000000000000000000e+00
4.000000000000000000e+02
0.000000000000000000e+00
0.000000000000000000e+00
0.000000000000000000e+00
0.000000000000000000e+00
0.000000000000000000e+00
0.000000000000000000e+00
0.000000000000000000e+00
0.000000000000000000e+00
0.000000000000000000e+00
0.000000000000000000e+00
0.000000000000000000e+00
0.000000000000000000e+00
0.000000000000000000e+00
0.000000000000000000e+00
0.000000000000000000e+00
5.101000000000000000e+05
4.997000000000000000e+05
4.989000000000000000e+05
4.276000000000000000e+05
4.999000000000000000e+05
3.998000000000000000e+05
3.728000000000000000e+05
1.655000000000000000e+05
4.825000000000000000e+05
3.600000000000000000e+05
3.253000000000000000e+05
1.179000000000000000e+05
2.740000000000000000e+05
7.840000000000000000e+04
5.440000000000000000e+04
2.500000000000000000e+03
4.650000000000000000e+05
2.877000000000000000e+05
2.416000000000000000e+05
6.290000000000000000e+04
1.931000000000000000e+05
3.910000000000000000e+04
2.480000000000000000e+04
6.000000000000000000e+02
1.422000000000000000e+05
1.960000000000000000e+04
1.260000000000000000e+04
1.000000000000000000e+02
7.200000000000000000e+03
2.000000000000000000e+02
0.000000000000000000e+00
0.000000000000000000e+00
4.041000000000000000e+05
1.980000000000000000e+05
1.587000000000000000e+05
2.560000000000000000e+04
1.139000000000000000e+05
1.460000000000000000e+04
9.200000000000000000e+03
0.000000000000000000e+00
7.330000000000000000e+04
6.000000000000000000e+03
3.900000000000000000e+03
0.000000000000000000e+00
1.900000000000000000e+03
1.000000000000000000e+02
0.000000000000000000e+00
0.000000000000000000e+00
4.400000000000000000e+04
2.700000000000000000e+03
2.200000000000000000e+03
0.000000000000000000e+00
6.000000000000000000e+02
0.000000000000000000e+00
0.000000000000000000e+00
0.000000000000000000e+00
4.000000000000000000e+02
0.000000000000000000e+00
0.000000000000000000e+00
0.000000000000000000e+00
0.000000000000000000e+00
0.000000000000000000e+00
0.000000000000000000e+00
0.000000000000000000e+00
3.296000000000000000e+05
1.150000000000000000e+05
9.330000000000000000e+04
1.040000000000000000e+04
5.880000000000000000e+04
3.300000000000000000e+03
2.000000000000000000e+03
0.000000000000000000e+00
3.380000000000000000e+04
1.000000000000000000e+03
3.000000000000000000e+02
0.000000000000000000e+00
1.000000000000000000e+02
0.000000000000000000e+00
0.000000000000000000e+00
0.000000000000000000e+00
1.890000000000000000e+04
4.000000000000000000e+02
0.000000000000000000e+00
0.000000000000000000e+00
1.000000000000000000e+02
0.000000000000000000e+00
0.000000000000000000e+00
0.000000000000000000e+00
0.000000000000000000e+00
0.000000000000000000e+00
0.000000000000000000e+00
0.000000000000000000e+00
0.000000000000000000e+00
0.000000000000000000e+00
0.000000000000000000e+00
0.000000000000000000e+00
1.130000000000000000e+04
4.000000000000000000e+02
1.000000000000000000e+02
0.000000000000000000e+00
1.000000000000000000e+02
0.000000000000000000e+00
0.000000000000000000e+00
0.000000000000000000e+00
0.000000000000000000e+00
0.000000000000000000e+00
0.000000000000000000e+00
0.000000000000000000e+00
0.000000000000000000e+00
0.000000000000000000e+00
0.000000000000000000e+00
0.000000000000000000e+00
0.000000000000000000e+00
0.000000000000000000e+00
0.000000000000000000e+00
0.000000000000000000e+00
0.000000000000000000e+00
0.000000000000000000e+00
0.000000000000000000e+00
0.000000000000000000e+00
0.000000000000000000e+00
0.000000000000000000e+00
0.000000000000000000e+00
0.000000000000000000e+00
0.000000000000000000e+00
0.000000000000000000e+00
0.000000000000000000e+00
0.000000000000000000e+00
2.352000000000000000e+05
5.490000000000000000e+04
3.740000000000000000e+04
1.700000000000000000e+03
2.280000000000000000e+04
7.000000000000000000e+02
5.000000000000000000e+02
0.000000000000000000e+00
1.230000000000000000e+04
4.000000000000000000e+02
0.000000000000000000e+00
0.000000000000000000e+00
1.000000000000000000e+02
0.000000000000000000e+00
0.000000000000000000e+00
0.000000000000000000e+00
8.400000000000000000e+03
3.000000000000000000e+02
0.000000000000000000e+00
0.000000000000000000e+00
0.000000000000000000e+00
0.000000000000000000e+00
0.000000000000000000e+00
0.000000000000000000e+00
0.000000000000000000e+00
0.000000000000000000e+00
0.000000000000000000e+00
0.000000000000000000e+00
0.000000000000000000e+00
0.000000000000000000e+00
0.000000000000000000e+00
0.000000000000000000e+00
4.000000000000000000e+03
0.000000000000000000e+00
0.000000000000000000e+00
0.000000000000000000e+00
0.000000000000000000e+00
0.000000000000000000e+00
0.000000000000000000e+00
0.000000000000000000e+00
0.000000000000000000e+00
0.000000000000000000e+00
0.000000000000000000e+00
0.000000000000000000e+00
0.000000000000000000e+00
0.000000000000000000e+00
0.000000000000000000e+00
0.000000000000000000e+00
0.000000000000000000e+00
0.000000000000000000e+00
0.000000000000000000e+00
0.000000000000000000e+00
0.000000000000000000e+00
0.000000000000000000e+00
0.000000000000000000e+00
0.000000000000000000e+00
0.000000000000000000e+00
0.000000000000000000e+00
0.000000000000000000e+00
0.000000000000000000e+00
0.000000000000000000e+00
0.000000000000000000e+00
0.000000000000000000e+00
0.000000000000000000e+00
2.800000000000000000e+03
0.000000000000000000e+00
0.000000000000000000e+00
0.000000000000000000e+00
0.000000000000000000e+00
0.000000000000000000e+00
0.000000000000000000e+00
0.000000000000000000e+00
0.000000000000000000e+00
0.000000000000000000e+00
0.000000000000000000e+00
0.000000000000000000e+00
0.000000000000000000e+00
0.000000000000000000e+00
0.000000000000000000e+00
0.000000000000000000e+00
0.000000000000000000e+00
0.000000000000000000e+00
0.000000000000000000e+00
0.000000000000000000e+00
0.000000000000000000e+00
0.000000000000000000e+00
0.000000000000000000e+00
0.000000000000000000e+00
0.000000000000000000e+00
0.000000000000000000e+00
0.000000000000000000e+00
0.000000000000000000e+00
0.000000000000000000e+00
0.000000000000000000e+00
0.000000000000000000e+00
0.000000000000000000e+00
0.000000000000000000e+00
0.000000000000000000e+00
0.000000000000000000e+00
0.000000000000000000e+00
0.000000000000000000e+00
0.000000000000000000e+00
0.000000000000000000e+00
0.000000000000000000e+00
0.000000000000000000e+00
0.000000000000000000e+00
0.000000000000000000e+00
0.000000000000000000e+00
0.000000000000000000e+00
0.000000000000000000e+00
0.000000000000000000e+00
0.000000000000000000e+00
0.000000000000000000e+00
0.000000000000000000e+00
0.000000000000000000e+00
0.000000000000000000e+00
0.000000000000000000e+00
0.000000000000000000e+00
0.000000000000000000e+00
0.000000000000000000e+00
0.000000000000000000e+00
0.000000000000000000e+00
0.000000000000000000e+00
0.000000000000000000e+00
0.000000000000000000e+00
0.000000000000000000e+00
0.000000000000000000e+00
0.000000000000000000e+00
