4.930000000000000000e+05
5.032000000000000000e+05
5.036000000000000000e+05
5.038000000000000000e+05
5.023000000000000000e+05
4.993000000000000000e+05
5.106000000000000000e+05
4.972000000000000000e+05
5.028000000000000000e+05
4.905000000000000000e+05
4.937000000000000000e+05
5.091000000000000000e+05
5.055000000000000000e+05
5.053000000000000000e+05
4.951000000000000000e+05
4.949000000000000000e+05
5.040000000000000000e+05
4.920000000000000000e+05
4.936000000000000000e+05
4.983000000000000000e+05
5.056000000000000000e+05
4.924000000000000000e+05
4.948000000000000000e+05
4.993000000000000000e+05
5.084000000000000000e+05
5.058000000000000000e+05
4.832000000000000000e+05
4.942000000000000000e+05
4.990000000000000000e+05
4.945000000000000000e+05
4.824000000000000000e+05
3.806000000000000000e+05
4.979000000000000000e+05
4.891000000000000000e+05
4.992000000000000000e+05
4.950000000000000000e+05
5.035000000000000000e+05
5.007000000000000000e+05
5.021000000000000000e+05
4.911000000000000000e+05
4.976000000000000000e+05
4.977000000000000000e+05
4.971000000000000000e+05
4.837000000000000000e+05
4.980000000000000000e+05
4.858000000000000000e+05
4.753000000000000000e+05
3.412000000000000000e+05
4.919000000000000000e+05
4.981000000000000000e+05
4.970000000000000000e+05
4.831000000000000000e+05
4.965000000000000000e+05
4.678000000000000000e+05
4.558000000000000000e+05
3.005000000000000000e+05
5.032000000000000000e+05
4.522000000000000000e+05
4.315000000000000000e+05
2.415000000000000000e+05
4.042000000000000000e+05
1.927000000000000000e+05
1.537000000000000000e+05
2.600000000000000000e+04
5.051000000000000000e+05
4.984000000000000000e+05
5.077000000000000000e+05
5.044000000000000000e+05
5.015000000000000000e+05
4.960000000000000000e+05
5.037000000000000000e+05
4.787000000000000000e+05
5.002000000000000000e+05
4.940000000000000000e+05
5.084000000000000000e+05
4.798000000000000000e+05
4.988000000000000000e+05
4.521000000000000000e+05
4.487000000000000000e+05
2.671000000000000000e+05
4.957000000000000000e+05
5.038000000000000000e+05
4.997000000000000000e+05
4.470000000000000000e+05
4.901000000000000000e+05
4.329000000000000000e+05
4.071000000000000000e+05
2.029000000000000000e+05
4.919000000000000000e+05
3.879000000000000000e+05
3.607000000000000000e+05
1.527000000000000000e+05
3.147000000000000000e+05
1.060000000000000000e+05
7.760000000000000000e+04
6.300000000000000000e+03
5.030000000000000000e+05
4.969000000000000000e+05
5.019000000000000000e+05
4.037000000000000000e+05
4.909000000000000000e+05
3.671000000000000000e+05
3.445000000000000000e+05
1.327000000000000000e+05
4.761000000000000000e+05
3.253000000000000000e+05
2.776000000000000000e+05
8.490000000000000000e+04
2.282000000000000000e+05
5.390000000000000000e+04
3.340000000000000000e+04
1.700000000000000000e+03
4.407000000000000000e+05
2.461000000000000000e+05
1.960000000000000000e+05
4.380000000000000000e+04
1.535000000000000000e+05
2.650000000000000000e+04
1.460000000000000000e+04
5.000000000000000000e+02
1.023000000000000000e+05
1.170000000000000000e+04
6.300000000000000000e+03
1.000000000000000000e+02
3.500000000000000000e+03
1.000000000000000000e+02
0.000000000000000000e+00
0.000000000000000000e+00
5.009000000000000000e+05
4.977000000000000000e+05
4.970000000000000000e+05
4.966000000000000000e+05
5.032000000000000000e+05
4.962000000000000000e+05
4.928000000000000000e+05
4.405000000000000000e+05
5.021000000000000000e+05
4.985000000000000000e+05
4.874000000000000000e+05
4.218000000000000000e+05
4.875000000000000000e+05
3.888000000000000000e+05
3.552000000000000000e+05
1.528000000000000000e+05
4.999000000000000000e+05
4.897000000000000000e+05
4.843000000000000000e+05
3.702000000000000000e+05
4.719000000000000000e+05
3.304000000000000000e+05
3.020000000000000000e+05
9.650000000000000000e+04
4.521000000000000000e+05
2.791000000000000000e+05
2.296000000000000000e+05
5.740000000000000000e+04
1.817000000000000000e+05
3.600000000000000000e+04
2.100000000000000000e+04
9.000000000000000000e+02
4.958000000000000000e+05
4.662000000000000000e+05
4.630000000000000000e+05
2.970000000000000000e+05
4.291000000000000000e+05
2.431000000000000000e+05
2.038000000000000000e+05
4.500000000000000000e+04
4.016000000000000000e+05
1.894000000000000000e+05
1.440000000000000000e+05
2.180000000000000000e+04
1.039000000000000000e+05
1.010000000000000000e+04
7.600000000000000000e+03
0.000000000000000000e+00
3.299000000000000000e+05
1.206000000000000000e+05
8.490000000000000000e+04
8.200000000000000000e+03
5.730000000000000000e+04
3.900000000000000000e+03
1.900000000000000000e+03
0.000000000000000000e+00
3.550000000000000000e+04
1.700000000000000000e+03
8.000000000000000000e+02
0.000000000000000000e+00
4.000000000000000000e+02
0.000000000000000000e+00
0.000000000000000000e+00
0.000000000000000000e+00
4.894000000000000000e+05
4.171000000000000000e+05
3.932000000000000000e+05
1.926000000000000000e+05
3.587000000000000000e+05
1.438000000000000000e+05
1.061000000000000000e+05
1.120000000000000000e+04
2.981000000000000000e+05
9.610000000000000000e+04
6.640000000000000000e+04
5.100000000000000000e+03
4.250000000000000000e+04
1.600000000000000000e+03
1.300000000000000000e+03
0.000000000000000000e+00
2.184000000000000000e+05
4.820000000000000000e+04
3.550000000000000000e+04
1.000000000000000000e+03
1.830000000000000000e+04
7.000000000000000000e+02
2.000000000000000000e+02
0.000000000000000000e+00
1.190000000000000000e+04
3.000000000000000000e+02
1.000000000000000000e+02
0.000000000000000000e+00
1.000000000000000000e+02
0.000000000000000000e+00
0.000000000000000000e+00
0.000000000000000000e+00
1.434000000000000000e+05
2.420000000000000000e+04
1.360000000000000000e+04
3.000000000000000000e+02
8.200000000000000000e+03
0.000000000000000000e+00
2.000000000000000000e+02
0.000000000000000000e+00
4.500000000000000000e+03
1.000000000000000000e+02
1.000000000000000000e+02
0.000000000000000000e+00
0.000000000000000000e+00
0.000000000000000000e+00
0.000000000000000000e+00
0.000000000000000000e+00
2.000000000000000000e+03
0.000000000000000000e+00
0.000000000000000000e+00
0.000000000000000000e+00
0.000000000000000000e+00
0.000000000000000000e+00
0.000000000000000000e+00
0.000000000000000000e+00
0.000000000000000000e+00
0.000000000000000000e+00
0.000000000000000000e+00
0.000000000000000000e+00
0.000000000000000000e+00
0.000000000000000000e+00
0.000000000000000000e+00
0.000000000000000000e+00
4.957000000000000000e+05
4.982000000000000000e+05
4.933000000000000000e+05
4.838000000000000000e+05
5.023000000000000000e+05
4.775000000000000000e+05
4.812000000000000000e+05
3.411000000000000000e+05
5.001000000000000000e+05
4.729000000000000000e+05
4.632000000000000000e+05
3.017000000000000000e+05
4.353000000000000000e+05
2.502000000000000000e+05
2.123000000000000000e+05
4.480000000000000000e+04
4.897000000000000000e+05
4.434000000000000000e+05
4.394000000000000000e+05
2.344000000000000000e+05
3.998000000000000000e+05
1.852000000000000000e+05
1.479000000000000000e+05
2.170000000000000000e+04
3.467000000000000000e+05
1.261000000000000000e+05
9.490000000000000000e+04
9.900000000000000000e+03
6.370000000000000000e+04
3.700000000000000000e+03
3.300000000000000000e+03
0.000000000000000000e+00
4.840000000000000000e+05
3.900000000000000000e+05
3.560000000000000000e+05
1.468000000000000000e+05
3.088000000000000000e+05
1.058000000000000000e+05
6.820000000000000000e+04
4.700000000000000000e+03
2.531000000000000000e+05
6.060000000000000000e+04
4.280000000000000000e+04
1.100000000000000000e+03
2.490000000000000000e+04
1.300000000000000000e+03
1.000000000000000000e+02
0.000000000000000000e+00
1.791000000000000000e+05
3.260000000000000000e+04
2.170000000000000000e+04
1.000000000000000000e+03
1.240000000000000000e+04
2.000000000000000000e+02
1.000000000000000000e+02
0.000000000000000000e+00
8.700000000000000000e+03
3.000000000000000000e+02
0.000000000000000000e+00
0.000000000000000000e+00
0.000000000000000000e+00
0.000000000000000000e+00
0.000000000000000000e+00
0.000000000000000000e+00
4.547000000000000000e+05
2.919000000000000000e+05
2.588000000000000000e+05
7.360000000000000000e+04
2.036000000000000000e+05
4.230000000000000000e+04
2.930000000000000000e+04
1.300000000000000000e+03
1.522000000000000000e+05
2.120000000000000000e+04
1.570000000000000000e+04
4.000000000000000000e+02
7.900000000000000000e+03
0.000000000000000000e+00
2.000000000000000000e+02
0.000000000000000000e+00
9.700000000000000000e+04
8.700000000000000000e+03
6.800000000000000000e+03
0.000000000000000000e+00
3.600000000000000000e+03
1.000000000000000000e+02
0.000000000000000000e+00
0.000000000000000000e+00
1.800000000000000000e+03
0.000000000000000000e+00
0.000000000000000000e+00
0.000000000000000000e+00
0.000000000000000000e+00
0.000000000000000000e+00
0.000000000000000000e+00
0.000000000000000000e+00
5.740000000000000000e+04
3.700000000000000000e+03
2.600000000000000000e+03
0.000000000000000000e+00
1.600000000000000000e+03
0.000000000000000000e+00
0.000000000000000000e+00
0.000000000000000000e+00
3.000000000000000000e+02
0.000000000000000000e+00
0.000000000000000000e+00
0.000000000000000000e+00
0.000000000000000000e+00
0.000000000000000000e+00
0.000000000000000000e+00
0.000000000000000000e+00
0.000000000000000000e+00
0.000000000000000000e+00
0.000000000000000000e+00
0.000000000000000000e+00
0.000000000000000000e+00
0.000000000000000000e+00
0.000000000000000000e+00
0.000000000000000000e+00
0.000000000000000000e+00
0.000000000000000000e+00
0.000000000000000000e+00
0.000000000000000000e+00
0.000000000000000000e+00
0.000000000000000000e+00
0.000000000000000000e+00
0.000000000000000000e+00
4.033000000000000000e+05
1.893000000000000000e+05
1.484000000000000000e+05
2.470000000000000000e+04
1.015000000000000000e+05
1.290000000000000000e+04
6.700000000000000000e+03
1.000000000000000000e+02
6.720000000000000000e+04
5.600000000000000000e+03
3.700000000000000000e+03
0.000000000000000000e+00
1.400000000000000000e+03
0.000000000000000000e+00
0.000000000000000000e+00
0.000000000000000000e+00
4.010000000000000000e+04
1.800000000000000000e+03
1.300000000000000000e+03
0.000000000000000000e+00
7.000000000000000000e+02
0.000000000000000000e+00
0.000000000000000000e+00
0.000000000000000000e+00
4.000000000000000000e+02
0.000000000000000000e+00
0.000000000000000000e+00
0.000000000000000000e+00
0.000000000000000000e+00
0.000000000000000000e+00
0.000000000000000000e+00
0.000000000000000000e+00
2.420000000000000000e+04
6.000000000000000000e+02
6.000000000000000000e+02
0.000000000000000000e+00
3.000000000000000000e+02
0.000000000000000000e+00
0.000000000000000000e+00
0.000000000000000000e+00
1.000000000000000000e+02
0.000000000000000000e+00
0.000000000000000000e+00
0.000000000000000000e+00
0.000000000000000000e+00
0.000000000000000000e+00
0.000000000000000000e+00
0.000000000000000000e+00
1.000000000000000000e+02
0.000000000000000000e+00
0.000000000000000000e+00
0.000000000000000000e+00
0.000000000000000000e+00
0.000000000000000000e+00
0.000000000000000000e+00
0.000000000000000000e+00
0.000000000000000000e+00
0.000000000000000000e+00
0.000000000000000000e+00
0.000000000000000000e+00
0.000000000000000000e+00
0.000000000000000000e+00
0.000000000000000000e+00
0.000000000000000000e+00
1.220000000000000000e+04
3.000000000000000000e+02
1.000000000000000000e+02
0.000000000000000000e+00
0.000000000000000000e+00
0.000000000000000000e+00
0.000000000000000000e+00
0.000000000000000000e+00
0.000000000000000000e+00
0.000000000000000000e+00
0.000000000000000000e+00
0.000000000000000000e+00
0.000000000000000000e+00
0.000000000000000000e+00
0.000000000000000000e+00
0.000000000000000000e+00
0.000000000000000000e+00
0.000000000000000000e+00
0.000000000000000000e+00
0.000000000000000000e+00
0.000000000000000000e+00
0.000000000000000000e+00
0.000000000000000000e+00
0.000000000000000000e+00
0.000000000000000000e+00
0.000000000000000000e+00
0.000000000000000000e+00
0.000000000000000000e+00
0.000000000000000000e+00
0.000000000000000000e+00
0.000000000000000000e+00
0.000000000000000000e+00
0.000000000000000000e+00
0.000000000000000000e+00
0.000000000000000000e+00
0.000000000000000000e+00
0.000000000000000000e+00
0.000000000000000000e+00
0.000000000000000000e+00
0.000000000000000000e+00
0.000000000000000000e+00
0.000000000000000000e+00
0.000000000000000000e+00
0.000000000000000000e+00
0.000000000000000000e+00
0.000000000000000000e+00
0.000000000000000000e+00
0.000000000000000000e+00
0.000000000000000000e+00
0.000000000000000000e+00
0.000000000000000000e+00
0.000000000000000000e+00
0.000000000000000000e+00
0.000000000000000000e+00
0.000000000000000000e+00
0.000000000000000000e+00
0.000000000000000000e+00
0.000000000000000000e+00
0.000000000000000000e+00
0.000000000000000000e+00
0.000000000000000000e+00
0.000000000000000000e+00
0.000000000000000000e+00
0.000000000000000000e+00
4.974000000000000000e+05
5.008000000000000000e+05
4.983000000000000000e+05
4.465000000000000000e+05
4.938000000000000000e+05
4.162000000000000000e+05
3.961000000000000000e+05
1.886000000000000000e+05
4.808000000000000000e+05
3.806000000000000000e+05
3.498000000000000000e+05
1.371000000000000000e+05
3.066000000000000000e+05
1.030000000000000000e+05
7.330000000000000000e+04
5.300000000000000000e+03
4.721000000000000000e+05
3.110000000000000000e+05
2.795000000000000000e+05
8.490000000000000000e+04
2.237000000000000000e+05
5.180000000000000000e+04
3.290000000000000000e+04
1.600000000000000000e+03
1.719000000000000000e+05
2.900000000000000000e+04
1.920000000000000000e+04
6.000000000000000000e+02
9.800000000000000000e+03
1.000000000000000000e+02
1.000000000000000000e+02
0.000000000000000000e+00
4.305000000000000000e+05
2.369000000000000000e+05
1.885000000000000000e+05
3.850000000000000000e+04
1.419000000000000000e+05
2.200000000000000000e+04
1.540000000000000000e+04
2.000000000000000000e+02
9.450000000000000000e+04
9.600000000000000000e+03
7.000000000000000000e+03
0.000000000000000000e+00
2.900000000000000000e+03
0.000000000000000000e+00
0.000000000000000000e+00
0.000000000000000000e+00
5.680000000000000000e+04
5.000000000000000000e+03
2.100000000000000000e+03
0.000000000000000000e+00
1.100000000000000000e+03
0.000000000000000000e+00
0.000000000000000000e+00
0.000000000000000000e+00
6.000000000000000000e+02
0.000000000000000000e+00
0.000000000000000000e+00
0.000000000000000000e+00
0.000000000000000000e+00
0.000000000000000000e+00
0.000000000000000000e+00
0.000000000000000000e+00
3.464000000000000000e+05
1.424000000000000000e+05
1.059000000000000000e+05
1.230000000000000000e+04
6.880000000000000000e+04
6.200000000000000000e+03
4.500000000000000000e+03
0.000000000000000000e+00
4.930000000000000000e+04
3.300000000000000000e+03
1.700000000000000000e+03
0.000000000000000000e+00
9.000000000000000000e+02
0.000000000000000000e+00
0.000000000000000000e+00
0.000000000000000000e+00
2.460000000000000000e+04
1.100000000000000000e+03
6.000000000000000000e+02
0.000000000000000000e+00
3.000000000000000000e+02
0.000000000000000000e+00
0.000000000000000000e+00
0.000000000000000000e+00
5.000000000000000000e+02
0.000000000000000000e+00
0.000000000000000000e+00
0.000000000000000000e+00
0.000000000000000000e+00
0.000000000000000000e+00
0.000000000000000000e+00
0.000000000000000000e+00
1.610000000000000000e+04
4.000000000000000000e+02
1.000000000000000000e+02
0.000000000000000000e+00
1.000000000000000000e+02
0.000000000000000000e+00
0.000000000000000000e+00
0.000000000000000000e+00
2.000000000000000000e+02
0.000000000000000000e+00
0.000000000000000000e+00
0.000000000000000000e+00
0.000000000000000000e+00
0.000000000000000000e+00
0.000000000000000000e+00
0.000000000000000000e+00
0.000000000000000000e+00
0.000000000000000000e+00
0.000000000000000000e+00
0.000000000000000000e+00
0.000000000000000000e+00
0.000000000000000000e+00
0.000000000000000000e+00
0.000000000000000000e+00
0.000000000000000000e+00
0.000000000000000000e+00
0.000000000000000000e+00
0.000000000000000000e+00
0.000000000000000000e+00
0.000000000000000000e+00
0.000000000000000000e+00
0.000000000000000000e+00
2.531000000000000000e+05
7.030000000000000000e+04
4.790000000000000000e+04
3.300000000000000000e+03
2.830000000000000000e+04
1.800000000000000000e+03
7.000000000000000000e+02
0.000000000000000000e+00
1.900000000000000000e+04
4.000000000000000000e+02
2.000000000000000000e+02
0.000000000000000000e+00
2.000000000000000000e+02
0.000000000000000000e+00
0.000000000000000000e+00
0.000000000000000000e+00
1.140000000000000000e+04
4.000000000000000000e+02
1.000000000000000000e+02
0.000000000000000000e+00
1.000000000000000000e+02
0.000000000000000000e+00
0.000000000000000000e+00
0.000000000000000000e+00
0.000000000000000000e+00
0.000000000000000000e+00
0.000000000000000000e+00
0.000000000000000000e+00
0.000000000000000000e+00
0.000000000000000000e+00
0.000000000000000000e+00
0.000000000000000000e+00
5.800000000000000000e+03
0.000000000000000000e+00
0.000000000000000000e+00
0.000000000000000000e+00
0.000000000000000000e+00
0.000000000000000000e+00
0.000000000000000000e+00
0.000000000000000000e+00
1.000000000000000000e+02
0.000000000000000000e+00
0.000000000000000000e+00
0.000000000000000000e+00
0.000000000000000000e+00
0.000000000000000000e+00
0.000000000000000000e+00
0.000000000000000000e+00
0.000000000000000000e+00
0.000000000000000000e+00
0.000000000000000000e+00
0.000000000000000000e+00
0.000000000000000000e+00
0.000000000000000000e+00
0.000000000000000000e+00
0.000000000000000000e+00
0.000000000000000000e+00
0.000000000000000000e+00
0.000000000000000000e+00
0.000000000000000000e+00
0.000000000000000000e+00
0.000000000000000000e+00
0.000000000000000000e+00
0.000000000000000000e+00
2.200000000000000000e+03
0.000000000000000000e+00
0.000000000000000000e+00
0.000000000000000000e+00
0.000000000000000000e+00
0.000000000000000000e+00
0.000000000000000000e+00
0.000000000000000000e+00
0.000000000000000000e+00
0.000000000000000000e+00
0.000000000000000000e+00
0.000000000000000000e+00
0.000000000000000000e+00
0.000000000000000000e+00
0.000000000000000000e+00
0.000000000000000000e+00
0.000000000000000000e+00
0.000000000000000000e+00
0.000000000000000000e+00
0.000000000000000000e+00
0.000000000000000000e+00
0.000000000000000000e+00
0.000000000000000000e+00
0.000000000000000000e+00
0.000000000000000000e+00
0.000000000000000000e+00
0.000000000000000000e+00
0.000000000000000000e+00
0.000000000000000000e+00
0.000000000000000000e+00
0.000000000000000000e+00
0.000000000000000000e+00
0.000000000000000000e+00
0.000000000000000000e+00
0.000000000000000000e+00
0.000000000000000000e+00
0.000000000000000000e+00
0.000000000000000000e+00
0.000000000000000000e+00
0.000000000000000000e+00
0.000000000000000000e+00
0.000000000000000000e+00
0.000000000000000000e+00
0.000000000000000000e+00
0.000000000000000000e+00
0.000000000000000000e+00
0.000000000000000000e+00
0.000000000000000000e+00
0.000000000000000000e+00
0.000000000000000000e+00
0.000000000000000000e+00
0.000000000000000000e+00
0.000000000000000000e+00
0.000000000000000000e+00
0.000000000000000000e+00
0.000000000000000000e+00
0.000000000000000000e+00
0.000000000000000000e+00
0.000000000000000000e+00
0.000000000000000000e+00
0.000000000000000000e+00
0.000000000000000000e+00
0.000000000000000000e+00
0.000000000000000000e+00
1.612000000000000000e+05
3.010000000000000000e+04
2.070000000000000000e+04
3.000000000000000000e+02
1.160000000000000000e+04
2.000000000000000000e+02
1.000000000000000000e+02
0.000000000000000000e+00
7.100000000000000000e+03
1.000000000000000000e+02
1.000000000000000000e+02
0.000000000000000000e+00
0.000000000000000000e+00
0.000000000000000000e+00
0.000000000000000000e+00
0.000000000000000000e+00
4.500000000000000000e+03
0.000000000000000000e+00
1.000000000000000000e+02
0.000000000000000000e+00
1.000000000000000000e+02
0.000000000000000000e+00
0.000000000000000000e+00
0.000000000000000000e+00
0.000000000000000000e+00
0.000000000000000000e+00
0.000000000000000000e+00
0.000000000000000000e+00
0.000000000000000000e+00
0.000000000000000000e+00
0.000000000000000000e+00
0.000000000000000000e+00
1.900000000000000000e+03
0.000000000000000000e+00
0.000000000000000000e+00
0.000000000000000000e+00
0.000000000000000000e+00
0.000000000000000000e+00
0.000000000000000000e+00
0.000000000000000000e+00
0.000000000000000000e+00
0.000000000000000000e+00
0.000000000000000000e+00
0.000000000000000000e+00
0.000000000000000000e+00
0.000000000000000000e+00
0.000000000000000000e+00
0.000000000000000000e+00
0.000000000000000000e+00
0.000000000000000000e+00
0.000000000000000000e+00
0.000000000000000000e+00
0.000000000000000000e+00
0.000000000000000000e+00
0.000000000000000000e+00
0.000000000000000000e+00
0.000000000000000000e+00
0.000000000000000000e+00
0.000000000000000000e+00
0.000000000000000000e+00
0.000000000000000000e+00
0.000000000000000000e+00
0.000000000000000000e+00
0.000000000000000000e+00
1.600000000000000000e+03
0.000000000000000000e+00
0.000000000000000000e+00
0.000000000000000000e+00
0.000000000000000000e+00
0.000000000000000000e+00
0.000000000000000000e+00
0.000000000000000000e+00
0.000000000000000000e+00
0.000000000000000000e+00
0.000000000000000000e+00
0.000000000000000000e+00
0.000000000000000000e+00
0.000000000000000000e+00
0.000000000000000000e+00
0.000000000000000000e+00
0.000000000000000000e+00
0.000000000000000000e+00
0.000000000000000000e+00
0.000000000000000000e+00
0.000000000000000000e+00
0.000000000000000000e+00
0.000000000000000000e+00
0.000000000000000000e+00
0.000000000000000000e+00
0.000000000000000000e+00
0.000000000000000000e+00
0.000000000000000000e+00
0.000000000000000000e+00
0.000000000000000000e+00
0.000000000000000000e+00
0.000000000000000000e+00
0.000000000000000000e+00
0.000000000000000000e+00
0.000000000000000000e+00
0.000000000000000000e+00
0.000000000000000000e+00
0.000000000000000000e+00
0.000000000000000000e+00
0.000000000000000000e+00
0.000000000000000000e+00
0.000000000000000000e+00
0.000000000000000000e+00
0.000000000000000000e+00
0.000000000000000000e+00
0.000000000000000000e+00
0.000000000000000000e+00
0.000000000000000000e+00
0.000000000000000000e+00
0.000000000000000000e+00
0.000000000000000000e+00
0.000000000000000000e+00
0.000000000000000000e+00
0.000000000000000000e+00
0.000000000000000000e+00
0.000000000000000000e+00
0.000000000000000000e+00
0.000000000000000000e+00
0.000000000000000000e+00
0.000000000000000000e+00
0.000000000000000000e+00
0.000000000000000000e+00
0.000000000000000000e+00
0.000000000000000000e+00
7.000000000000000000e+02
0.000000000000000000e+00
0.000000000000000000e+00
0.000000000000000000e+00
0.000000000000000000e+00
0.000000000000000000e+00
0.000000000000000000e+00
0.000000000000000000e+00
0.000000000000000000e+00
0.000000000000000000e+00
0.000000000000000000e+00
0.000000000000000000e+00
0.000000000000000000e+00
0.000000000000000000e+00
0.000000000000000000e+00
0.000000000000000000e+00
0.000000000000000000e+00
0.000000000000000000e+00
0.000000000000000000e+00
0.000000000000000000e+00
0.000000000000000000e+00
0.000000000000000000e+00
0.000000000000000000e+00
0.000000000000000000e+00
0.000000000000000000e+00
0.000000000000000000e+00
0.000000000000000000e+00
0.000000000000000000e+00
0.000000000000000000e+00
0.000000000000000000e+00
0.000000000000000000e+00
0.000000000000000000e+00
0.000000000000000000e+00
0.000000000000000000e+00
0.000000000000000000e+00
0.000000000000000000e+00
0.000000000000000000e+00
0.000000000000000000e+00
0.000000000000000000e+00
0.000000000000000000e+00
0.000000000000000000e+00
0.000000000000000000e+00
0.000000000000000000e+00
0.000000000000000000e+00
0.000000000000000000e+00
0.000000000000000000e+00
0.000000000000000000e+00
0.000000000000000000e+00
0.000000000000000000e+00
0.000000000000000000e+00
0.000000000000000000e+00
0.000000000000000000e+00
0.000000000000000000e+00
0.000000000000000000e+00
0.000000000000000000e+00
0.000000000000000000e+00
0.000000000000000000e+00
0.000000000000000000e+00
0.000000000000000000e+00
0.000000000000000000e+00
0.000000000000000000e+00
0.000000000000000000e+00
0.000000000000000000e+00
0.000000000000000000e+00
0.000000000000000000e+00
0.000000000000000000e+00
0.000000000000000000e+00
0.000000000000000000e+00
0.000000000000000000e+00
0.000000000000000000e+00
0.000000000000000000e+00
0.000000000000000000e+00
0.000000000000000000e+00
0.000000000000000000e+00
0.000000000000000000e+00
0.000000000000000000e+00
0.000000000000000000e+00
0.000000000000000000e+00
0.000000000000000000e+00
0.000000000000000000e+00
0.000000000000000000e+00
0.000000000000000000e+00
0.000000000000000000e+00
0.000000000000000000e+00
0.000000000000000000e+00
0.000000000000000000e+00
0.000000000000000000e+00
0.000000000000000000e+00
0.000000000000000000e+00
0.000000000000000000e+00
0.000000000000000000e+00
0.000000000000000000e+00
0.000000000000000000e+00
0.000000000000000000e+00
0.000000000000000000e+00
0.000000000000000000e+00
0.000000000000000000e+00
0.000000000000000000e+00
0.000000000000000000e+00
0.000000000000000000e+00
0.000000000000000000e+00
0.000000000000000000e+00
0.000000000000000000e+00
0.000000000000000000e+00
0.000000000000000000e+00
0.000000000000000000e+00
0.000000000000000000e+00
0.000000000000000000e+00
0.000000000000000000e+00
0.000000000000000000e+00
0.000000000000000000e+00
0.000000000000000000e+00
0.000000000000000000e+00
0.000000000000000000e+00
0.000000000000000000e+00
0.000000000000000000e+00
0.000000000000000000e+00
0.000000000000000000e+00
0.000000000000000000e+00
0.000000000000000000e+00
0.000000000000000000e+00
0.000000000000000000e+00
0.000000000000000000e+00
0.000000000000000000e+00
0.000000000000000000e+00
0.000000000000000000e+00
0.000000000000000000e+00
0.000000000000000000e+00
