4.930000000000000000e+05
5.049000000000000000e+05
5.033000000000000000e+05
4.957000000000000000e+05
5.009000000000000000e+05
4.920000000000000000e+05
5.043000000000000000e+05
5.053000000000000000e+05
5.042000000000000000e+05
5.050000000000000000e+05
4.974000000000000000e+05
5.059000000000000000e+05
4.933000000000000000e+05
5.033000000000000000e+05
4.922000000000000000e+05
4.198000000000000000e+05
4.986000000000000000e+05
4.959000000000000000e+05
5.000000000000000000e+05
4.849000000000000000e+05
4.998000000000000000e+05
4.911000000000000000e+05
4.879000000000000000e+05
3.808000000000000000e+05
5.018000000000000000e+05
4.861000000000000000e+05
4.825000000000000000e+05
3.530000000000000000e+05
4.628000000000000000e+05
2.995000000000000000e+05
2.716000000000000000e+05
7.690000000000000000e+04
4.874000000000000000e+05
5.076000000000000000e+05
4.963000000000000000e+05
4.772000000000000000e+05
5.095000000000000000e+05
4.801000000000000000e+05
4.693000000000000000e+05
3.205000000000000000e+05
4.958000000000000000e+05
4.733000000000000000e+05
4.522000000000000000e+05
2.759000000000000000e+05
4.286000000000000000e+05
2.294000000000000000e+05
1.869000000000000000e+05
3.750000000000000000e+04
4.946000000000000000e+05
4.404000000000000000e+05
4.049000000000000000e+05
2.092000000000000000e+05
3.671000000000000000e+05
1.546000000000000000e+05
1.188000000000000000e+05
1.540000000000000000e+04
3.103000000000000000e+05
1.037000000000000000e+05
7.760000000000000000e+04
4.800000000000000000e+03
4.990000000000000000e+04
2.500000000000000000e+03
1.600000000000000000e+03
0.000000000000000000e+00
5.070000000000000000e+05
5.033000000000000000e+05
5.015000000000000000e+05
4.649000000000000000e+05
4.989000000000000000e+05
4.427000000000000000e+05
4.228000000000000000e+05
2.316000000000000000e+05
4.915000000000000000e+05
4.134000000000000000e+05
3.856000000000000000e+05
1.731000000000000000e+05
3.353000000000000000e+05
1.281000000000000000e+05
9.200000000000000000e+04
1.020000000000000000e+04
4.790000000000000000e+05
3.516000000000000000e+05
3.137000000000000000e+05
1.108000000000000000e+05
2.589000000000000000e+05
7.230000000000000000e+04
4.680000000000000000e+04
3.400000000000000000e+03
2.001000000000000000e+05
4.260000000000000000e+04
2.770000000000000000e+04
9.000000000000000000e+02
1.630000000000000000e+04
6.000000000000000000e+02
1.000000000000000000e+02
0.000000000000000000e+00
4.504000000000000000e+05
2.645000000000000000e+05
2.235000000000000000e+05
5.530000000000000000e+04
1.635000000000000000e+05
2.980000000000000000e+04
1.840000000000000000e+04
4.000000000000000000e+02
1.241000000000000000e+05
1.810000000000000000e+04
1.050000000000000000e+04
4.000000000000000000e+02
6.300000000000000000e+03
0.000000000000000000e+00
0.000000000000000000e+00
0.000000000000000000e+00
7.160000000000000000e+04
6.400000000000000000e+03
3.500000000000000000e+03
1.000000000000000000e+02
1.200000000000000000e+03
0.000000000000000000e+00
0.000000000000000000e+00
0.000000000000000000e+00
1.100000000000000000e+03
0.000000000000000000e+00
0.000000000000000000e+00
0.000000000000000000e+00
0.000000000000000000e+00
0.000000000000000000e+00
0.000000000000000000e+00
0.000000000000000000e+00
5.022000000000000000e+05
4.868000000000000000e+05
4.831000000000000000e+05
3.855000000000000000e+05
4.785000000000000000e+05
3.512000000000000000e+05
3.239000000000000000e+05
1.143000000000000000e+05
4.654000000000000000e+05
3.023000000000000000e+05
2.572000000000000000e+05
7.250000000000000000e+04
2.114000000000000000e+05
4.430000000000000000e+04
2.840000000000000000e+04
7.000000000000000000e+02
4.285000000000000000e+05
2.218000000000000000e+05
1.826000000000000000e+05
3.450000000000000000e+04
1.351000000000000000e+05
1.980000000000000000e+04
1.270000000000000000e+04
1.000000000000000000e+02
8.990000000000000000e+04
9.700000000000000000e+03
6.000000000000000000e+03
1.000000000000000000e+02
2.400000000000000000e+03
0.000000000000000000e+00
0.000000000000000000e+00
0.000000000000000000e+00
3.561000000000000000e+05
1.403000000000000000e+05
1.132000000000000000e+05
1.320000000000000000e+04
7.130000000000000000e+04
6.100000000000000000e+03
2.900000000000000000e+03
0.000000000000000000e+00
4.450000000000000000e+04
2.800000000000000000e+03
1.900000000000000000e+03
0.000000000000000000e+00
1.400000000000000000e+03
0.000000000000000000e+00
0.000000000000000000e+00
0.000000000000000000e+00
2.640000000000000000e+04
1.100000000000000000e+03
3.000000000000000000e+02
0.000000000000000000e+00
3.000000000000000000e+02
0.000000000000000000e+00
0.000000000000000000e+00
0.000000000000000000e+00
5.000000000000000000e+02
0.000000000000000000e+00
0.000000000000000000e+00
0.000000000000000000e+00
0.000000000000000000e+00
0.000000000000000000e+00
0.000000000000000000e+00
0.000000000000000000e+00
2.604000000000000000e+05
7.310000000000000000e+04
5.250000000000000000e+04
2.400000000000000000e+03
3.300000000000000000e+04
1.200000000000000000e+03
1.000000000000000000e+03
0.000000000000000000e+00
2.130000000000000000e+04
6.000000000000000000e+02
3.000000000000000000e+02
0.000000000000000000e+00
1.000000000000000000e+02
0.000000000000000000e+00
0.000000000000000000e+00
0.000000000000000000e+00
9.500000000000000000e+03
1.000000000000000000e+02
0.000000000000000000e+00
0.000000000000000000e+00
0.000000000000000000e+00
0.000000000000000000e+00
0.000000000000000000e+00
0.000000000000000000e+00
0.000000000000000000e+00
0.000000000000000000e+00
0.000000000000000000e+00
0.000000000000000000e+00
0.000000000000000000e+00
0.000000000000000000e+00
0.000000000000000000e+00
0.000000000000000000e+00
5.800000000000000000e+03
0.000000000000000000e+00
0.000000000000000000e+00
0.000000000000000000e+00
0.000000000000000000e+00
0.000000000000000000e+00
0.000000000000000000e+00
0.000000000000000000e+00
0.000000000000000000e+00
0.000000000000000000e+00
0.000000000000000000e+00
0.000000000000000000e+00
0.000000000000000000e+00
0.000000000000000000e+00
0.000000000000000000e+00
0.000000000000000000e+00
1.000000000000000000e+02
0.000000000000000000e+00
0.000000000000000000e+00
0.000000000000000000e+00
0.000000000000000000e+00
0.000000000000000000e+00
0.000000000000000000e+00
0.000000000000000000e+00
0.000000000000000000e+00
0.000000000000000000e+00
0.000000000000000000e+00
0.000000000000000000e+00
0.000000000000000000e+00
0.000000000000000000e+00
0.000000000000000000e+00
0.000000000000000000e+00
