4.979000000000000000e+05
5.059000000000000000e+05
5.051000000000000000e+05
5.081000000000000000e+05
5.092000000000000000e+05
4.923000000000000000e+05
5.088000000000000000e+05
4.885000000000000000e+05
5.062000000000000000e+05
4.935000000000000000e+05
4.870000000000000000e+05
4.819000000000000000e+05
4.974000000000000000e+05
4.730000000000000000e+05
4.689000000000000000e+05
3.147000000000000000e+05
5.082000000000000000e+05
4.979000000000000000e+05
4.998000000000000000e+05
4.602000000000000000e+05
4.988000000000000000e+05
4.569000000000000000e+05
4.450000000000000000e+05
2.608000000000000000e+05
4.922000000000000000e+05
4.255000000000000000e+05
4.152000000000000000e+05
2.077000000000000000e+05
3.647000000000000000e+05
1.513000000000000000e+05
1.168000000000000000e+05
1.520000000000000000e+04
4.981000000000000000e+05
4.970000000000000000e+05
4.966000000000000000e+05
4.280000000000000000e+05
4.939000000000000000e+05
4.073000000000000000e+05
3.847000000000000000e+05
1.838000000000000000e+05
4.807000000000000000e+05
3.674000000000000000e+05
3.359000000000000000e+05
1.247000000000000000e+05
2.861000000000000000e+05
8.810000000000000000e+04
6.440000000000000000e+04
4.200000000000000000e+03
4.658000000000000000e+05
3.054000000000000000e+05
2.542000000000000000e+05
7.450000000000000000e+04
2.009000000000000000e+05
4.220000000000000000e+04
2.650000000000000000e+04
8.000000000000000000e+02
1.536000000000000000e+05
2.260000000000000000e+04
1.650000000000000000e+04
4.000000000000000000e+02
8.600000000000000000e+03
2.000000000000000000e+02
0.000000000000000000e+00
0.000000000000000000e+00
5.103000000000000000e+05
4.927000000000000000e+05
4.929000000000000000e+05
3.697000000000000000e+05
4.743000000000000000e+05
3.240000000000000000e+05
2.890000000000000000e+05
9.240000000000000000e+04
4.589000000000000000e+05
2.698000000000000000e+05
2.228000000000000000e+05
5.240000000000000000e+04
1.738000000000000000e+05
3.280000000000000000e+04
1.930000000000000000e+04
7.000000000000000000e+02
3.939000000000000000e+05
1.892000000000000000e+05
1.568000000000000000e+05
2.300000000000000000e+04
1.067000000000000000e+05
1.200000000000000000e+04
7.200000000000000000e+03
0.000000000000000000e+00
6.880000000000000000e+04
3.900000000000000000e+03
3.700000000000000000e+03
0.000000000000000000e+00
1.200000000000000000e+03
0.000000000000000000e+00
0.000000000000000000e+00
0.000000000000000000e+00
3.180000000000000000e+05
1.176000000000000000e+05
8.670000000000000000e+04
1.010000000000000000e+04
5.260000000000000000e+04
3.300000000000000000e+03
2.100000000000000000e+03
0.000000000000000000e+00
3.660000000000000000e+04
1.500000000000000000e+03
1.000000000000000000e+03
0.000000000000000000e+00
0.000000000000000000e+00
0.000000000000000000e+00
0.000000000000000000e+00
0.000000000000000000e+00
1.920000000000000000e+04
7.000000000000000000e+02
3.000000000000000000e+02
0.000000000000000000e+00
0.000000000000000000e+00
0.000000000000000000e+00
0.000000000000000000e+00
0.000000000000000000e+00
2.000000000000000000e+02
0.000000000000000000e+00
0.000000000000000000e+00
0.000000000000000000e+00
0.000000000000000000e+00
0.000000000000000000e+00
0.000000000000000000e+00
0.000000000000000000e+00
5.091000000000000000e+05
4.544000000000000000e+05
4.427000000000000000e+05
2.478000000000000000e+05
4.048000000000000000e+05
2.032000000000000000e+05
1.587000000000000000e+05
2.810000000000000000e+04
3.668000000000000000e+05
1.465000000000000000e+05
1.093000000000000000e+05
1.290000000000000000e+04
7.450000000000000000e+04
7.100000000000000000e+03
4.600000000000000000e+03
0.000000000000000000e+00
2.847000000000000000e+05
8.530000000000000000e+04
6.200000000000000000e+04
4.500000000000000000e+03
4.160000000000000000e+04
1.700000000000000000e+03
7.000000000000000000e+02
0.000000000000000000e+00
2.430000000000000000e+04
4.000000000000000000e+02
4.000000000000000000e+02
0.000000000000000000e+00
1.000000000000000000e+02
0.000000000000000000e+00
0.000000000000000000e+00
0.000000000000000000e+00
2.031000000000000000e+05
4.520000000000000000e+04
3.150000000000000000e+04
9.000000000000000000e+02
1.550000000000000000e+04
7.000000000000000000e+02
5.000000000000000000e+02
0.000000000000000000e+00
9.900000000000000000e+03
4.000000000000000000e+02
1.000000000000000000e+02
0.000000000000000000e+00
0.000000000000000000e+00
0.000000000000000000e+00
0.000000000000000000e+00
0.000000000000000000e+00
5.700000000000000000e+03
0.000000000000000000e+00
0.000000000000000000e+00
0.000000000000000000e+00
1.000000000000000000e+02
0.000000000000000000e+00
0.000000000000000000e+00
0.000000000000000000e+00
1.000000000000000000e+02
0.000000000000000000e+00
0.000000000000000000e+00
0.000000000000000000e+00
0.000000000000000000e+00
0.000000000000000000e+00
0.000000000000000000e+00
0.000000000000000000e+00
1.262000000000000000e+05
1.670000000000000000e+04
1.170000000000000000e+04
3.000000000000000000e+02
4.400000000000000000e+03
0.000000000000000000e+00
0.000000000000000000e+00
0.000000000000000000e+00
3.700000000000000000e+03
0.000000000000000000e+00
0.000000000000000000e+00
0.000000000000000000e+00
0.000000000000000000e+00
0.000000000000000000e+00
0.000000000000000000e+00
0.000000000000000000e+00
1.900000000000000000e+03
0.000000000000000000e+00
0.000000000000000000e+00
0.000000000000000000e+00
0.000000000000000000e+00
0.000000000000000000e+00
0.000000000000000000e+00
0.000000000000000000e+00
0.000000000000000000e+00
0.000000000000000000e+00
0.000000000000000000e+00
0.000000000000000000e+00
0.000000000000000000e+00
0.000000000000000000e+00
0.000000000000000000e+00
0.000000000000000000e+00
1.100000000000000000e+03
0.000000000000000000e+00
0.000000000000000000e+00
0.000000000000000000e+00
0.000000000000000000e+00
0.000000000000000000e+00
0.000000000000000000e+00
0.000000000000000000e+00
0.000000000000000000e+00
0.000000000000000000e+00
0.000000000000000000e+00
0.000000000000000000e+00
0.000000000000000000e+00
0.000000000000000000e+00
0.000000000000000000e+00
0.000000000000000000e+00
0.000000000000000000e+00
0.000000000000000000e+00
0.000000000000000000e+00
0.000000000000000000e+00
0.000000000000000000e+00
0.000000000000000000e+00
0.000000000000000000e+00
0.000000000000000000e+00
0.000000000000000000e+00
0.000000000000000000e+00
0.000000000000000000e+00
0.000000000000000000e+00
0.000000000000000000e+00
0.000000000000000000e+00
0.000000000000000000e+00
0.000000000000000000e+00
