5.003000000000000000e+05
5.029000000000000000e+05
4.978000000000000000e+05
5.027000000000000000e+05
4.948000000000000000e+05
5.095000000000000000e+05
5.010000000000000000e+05
4.994000000000000000e+05
4.986000000000000000e+05
5.000000000000000000e+05
5.006000000000000000e+05
5.115000000000000000e+05
4.947000000000000000e+05
5.038000000000000000e+05
4.974000000000000000e+05
4.715000000000000000e+05
4.931000000000000000e+05
5.052000000000000000e+05
5.067000000000000000e+05
4.915000000000000000e+05
4.975000000000000000e+05
4.999000000000000000e+05
4.975000000000000000e+05
4.557000000000000000e+05
4.973000000000000000e+05
4.981000000000000000e+05
4.922000000000000000e+05
4.416000000000000000e+05
4.917000000000000000e+05
4.124000000000000000e+05
3.974000000000000000e+05
1.925000000000000000e+05
4.991000000000000000e+05
5.036000000000000000e+05
4.954000000000000000e+05
4.898000000000000000e+05
5.014000000000000000e+05
4.949000000000000000e+05
4.941000000000000000e+05
4.175000000000000000e+05
4.911000000000000000e+05
5.023000000000000000e+05
4.910000000000000000e+05
4.013000000000000000e+05
4.834000000000000000e+05
3.603000000000000000e+05
3.279000000000000000e+05
1.266000000000000000e+05
5.010000000000000000e+05
4.917000000000000000e+05
4.804000000000000000e+05
3.461000000000000000e+05
4.587000000000000000e+05
2.996000000000000000e+05
2.672000000000000000e+05
7.660000000000000000e+04
4.338000000000000000e+05
2.403000000000000000e+05
2.077000000000000000e+05
4.340000000000000000e+04
1.564000000000000000e+05
2.380000000000000000e+04
1.460000000000000000e+04
2.000000000000000000e+02
4.912000000000000000e+05
4.987000000000000000e+05
4.943000000000000000e+05
4.967000000000000000e+05
5.061000000000000000e+05
4.870000000000000000e+05
4.767000000000000000e+05
3.555000000000000000e+05
5.004000000000000000e+05
4.829000000000000000e+05
4.717000000000000000e+05
3.208000000000000000e+05
4.527000000000000000e+05
2.720000000000000000e+05
2.273000000000000000e+05
6.130000000000000000e+04
4.915000000000000000e+05
4.467000000000000000e+05
4.320000000000000000e+05
2.440000000000000000e+05
4.001000000000000000e+05
1.960000000000000000e+05
1.520000000000000000e+05
2.440000000000000000e+04
3.547000000000000000e+05
1.418000000000000000e+05
1.082000000000000000e+05
1.000000000000000000e+04
7.110000000000000000e+04
6.300000000000000000e+03
2.700000000000000000e+03
1.000000000000000000e+02
4.947000000000000000e+05
3.975000000000000000e+05
3.710000000000000000e+05
1.666000000000000000e+05
3.187000000000000000e+05
1.075000000000000000e+05
8.010000000000000000e+04
7.700000000000000000e+03
2.717000000000000000e+05
7.760000000000000000e+04
5.040000000000000000e+04
3.600000000000000000e+03
3.210000000000000000e+04
1.500000000000000000e+03
5.000000000000000000e+02
0.000000000000000000e+00
1.839000000000000000e+05
3.560000000000000000e+04
2.680000000000000000e+04
1.200000000000000000e+03
1.380000000000000000e+04
3.000000000000000000e+02
1.000000000000000000e+02
0.000000000000000000e+00
8.400000000000000000e+03
0.000000000000000000e+00
1.000000000000000000e+02
0.000000000000000000e+00
0.000000000000000000e+00
0.000000000000000000e+00
0.000000000000000000e+00
0.000000000000000000e+00
5.067000000000000000e+05
5.101000000000000000e+05
4.910000000000000000e+05
4.662000000000000000e+05
5.008000000000000000e+05
4.435000000000000000e+05
4.333000000000000000e+05
2.455000000000000000e+05
5.037000000000000000e+05
4.181000000000000000e+05
4.013000000000000000e+05
1.919000000000000000e+05
3.661000000000000000e+05
1.481000000000000000e+05
1.085000000000000000e+05
1.310000000000000000e+04
4.931000000000000000e+05
3.701000000000000000e+05
3.361000000000000000e+05
1.233000000000000000e+05
2.864000000000000000e+05
8.760000000000000000e+04
6.140000000000000000e+04
4.700000000000000000e+03
2.238000000000000000e+05
5.200000000000000000e+04
3.410000000000000000e+04
1.000000000000000000e+03
2.060000000000000000e+04
6.000000000000000000e+02
0.000000000000000000e+00
0.000000000000000000e+00
4.555000000000000000e+05
2.832000000000000000e+05
2.474000000000000000e+05
6.590000000000000000e+04
1.954000000000000000e+05
4.010000000000000000e+04
2.340000000000000000e+04
1.100000000000000000e+03
1.358000000000000000e+05
2.040000000000000000e+04
1.290000000000000000e+04
2.000000000000000000e+02
7.000000000000000000e+03
1.000000000000000000e+02
0.000000000000000000e+00
0.000000000000000000e+00
9.220000000000000000e+04
9.100000000000000000e+03
4.700000000000000000e+03
1.000000000000000000e+02
2.400000000000000000e+03
0.000000000000000000e+00
0.000000000000000000e+00
0.000000000000000000e+00
1.800000000000000000e+03
0.000000000000000000e+00
0.000000000000000000e+00
0.000000000000000000e+00
0.000000000000000000e+00
0.000000000000000000e+00
0.000000000000000000e+00
0.000000000000000000e+00
4.037000000000000000e+05
1.879000000000000000e+05
1.446000000000000000e+05
2.270000000000000000e+04
1.090000000000000000e+05
1.160000000000000000e+04
7.100000000000000000e+03
2.000000000000000000e+02
7.560000000000000000e+04
7.000000000000000000e+03
3.100000000000000000e+03
0.000000000000000000e+00
1.700000000000000000e+03
0.000000000000000000e+00
0.000000000000000000e+00
0.000000000000000000e+00
4.010000000000000000e+04
1.600000000000000000e+03
1.200000000000000000e+03
0.000000000000000000e+00
6.000000000000000000e+02
0.000000000000000000e+00
0.000000000000000000e+00
0.000000000000000000e+00
3.000000000000000000e+02
0.000000000000000000e+00
0.000000000000000000e+00
0.000000000000000000e+00
0.000000000000000000e+00
0.000000000000000000e+00
0.000000000000000000e+00
0.000000000000000000e+00
2.220000000000000000e+04
7.000000000000000000e+02
3.000000000000000000e+02
0.000000000000000000e+00
1.000000000000000000e+02
0.000000000000000000e+00
0.000000000000000000e+00
0.000000000000000000e+00
2.000000000000000000e+02
0.000000000000000000e+00
0.000000000000000000e+00
0.000000000000000000e+00
0.000000000000000000e+00
0.000000000000000000e+00
0.000000000000000000e+00
0.000000000000000000e+00
1.000000000000000000e+02
0.000000000000000000e+00
0.000000000000000000e+00
0.000000000000000000e+00
0.000000000000000000e+00
0.000000000000000000e+00
0.000000000000000000e+00
0.000000000000000000e+00
0.000000000000000000e+00
0.000000000000000000e+00
0.000000000000000000e+00
0.000000000000000000e+00
0.000000000000000000e+00
0.000000000000000000e+00
0.000000000000000000e+00
0.000000000000000000e+00
