4.924000000000000000e+05
5.029000000000000000e+05
5.015000000000000000e+05
4.982000000000000000e+05
4.984000000000000000e+05
5.056000000000000000e+05
5.037000000000000000e+05
5.057000000000000000e+05
5.075000000000000000e+05
4.876000000000000000e+05
4.958000000000000000e+05
5.053000000000000000e+05
4.991000000000000000e+05
5.009000000000000000e+05
4.940000000000000000e+05
4.880000000000000000e+05
4.891000000000000000e+05
4.992000000000000000e+05
5.022000000000000000e+05
4.969000000000000000e+05
5.108000000000000000e+05
5.021000000000000000e+05
4.956000000000000000e+05
4.877000000000000000e+05
5.017000000000000000e+05
4.969000000000000000e+05
5.086000000000000000e+05
4.820000000000000000e+05
5.052000000000000000e+05
4.696000000000000000e+05
4.588000000000000000e+05
3.071000000000000000e+05
4.959000000000000000e+05
5.026000000000000000e+05
4.952000000000000000e+05
4.914000000000000000e+05
4.968000000000000000e+05
4.993000000000000000e+05
4.956000000000000000e+05
4.700000000000000000e+05
4.979000000000000000e+05
4.967000000000000000e+05
4.933000000000000000e+05
4.649000000000000000e+05
4.980000000000000000e+05
4.463000000000000000e+05
4.272000000000000000e+05
2.427000000000000000e+05
4.941000000000000000e+05
4.950000000000000000e+05
4.977000000000000000e+05
4.400000000000000000e+05
4.842000000000000000e+05
4.103000000000000000e+05
3.893000000000000000e+05
1.820000000000000000e+05
4.877000000000000000e+05
3.720000000000000000e+05
3.461000000000000000e+05
1.281000000000000000e+05
2.963000000000000000e+05
9.240000000000000000e+04
6.760000000000000000e+04
5.400000000000000000e+03
5.093000000000000000e+05
5.020000000000000000e+05
5.018000000000000000e+05
4.985000000000000000e+05
4.917000000000000000e+05
4.988000000000000000e+05
4.895000000000000000e+05
4.403000000000000000e+05
5.029000000000000000e+05
4.982000000000000000e+05
4.987000000000000000e+05
4.219000000000000000e+05
4.920000000000000000e+05
3.944000000000000000e+05
3.612000000000000000e+05
1.582000000000000000e+05
5.002000000000000000e+05
4.880000000000000000e+05
4.866000000000000000e+05
3.720000000000000000e+05
4.806000000000000000e+05
3.363000000000000000e+05
3.022000000000000000e+05
9.890000000000000000e+04
4.535000000000000000e+05
2.794000000000000000e+05
2.438000000000000000e+05
6.120000000000000000e+04
1.880000000000000000e+05
3.540000000000000000e+04
2.380000000000000000e+04
7.000000000000000000e+02
4.975000000000000000e+05
4.791000000000000000e+05
4.589000000000000000e+05
3.053000000000000000e+05
4.397000000000000000e+05
2.437000000000000000e+05
2.040000000000000000e+05
4.220000000000000000e+04
4.075000000000000000e+05
1.952000000000000000e+05
1.462000000000000000e+05
2.620000000000000000e+04
1.072000000000000000e+05
1.300000000000000000e+04
7.600000000000000000e+03
0.000000000000000000e+00
3.274000000000000000e+05
1.224000000000000000e+05
8.900000000000000000e+04
9.800000000000000000e+03
5.670000000000000000e+04
3.000000000000000000e+03
2.300000000000000000e+03
0.000000000000000000e+00
3.600000000000000000e+04
1.600000000000000000e+03
9.000000000000000000e+02
0.000000000000000000e+00
6.000000000000000000e+02
0.000000000000000000e+00
0.000000000000000000e+00
0.000000000000000000e+00
5.076000000000000000e+05
5.051000000000000000e+05
5.055000000000000000e+05
4.936000000000000000e+05
5.057000000000000000e+05
4.768000000000000000e+05
4.803000000000000000e+05
3.695000000000000000e+05
4.973000000000000000e+05
4.711000000000000000e+05
4.802000000000000000e+05
3.271000000000000000e+05
4.549000000000000000e+05
2.781000000000000000e+05
2.445000000000000000e+05
6.250000000000000000e+04
4.997000000000000000e+05
4.523000000000000000e+05
4.438000000000000000e+05
2.561000000000000000e+05
4.104000000000000000e+05
2.056000000000000000e+05
1.700000000000000000e+05
3.050000000000000000e+04
3.729000000000000000e+05
1.522000000000000000e+05
1.150000000000000000e+05
1.290000000000000000e+04
8.130000000000000000e+04
6.400000000000000000e+03
4.300000000000000000e+03
1.000000000000000000e+02
4.977000000000000000e+05
4.129000000000000000e+05
3.844000000000000000e+05
1.743000000000000000e+05
3.491000000000000000e+05
1.272000000000000000e+05
9.630000000000000000e+04
1.100000000000000000e+04
2.709000000000000000e+05
8.220000000000000000e+04
6.060000000000000000e+04
4.400000000000000000e+03
3.650000000000000000e+04
1.400000000000000000e+03
7.000000000000000000e+02
0.000000000000000000e+00
2.035000000000000000e+05
4.460000000000000000e+04
2.950000000000000000e+04
1.300000000000000000e+03
1.550000000000000000e+04
5.000000000000000000e+02
3.000000000000000000e+02
0.000000000000000000e+00
9.200000000000000000e+03
2.000000000000000000e+02
0.000000000000000000e+00
0.000000000000000000e+00
0.000000000000000000e+00
0.000000000000000000e+00
0.000000000000000000e+00
0.000000000000000000e+00
4.744000000000000000e+05
3.296000000000000000e+05
2.879000000000000000e+05
8.520000000000000000e+04
2.345000000000000000e+05
5.700000000000000000e+04
3.800000000000000000e+04
1.800000000000000000e+03
1.729000000000000000e+05
3.520000000000000000e+04
2.090000000000000000e+04
7.000000000000000000e+02
1.140000000000000000e+04
1.000000000000000000e+02
3.000000000000000000e+02
0.000000000000000000e+00
1.146000000000000000e+05
1.270000000000000000e+04
8.500000000000000000e+03
0.000000000000000000e+00
4.600000000000000000e+03
0.000000000000000000e+00
0.000000000000000000e+00
0.000000000000000000e+00
2.600000000000000000e+03
0.000000000000000000e+00
0.000000000000000000e+00
0.000000000000000000e+00
0.000000000000000000e+00
0.000000000000000000e+00
0.000000000000000000e+00
0.000000000000000000e+00
6.890000000000000000e+04
5.500000000000000000e+03
2.600000000000000000e+03
0.000000000000000000e+00
1.300000000000000000e+03
0.000000000000000000e+00
0.000000000000000000e+00
0.000000000000000000e+00
1.100000000000000000e+03
0.000000000000000000e+00
0.000000000000000000e+00
0.000000000000000000e+00
0.000000000000000000e+00
0.000000000000000000e+00
0.000000000000000000e+00
0.000000000000000000e+00
7.000000000000000000e+02
0.000000000000000000e+00
0.000000000000000000e+00
0.000000000000000000e+00
0.000000000000000000e+00
0.000000000000000000e+00
0.000000000000000000e+00
0.000000000000000000e+00
0.000000000000000000e+00
0.000000000000000000e+00
0.000000000000000000e+00
0.000000000000000000e+00
0.000000000000000000e+00
0.000000000000000000e+00
0.000000000000000000e+00
0.000000000000000000e+00
