5.230000000000000000e+04
5.050000000000000000e+04
4.940000000000000000e+04
4.880000000000000000e+04
4.940000000000000000e+04
4.790000000000000000e+04
5.200000000000000000e+04
5.040000000000000000e+04
4.870000000000000000e+04
5.160000000000000000e+04
4.850000000000000000e+04
4.650000000000000000e+04
5.080000000000000000e+04
5.040000000000000000e+04
4.960000000000000000e+04
4.770000000000000000e+04
5.150000000000000000e+04
5.170000000000000000e+04
4.830000000000000000e+04
5.040000000000000000e+04
5.020000000000000000e+04
4.840000000000000000e+04
5.340000000000000000e+04
4.870000000000000000e+04
5.030000000000000000e+04
5.250000000000000000e+04
5.030000000000000000e+04
5.100000000000000000e+04
5.050000000000000000e+04
5.050000000000000000e+04
5.140000000000000000e+04
4.830000000000000000e+04
4.790000000000000000e+04
5.140000000000000000e+04
5.330000000000000000e+04
5.120000000000000000e+04
5.320000000000000000e+04
4.930000000000000000e+04
5.030000000000000000e+04
5.120000000000000000e+04
5.040000000000000000e+04
5.030000000000000000e+04
4.980000000000000000e+04
4.910000000000000000e+04
5.040000000000000000e+04
4.910000000000000000e+04
4.730000000000000000e+04
4.900000000000000000e+04
4.920000000000000000e+04
4.740000000000000000e+04
5.080000000000000000e+04
4.830000000000000000e+04
5.030000000000000000e+04
5.000000000000000000e+04
4.850000000000000000e+04
4.820000000000000000e+04
5.070000000000000000e+04
4.700000000000000000e+04
5.100000000000000000e+04
4.510000000000000000e+04
5.280000000000000000e+04
4.220000000000000000e+04
4.180000000000000000e+04
2.290000000000000000e+04
5.050000000000000000e+04
5.150000000000000000e+04
4.810000000000000000e+04
5.050000000000000000e+04
4.890000000000000000e+04
5.020000000000000000e+04
4.960000000000000000e+04
4.750000000000000000e+04
4.990000000000000000e+04
4.800000000000000000e+04
4.870000000000000000e+04
5.150000000000000000e+04
5.070000000000000000e+04
4.870000000000000000e+04
4.870000000000000000e+04
4.390000000000000000e+04
4.870000000000000000e+04
4.980000000000000000e+04
4.800000000000000000e+04
4.920000000000000000e+04
5.020000000000000000e+04
4.950000000000000000e+04
5.010000000000000000e+04
4.620000000000000000e+04
5.120000000000000000e+04
5.070000000000000000e+04
4.960000000000000000e+04
4.090000000000000000e+04
4.740000000000000000e+04
3.900000000000000000e+04
3.500000000000000000e+04
1.570000000000000000e+04
4.790000000000000000e+04
5.060000000000000000e+04
5.310000000000000000e+04
5.010000000000000000e+04
4.880000000000000000e+04
4.950000000000000000e+04
5.170000000000000000e+04
3.940000000000000000e+04
4.950000000000000000e+04
5.180000000000000000e+04
4.800000000000000000e+04
3.760000000000000000e+04
4.800000000000000000e+04
3.270000000000000000e+04
3.060000000000000000e+04
1.000000000000000000e+04
4.970000000000000000e+04
4.820000000000000000e+04
4.570000000000000000e+04
3.060000000000000000e+04
4.680000000000000000e+04
2.550000000000000000e+04
2.290000000000000000e+04
5.000000000000000000e+03
3.950000000000000000e+04
2.020000000000000000e+04
1.620000000000000000e+04
3.000000000000000000e+03
1.040000000000000000e+04
9.000000000000000000e+02
9.000000000000000000e+02
0.000000000000000000e+00
4.770000000000000000e+04
5.090000000000000000e+04
5.150000000000000000e+04
5.330000000000000000e+04
5.140000000000000000e+04
4.860000000000000000e+04
4.980000000000000000e+04
5.490000000000000000e+04
4.930000000000000000e+04
5.090000000000000000e+04
4.810000000000000000e+04
4.980000000000000000e+04
5.150000000000000000e+04
4.860000000000000000e+04
4.620000000000000000e+04
4.040000000000000000e+04
4.970000000000000000e+04
4.960000000000000000e+04
4.980000000000000000e+04
4.860000000000000000e+04
5.080000000000000000e+04
4.860000000000000000e+04
5.180000000000000000e+04
3.890000000000000000e+04
5.050000000000000000e+04
4.770000000000000000e+04
4.810000000000000000e+04
3.580000000000000000e+04
4.800000000000000000e+04
3.170000000000000000e+04
2.670000000000000000e+04
7.200000000000000000e+03
5.060000000000000000e+04
4.990000000000000000e+04
5.050000000000000000e+04
4.610000000000000000e+04
5.110000000000000000e+04
4.570000000000000000e+04
4.830000000000000000e+04
2.960000000000000000e+04
5.300000000000000000e+04
4.620000000000000000e+04
4.210000000000000000e+04
2.750000000000000000e+04
4.170000000000000000e+04
2.190000000000000000e+04
1.690000000000000000e+04
3.300000000000000000e+03
4.700000000000000000e+04
4.180000000000000000e+04
4.020000000000000000e+04
2.100000000000000000e+04
3.370000000000000000e+04
1.330000000000000000e+04
1.020000000000000000e+04
1.100000000000000000e+03
3.090000000000000000e+04
9.600000000000000000e+03
6.500000000000000000e+03
5.000000000000000000e+02
4.600000000000000000e+03
2.000000000000000000e+02
2.000000000000000000e+02
0.000000000000000000e+00
4.980000000000000000e+04
4.990000000000000000e+04
4.950000000000000000e+04
4.520000000000000000e+04
5.080000000000000000e+04
4.470000000000000000e+04
4.490000000000000000e+04
1.960000000000000000e+04
4.620000000000000000e+04
4.020000000000000000e+04
3.740000000000000000e+04
1.710000000000000000e+04
3.420000000000000000e+04
1.130000000000000000e+04
1.010000000000000000e+04
7.000000000000000000e+02
4.790000000000000000e+04
3.580000000000000000e+04
3.180000000000000000e+04
1.220000000000000000e+04
2.360000000000000000e+04
6.100000000000000000e+03
4.500000000000000000e+03
5.000000000000000000e+02
1.930000000000000000e+04
4.000000000000000000e+03
2.100000000000000000e+03
1.000000000000000000e+02
1.000000000000000000e+03
0.000000000000000000e+00
0.000000000000000000e+00
0.000000000000000000e+00
4.390000000000000000e+04
2.510000000000000000e+04
2.150000000000000000e+04
4.100000000000000000e+03
1.540000000000000000e+04
2.600000000000000000e+03
1.800000000000000000e+03
0.000000000000000000e+00
1.060000000000000000e+04
1.300000000000000000e+03
7.000000000000000000e+02
0.000000000000000000e+00
0.000000000000000000e+00
0.000000000000000000e+00
0.000000000000000000e+00
0.000000000000000000e+00
7.200000000000000000e+03
7.000000000000000000e+02
2.000000000000000000e+02
0.000000000000000000e+00
2.000000000000000000e+02
0.000000000000000000e+00
0.000000000000000000e+00
0.000000000000000000e+00
3.000000000000000000e+02
0.000000000000000000e+00
0.000000000000000000e+00
0.000000000000000000e+00
0.000000000000000000e+00
0.000000000000000000e+00
0.000000000000000000e+00
0.000000000000000000e+00
4.960000000000000000e+04
5.060000000000000000e+04
5.110000000000000000e+04
4.810000000000000000e+04
4.770000000000000000e+04
5.130000000000000000e+04
5.260000000000000000e+04
4.710000000000000000e+04
4.920000000000000000e+04
5.030000000000000000e+04
4.870000000000000000e+04
4.710000000000000000e+04
4.990000000000000000e+04
4.920000000000000000e+04
4.700000000000000000e+04
3.190000000000000000e+04
4.950000000000000000e+04
4.930000000000000000e+04
5.170000000000000000e+04
4.480000000000000000e+04
4.720000000000000000e+04
4.650000000000000000e+04
4.360000000000000000e+04
2.610000000000000000e+04
5.070000000000000000e+04
4.250000000000000000e+04
4.210000000000000000e+04
1.820000000000000000e+04
3.770000000000000000e+04
1.620000000000000000e+04
1.140000000000000000e+04
1.600000000000000000e+03
5.230000000000000000e+04
4.920000000000000000e+04
5.160000000000000000e+04
4.400000000000000000e+04
5.170000000000000000e+04
4.030000000000000000e+04
3.940000000000000000e+04
1.680000000000000000e+04
4.790000000000000000e+04
3.350000000000000000e+04
3.340000000000000000e+04
1.140000000000000000e+04
2.730000000000000000e+04
7.700000000000000000e+03
5.500000000000000000e+03
3.000000000000000000e+02
4.590000000000000000e+04
3.010000000000000000e+04
2.420000000000000000e+04
6.900000000000000000e+03
2.020000000000000000e+04
3.200000000000000000e+03
2.600000000000000000e+03
0.000000000000000000e+00
1.450000000000000000e+04
1.900000000000000000e+03
1.400000000000000000e+03
0.000000000000000000e+00
5.000000000000000000e+02
0.000000000000000000e+00
0.000000000000000000e+00
0.000000000000000000e+00
5.040000000000000000e+04
4.910000000000000000e+04
5.060000000000000000e+04
3.700000000000000000e+04
4.550000000000000000e+04
3.040000000000000000e+04
2.630000000000000000e+04
7.400000000000000000e+03
4.600000000000000000e+04
2.410000000000000000e+04
2.300000000000000000e+04
6.100000000000000000e+03
1.580000000000000000e+04
2.700000000000000000e+03
1.400000000000000000e+03
0.000000000000000000e+00
3.870000000000000000e+04
1.800000000000000000e+04
1.590000000000000000e+04
2.600000000000000000e+03
8.900000000000000000e+03
9.000000000000000000e+02
7.000000000000000000e+02
0.000000000000000000e+00
6.400000000000000000e+03
4.000000000000000000e+02
3.000000000000000000e+02
0.000000000000000000e+00
1.000000000000000000e+02
0.000000000000000000e+00
0.000000000000000000e+00
0.000000000000000000e+00
3.230000000000000000e+04
9.300000000000000000e+03
9.300000000000000000e+03
8.000000000000000000e+02
5.100000000000000000e+03
4.000000000000000000e+02
2.000000000000000000e+02
0.000000000000000000e+00
3.100000000000000000e+03
2.000000000000000000e+02
1.000000000000000000e+02
0.000000000000000000e+00
0.000000000000000000e+00
0.000000000000000000e+00
0.000000000000000000e+00
0.000000000000000000e+00
2.100000000000000000e+03
0.000000000000000000e+00
0.000000000000000000e+00
0.000000000000000000e+00
0.000000000000000000e+00
0.000000000000000000e+00
0.000000000000000000e+00
0.000000000000000000e+00
0.000000000000000000e+00
0.000000000000000000e+00
0.000000000000000000e+00
0.000000000000000000e+00
0.000000000000000000e+00
0.000000000000000000e+00
0.000000000000000000e+00
0.000000000000000000e+00
4.860000000000000000e+04
4.510000000000000000e+04
4.840000000000000000e+04
2.500000000000000000e+04
4.250000000000000000e+04
2.070000000000000000e+04
1.810000000000000000e+04
3.000000000000000000e+03
3.490000000000000000e+04
1.420000000000000000e+04
1.140000000000000000e+04
1.200000000000000000e+03
7.700000000000000000e+03
1.100000000000000000e+03
2.000000000000000000e+02
0.000000000000000000e+00
2.700000000000000000e+04
8.800000000000000000e+03
6.700000000000000000e+03
2.000000000000000000e+02
4.500000000000000000e+03
2.000000000000000000e+02
0.000000000000000000e+00
0.000000000000000000e+00
1.800000000000000000e+03
1.000000000000000000e+02
1.000000000000000000e+02
0.000000000000000000e+00
0.000000000000000000e+00
0.000000000000000000e+00
0.000000000000000000e+00
0.000000000000000000e+00
2.310000000000000000e+04
4.200000000000000000e+03
2.900000000000000000e+03
0.000000000000000000e+00
1.300000000000000000e+03
0.000000000000000000e+00
0.000000000000000000e+00
0.000000000000000000e+00
1.000000000000000000e+03
0.000000000000000000e+00
0.000000000000000000e+00
0.000000000000000000e+00
0.000000000000000000e+00
0.000000000000000000e+00
0.000000000000000000e+00
0.000000000000000000e+00
1.000000000000000000e+02
0.000000000000000000e+00
0.000000000000000000e+00
0.000000000000000000e+00
0.000000000000000000e+00
0.000000000000000000e+00
0.000000000000000000e+00
0.000000000000000000e+00
0.000000000000000000e+00
0.000000000000000000e+00
0.000000000000000000e+00
0.000000000000000000e+00
0.000000000000000000e+00
0.000000000000000000e+00
0.000000000000000000e+00
0.000000000000000000e+00
1.280000000000000000e+04
1.800000000000000000e+03
1.100000000000000000e+03
0.000000000000000000e+00
7.000000000000000000e+02
0.000000000000000000e+00
0.000000000000000000e+00
0.000000000000000000e+00
5.000000000000000000e+02
0.000000000000000000e+00
0.000000000000000000e+00
0.000000000000000000e+00
0.000000000000000000e+00
0.000000000000000000e+00
0.000000000000000000e+00
0.000000000000000000e+00
0.000000000000000000e+00
0.000000000000000000e+00
0.000000000000000000e+00
0.000000000000000000e+00
0.000000000000000000e+00
0.000000000000000000e+00
0.000000000000000000e+00
0.000000000000000000e+00
0.000000000000000000e+00
0.000000000000000000e+00
0.000000000000000000e+00
0.000000000000000000e+00
0.000000000000000000e+00
0.000000000000000000e+00
0.000000000000000000e+00
0.000000000000000000e+00
3.000000000000000000e+02
0.000000000000000000e+00
0.000000000000000000e+00
0.000000000000000000e+00
0.000000000000000000e+00
0.000000000000000000e+00
0.000000000000000000e+00
0.000000000000000000e+00
0.000000000000000000e+00
0.000000000000000000e+00
0.000000000000000000e+00
0.000000000000000000e+00
0.000000000000000000e+00
0.000000000000000000e+00
0.000000000000000000e+00
0.000000000000000000e+00
0.000000000000000000e+00
0.000000000000000000e+00
0.000000000000000000e+00
0.000000000000000000e+00
0.000000000000000000e+00
0.000000000000000000e+00
0.000000000000000000e+00
0.000000000000000000e+00
0.000000000000000000e+00
0.000000000000000000e+00
0.000000000000000000e+00
0.000000000000000000e+00
0.000000000000000000e+00
0.000000000000000000e+00
0.000000000000000000e+00
0.000000000000000000e+00
