5.070000000000000000e+04
5.070000000000000000e+04
5.100000000000000000e+04
5.020000000000000000e+04
4.810000000000000000e+04
4.840000000000000000e+04
5.160000000000000000e+04
5.010000000000000000e+04
4.930000000000000000e+04
4.810000000000000000e+04
5.000000000000000000e+04
4.950000000000000000e+04
5.290000000000000000e+04
4.970000000000000000e+04
4.770000000000000000e+04
4.940000000000000000e+04
5.080000000000000000e+04
4.940000000000000000e+04
4.680000000000000000e+04
5.210000000000000000e+04
5.140000000000000000e+04
4.820000000000000000e+04
4.970000000000000000e+04
4.920000000000000000e+04
5.040000000000000000e+04
4.830000000000000000e+04
4.750000000000000000e+04
5.020000000000000000e+04
4.960000000000000000e+04
5.220000000000000000e+04
4.790000000000000000e+04
4.680000000000000000e+04
4.690000000000000000e+04
4.940000000000000000e+04
4.940000000000000000e+04
5.010000000000000000e+04
5.070000000000000000e+04
5.240000000000000000e+04
4.950000000000000000e+04
4.720000000000000000e+04
4.980000000000000000e+04
5.240000000000000000e+04
5.180000000000000000e+04
4.980000000000000000e+04
5.260000000000000000e+04
5.000000000000000000e+04
4.920000000000000000e+04
4.570000000000000000e+04
5.060000000000000000e+04
4.830000000000000000e+04
4.900000000000000000e+04
5.140000000000000000e+04
4.840000000000000000e+04
5.120000000000000000e+04
4.940000000000000000e+04
4.430000000000000000e+04
5.020000000000000000e+04
5.270000000000000000e+04
4.850000000000000000e+04
4.180000000000000000e+04
4.660000000000000000e+04
4.090000000000000000e+04
3.710000000000000000e+04
1.530000000000000000e+04
5.370000000000000000e+04
5.090000000000000000e+04
4.770000000000000000e+04
5.140000000000000000e+04
5.140000000000000000e+04
4.920000000000000000e+04
4.760000000000000000e+04
5.310000000000000000e+04
4.630000000000000000e+04
4.920000000000000000e+04
5.150000000000000000e+04
4.800000000000000000e+04
4.890000000000000000e+04
5.270000000000000000e+04
5.000000000000000000e+04
4.080000000000000000e+04
4.980000000000000000e+04
4.750000000000000000e+04
4.950000000000000000e+04
4.870000000000000000e+04
4.620000000000000000e+04
4.980000000000000000e+04
4.950000000000000000e+04
3.830000000000000000e+04
5.180000000000000000e+04
4.860000000000000000e+04
4.860000000000000000e+04
3.850000000000000000e+04
4.700000000000000000e+04
3.450000000000000000e+04
2.870000000000000000e+04
9.500000000000000000e+03
5.180000000000000000e+04
5.170000000000000000e+04
5.090000000000000000e+04
4.710000000000000000e+04
4.810000000000000000e+04
4.930000000000000000e+04
4.670000000000000000e+04
3.410000000000000000e+04
5.120000000000000000e+04
4.760000000000000000e+04
4.750000000000000000e+04
2.860000000000000000e+04
4.250000000000000000e+04
2.520000000000000000e+04
2.050000000000000000e+04
4.200000000000000000e+03
4.990000000000000000e+04
4.490000000000000000e+04
4.420000000000000000e+04
2.410000000000000000e+04
4.030000000000000000e+04
1.520000000000000000e+04
1.260000000000000000e+04
1.600000000000000000e+03
3.360000000000000000e+04
1.240000000000000000e+04
1.130000000000000000e+04
1.200000000000000000e+03
6.200000000000000000e+03
3.000000000000000000e+02
4.000000000000000000e+02
0.000000000000000000e+00
5.110000000000000000e+04
4.960000000000000000e+04
4.980000000000000000e+04
5.090000000000000000e+04
4.800000000000000000e+04
5.260000000000000000e+04
4.700000000000000000e+04
5.100000000000000000e+04
5.170000000000000000e+04
5.170000000000000000e+04
5.380000000000000000e+04
5.210000000000000000e+04
5.070000000000000000e+04
4.760000000000000000e+04
4.970000000000000000e+04
3.640000000000000000e+04
5.110000000000000000e+04
5.150000000000000000e+04
5.140000000000000000e+04
4.530000000000000000e+04
4.830000000000000000e+04
4.990000000000000000e+04
4.570000000000000000e+04
2.810000000000000000e+04
4.870000000000000000e+04
4.940000000000000000e+04
4.250000000000000000e+04
2.700000000000000000e+04
4.110000000000000000e+04
2.030000000000000000e+04
1.880000000000000000e+04
3.600000000000000000e+03
5.200000000000000000e+04
5.130000000000000000e+04
4.960000000000000000e+04
4.440000000000000000e+04
5.060000000000000000e+04
4.530000000000000000e+04
4.340000000000000000e+04
2.390000000000000000e+04
4.990000000000000000e+04
3.910000000000000000e+04
3.700000000000000000e+04
1.900000000000000000e+04
3.370000000000000000e+04
1.240000000000000000e+04
1.270000000000000000e+04
1.400000000000000000e+03
5.110000000000000000e+04
3.420000000000000000e+04
3.190000000000000000e+04
1.000000000000000000e+04
2.830000000000000000e+04
7.400000000000000000e+03
5.200000000000000000e+03
3.000000000000000000e+02
2.400000000000000000e+04
4.900000000000000000e+03
2.600000000000000000e+03
0.000000000000000000e+00
2.200000000000000000e+03
0.000000000000000000e+00
0.000000000000000000e+00
0.000000000000000000e+00
4.750000000000000000e+04
4.870000000000000000e+04
5.120000000000000000e+04
3.870000000000000000e+04
4.820000000000000000e+04
3.960000000000000000e+04
3.360000000000000000e+04
1.450000000000000000e+04
4.610000000000000000e+04
3.280000000000000000e+04
2.930000000000000000e+04
8.400000000000000000e+03
2.240000000000000000e+04
6.100000000000000000e+03
3.800000000000000000e+03
3.000000000000000000e+02
4.260000000000000000e+04
2.670000000000000000e+04
1.990000000000000000e+04
4.900000000000000000e+03
1.560000000000000000e+04
2.600000000000000000e+03
2.300000000000000000e+03
2.000000000000000000e+02
1.260000000000000000e+04
1.600000000000000000e+03
6.000000000000000000e+02
0.000000000000000000e+00
6.000000000000000000e+02
0.000000000000000000e+00
0.000000000000000000e+00
0.000000000000000000e+00
3.750000000000000000e+04
1.680000000000000000e+04
1.300000000000000000e+04
1.900000000000000000e+03
1.040000000000000000e+04
8.000000000000000000e+02
4.000000000000000000e+02
0.000000000000000000e+00
4.800000000000000000e+03
5.000000000000000000e+02
0.000000000000000000e+00
0.000000000000000000e+00
1.000000000000000000e+02
0.000000000000000000e+00
0.000000000000000000e+00
0.000000000000000000e+00
4.600000000000000000e+03
0.000000000000000000e+00
1.000000000000000000e+02
0.000000000000000000e+00
1.000000000000000000e+02
0.000000000000000000e+00
0.000000000000000000e+00
0.000000000000000000e+00
0.000000000000000000e+00
0.000000000000000000e+00
0.000000000000000000e+00
0.000000000000000000e+00
0.000000000000000000e+00
0.000000000000000000e+00
0.000000000000000000e+00
0.000000000000000000e+00
4.830000000000000000e+04
4.830000000000000000e+04
4.590000000000000000e+04
4.990000000000000000e+04
4.950000000000000000e+04
5.080000000000000000e+04
5.120000000000000000e+04
4.810000000000000000e+04
5.030000000000000000e+04
4.870000000000000000e+04
4.820000000000000000e+04
4.690000000000000000e+04
4.950000000000000000e+04
4.680000000000000000e+04
4.210000000000000000e+04
2.260000000000000000e+04
4.920000000000000000e+04
5.330000000000000000e+04
5.040000000000000000e+04
4.310000000000000000e+04
4.750000000000000000e+04
3.940000000000000000e+04
3.740000000000000000e+04
1.620000000000000000e+04
4.600000000000000000e+04
3.670000000000000000e+04
3.450000000000000000e+04
1.240000000000000000e+04
3.000000000000000000e+04
9.100000000000000000e+03
5.800000000000000000e+03
1.000000000000000000e+02
4.780000000000000000e+04
4.900000000000000000e+04
4.780000000000000000e+04
3.490000000000000000e+04
4.460000000000000000e+04
3.490000000000000000e+04
3.020000000000000000e+04
1.060000000000000000e+04
4.470000000000000000e+04
2.890000000000000000e+04
2.400000000000000000e+04
6.000000000000000000e+03
1.910000000000000000e+04
3.600000000000000000e+03
2.900000000000000000e+03
1.000000000000000000e+02
3.800000000000000000e+04
1.840000000000000000e+04
1.500000000000000000e+04
2.800000000000000000e+03
1.160000000000000000e+04
1.900000000000000000e+03
9.000000000000000000e+02
0.000000000000000000e+00
7.000000000000000000e+03
5.000000000000000000e+02
1.000000000000000000e+02
0.000000000000000000e+00
0.000000000000000000e+00
0.000000000000000000e+00
0.000000000000000000e+00
0.000000000000000000e+00
4.990000000000000000e+04
4.580000000000000000e+04
4.590000000000000000e+04
2.790000000000000000e+04
4.020000000000000000e+04
2.340000000000000000e+04
1.960000000000000000e+04
3.600000000000000000e+03
3.920000000000000000e+04
1.590000000000000000e+04
1.410000000000000000e+04
2.000000000000000000e+03
8.100000000000000000e+03
3.000000000000000000e+02
8.000000000000000000e+02
0.000000000000000000e+00
2.940000000000000000e+04
1.110000000000000000e+04
8.100000000000000000e+03
6.000000000000000000e+02
5.100000000000000000e+03
3.000000000000000000e+02
1.000000000000000000e+02
0.000000000000000000e+00
3.600000000000000000e+03
1.000000000000000000e+02
1.000000000000000000e+02
0.000000000000000000e+00
1.000000000000000000e+02
0.000000000000000000e+00
0.000000000000000000e+00
0.000000000000000000e+00
2.230000000000000000e+04
5.600000000000000000e+03
3.800000000000000000e+03
4.000000000000000000e+02
2.000000000000000000e+03
0.000000000000000000e+00
0.000000000000000000e+00
0.000000000000000000e+00
1.300000000000000000e+03
0.000000000000000000e+00
0.000000000000000000e+00
0.000000000000000000e+00
0.000000000000000000e+00
0.000000000000000000e+00
0.000000000000000000e+00
0.000000000000000000e+00
7.000000000000000000e+02
0.000000000000000000e+00
0.000000000000000000e+00
0.000000000000000000e+00
0.000000000000000000e+00
0.000000000000000000e+00
0.000000000000000000e+00
0.000000000000000000e+00
0.000000000000000000e+00
0.000000000000000000e+00
0.000000000000000000e+00
0.000000000000000000e+00
0.000000000000000000e+00
0.000000000000000000e+00
0.000000000000000000e+00
0.000000000000000000e+00
4.990000000000000000e+04
4.110000000000000000e+04
3.790000000000000000e+04
1.610000000000000000e+04
3.280000000000000000e+04
1.190000000000000000e+04
7.200000000000000000e+03
7.000000000000000000e+02
2.690000000000000000e+04
8.700000000000000000e+03
4.500000000000000000e+03
4.000000000000000000e+02
4.200000000000000000e+03
4.000000000000000000e+02
1.000000000000000000e+02
0.000000000000000000e+00
1.910000000000000000e+04
4.000000000000000000e+03
2.000000000000000000e+03
0.000000000000000000e+00
2.200000000000000000e+03
1.000000000000000000e+02
1.000000000000000000e+02
0.000000000000000000e+00
1.400000000000000000e+03
0.000000000000000000e+00
0.000000000000000000e+00
0.000000000000000000e+00
1.000000000000000000e+02
0.000000000000000000e+00
0.000000000000000000e+00
0.000000000000000000e+00
1.290000000000000000e+04
1.600000000000000000e+03
8.000000000000000000e+02
0.000000000000000000e+00
1.000000000000000000e+03
1.000000000000000000e+02
0.000000000000000000e+00
0.000000000000000000e+00
2.000000000000000000e+02
0.000000000000000000e+00
0.000000000000000000e+00
0.000000000000000000e+00
0.000000000000000000e+00
0.000000000000000000e+00
0.000000000000000000e+00
0.000000000000000000e+00
1.000000000000000000e+02
0.000000000000000000e+00
0.000000000000000000e+00
0.000000000000000000e+00
0.000000000000000000e+00
0.000000000000000000e+00
0.000000000000000000e+00
0.000000000000000000e+00
0.000000000000000000e+00
0.000000000000000000e+00
0.000000000000000000e+00
0.000000000000000000e+00
0.000000000000000000e+00
0.000000000000000000e+00
0.000000000000000000e+00
0.000000000000000000e+00
6.800000000000000000e+03
4.000000000000000000e+02
5.000000000000000000e+02
0.000000000000000000e+00
0.000000000000000000e+00
0.000000000000000000e+00
0.000000000000000000e+00
0.000000000000000000e+00
4.000000000000000000e+02
0.000000000000000000e+00
0.000000000000000000e+00
0.000000000000000000e+00
0.000000000000000000e+00
0.000000000000000000e+00
0.000000000000000000e+00
0.000000000000000000e+00
1.000000000000000000e+02
0.000000000000000000e+00
0.000000000000000000e+00
0.000000000000000000e+00
0.000000000000000000e+00
0.000000000000000000e+00
0.000000000000000000e+00
0.000000000000000000e+00
0.000000000000000000e+00
0.000000000000000000e+00
0.000000000000000000e+00
0.000000000000000000e+00
0.000000000000000000e+00
0.000000000000000000e+00
0.000000000000000000e+00
0.000000000000000000e+00
0.000000000000000000e+00
0.000000000000000000e+00
0.000000000000000000e+00
0.000000000000000000e+00
0.000000000000000000e+00
0.000000000000000000e+00
0.000000000000000000e+00
0.000000000000000000e+00
0.000000000000000000e+00
0.000000000000000000e+00
0.000000000000000000e+00
0.000000000000000000e+00
0.000000000000000000e+00
0.000000000000000000e+00
0.000000000000000000e+00
0.000000000000000000e+00
0.000000000000000000e+00
0.000000000000000000e+00
0.000000000000000000e+00
0.000000000000000000e+00
0.000000000000000000e+00
0.000000000000000000e+00
0.000000000000000000e+00
0.000000000000000000e+00
0.000000000000000000e+00
0.000000000000000000e+00
0.000000000000000000e+00
0.000000000000000000e+00
0.000000000000000000e+00
0.000000000000000000e+00
0.000000000000000000e+00
0.000000000000000000e+00
5.070000000000000000e+04
5.090000000000000000e+04
5.170000000000000000e+04
4.790000000000000000e+04
4.870000000000000000e+04
4.810000000000000000e+04
5.020000000000000000e+04
3.800000000000000000e+04
4.870000000000000000e+04
4.910000000000000000e+04
5.070000000000000000e+04
3.440000000000000000e+04
4.570000000000000000e+04
3.200000000000000000e+04
2.870000000000000000e+04
7.600000000000000000e+03
5.070000000000000000e+04
4.500000000000000000e+04
4.580000000000000000e+04
2.880000000000000000e+04
4.590000000000000000e+04
2.510000000000000000e+04
2.140000000000000000e+04
5.200000000000000000e+03
3.850000000000000000e+04
1.940000000000000000e+04
1.470000000000000000e+04
2.300000000000000000e+03
8.900000000000000000e+03
1.000000000000000000e+03
4.000000000000000000e+02
0.000000000000000000e+00
4.820000000000000000e+04
4.380000000000000000e+04
3.960000000000000000e+04
2.060000000000000000e+04
3.780000000000000000e+04
1.560000000000000000e+04
1.170000000000000000e+04
2.000000000000000000e+03
3.040000000000000000e+04
1.190000000000000000e+04
8.800000000000000000e+03
5.000000000000000000e+02
3.800000000000000000e+03
2.000000000000000000e+02
2.000000000000000000e+02
0.000000000000000000e+00
2.360000000000000000e+04
5.200000000000000000e+03
2.500000000000000000e+03
3.000000000000000000e+02
2.000000000000000000e+03
0.000000000000000000e+00
0.000000000000000000e+00
0.000000000000000000e+00
1.300000000000000000e+03
2.000000000000000000e+02
0.000000000000000000e+00
0.000000000000000000e+00
0.000000000000000000e+00
0.000000000000000000e+00
0.000000000000000000e+00
0.000000000000000000e+00
4.890000000000000000e+04
3.730000000000000000e+04
3.260000000000000000e+04
1.180000000000000000e+04
2.570000000000000000e+04
8.400000000000000000e+03
5.900000000000000000e+03
2.000000000000000000e+02
2.210000000000000000e+04
5.100000000000000000e+03
2.400000000000000000e+03
1.000000000000000000e+02
1.300000000000000000e+03
0.000000000000000000e+00
0.000000000000000000e+00
0.000000000000000000e+00
1.470000000000000000e+04
2.300000000000000000e+03
2.000000000000000000e+03
0.000000000000000000e+00
7.000000000000000000e+02
1.000000000000000000e+02
0.000000000000000000e+00
0.000000000000000000e+00
6.000000000000000000e+02
0.000000000000000000e+00
0.000000000000000000e+00
0.000000000000000000e+00
0.000000000000000000e+00
0.000000000000000000e+00
0.000000000000000000e+00
0.000000000000000000e+00
8.000000000000000000e+03
1.700000000000000000e+03
6.000000000000000000e+02
0.000000000000000000e+00
1.000000000000000000e+02
0.000000000000000000e+00
0.000000000000000000e+00
0.000000000000000000e+00
2.000000000000000000e+02
0.000000000000000000e+00
0.000000000000000000e+00
0.000000000000000000e+00
0.000000000000000000e+00
0.000000000000000000e+00
0.000000000000000000e+00
0.000000000000000000e+00
0.000000000000000000e+00
0.000000000000000000e+00
0.000000000000000000e+00
0.000000000000000000e+00
0.000000000000000000e+00
0.000000000000000000e+00
0.000000000000000000e+00
0.000000000000000000e+00
0.000000000000000000e+00
0.000000000000000000e+00
0.000000000000000000e+00
0.000000000000000000e+00
0.000000000000000000e+00
0.000000000000000000e+00
0.000000000000000000e+00
0.000000000000000000e+00
4.040000000000000000e+04
2.430000000000000000e+04
2.110000000000000000e+04
4.800000000000000000e+03
1.740000000000000000e+04
3.000000000000000000e+03
2.300000000000000000e+03
3.000000000000000000e+02
9.500000000000000000e+03
7.000000000000000000e+02
1.400000000000000000e+03
0.000000000000000000e+00
8.000000000000000000e+02
0.000000000000000000e+00
0.000000000000000000e+00
0.000000000000000000e+00
6.700000000000000000e+03
5.000000000000000000e+02
1.000000000000000000e+02
0.000000000000000000e+00
2.000000000000000000e+02
0.000000000000000000e+00
0.000000000000000000e+00
0.000000000000000000e+00
2.000000000000000000e+02
0.000000000000000000e+00
0.000000000000000000e+00
0.000000000000000000e+00
0.000000000000000000e+00
0.000000000000000000e+00
0.000000000000000000e+00
0.000000000000000000e+00
3.400000000000000000e+03
2.000000000000000000e+02
1.000000000000000000e+02
0.000000000000000000e+00
0.000000000000000000e+00
0.000000000000000000e+00
0.000000000000000000e+00
0.000000000000000000e+00
1.000000000000000000e+02
0.000000000000000000e+00
0.000000000000000000e+00
0.000000000000000000e+00
0.000000000000000000e+00
0.000000000000000000e+00
0.000000000000000000e+00
0.000000000000000000e+00
0.000000000000000000e+00
0.000000000000000000e+00
0.000000000000000000e+00
0.000000000000000000e+00
0.000000000000000000e+00
0.000000000000000000e+00
0.000000000000000000e+00
0.000000000000000000e+00
0.000000000000000000e+00
0.000000000000000000e+00
0.000000000000000000e+00
0.000000000000000000e+00
0.000000000000000000e+00
0.000000000000000000e+00
0.000000000000000000e+00
0.000000000000000000e+00
2.600000000000000000e+03
1.000000000000000000e+02
0.000000000000000000e+00
0.000000000000000000e+00
0.000000000000000000e+00
0.000000000000000000e+00
0.000000000000000000e+00
0.000000000000000000e+00
0.000000000000000000e+00
0.000000000000000000e+00
0.000000000000000000e+00
0.000000000000000000e+00
0.000000000000000000e+00
0.000000000000000000e+00
0.000000000000000000e+00
0.000000000000000000e+00
0.000000000000000000e+00
0.000000000000000000e+00
0.000000000000000000e+00
0.000000000000000000e+00
0.000000000000000000e+00
0.000000000000000000e+00
0.000000000000000000e+00
0.000000000000000000e+00
0.000000000000000000e+00
0.000000000000000000e+00
0.000000000000000000e+00
0.000000000000000000e+00
0.000000000000000000e+00
0.000000000000000000e+00
0.000000000000000000e+00
0.000000000000000000e+00
0.000000000000000000e+00
0.000000000000000000e+00
0.000000000000000000e+00
0.000000000000000000e+00
0.000000000000000000e+00
0.000000000000000000e+00
0.000000000000000000e+00
0.000000000000000000e+00
0.000000000000000000e+00
0.000000000000000000e+00
0.000000000000000000e+00
0.000000000000000000e+00
0.000000000000000000e+00
0.000000000000000000e+00
0.000000000000000000e+00
0.000000000000000000e+00
0.000000000000000000e+00
0.000000000000000000e+00
0.000000000000000000e+00
0.000000000000000000e+00
0.000000000000000000e+00
0.000000000000000000e+00
0.000000000000000000e+00
0.000000000000000000e+00
0.000000000000000000e+00
0.000000000000000000e+00
0.000000000000000000e+00
0.000000000000000000e+00
0.000000000000000000e+00
0.000000000000000000e+00
0.000000000000000000e+00
0.000000000000000000e+00
3.550000000000000000e+04
1.370000000000000000e+04
9.500000000000000000e+03
1.400000000000000000e+03
7.400000000000000000e+03
4.000000000000000000e+02
4.000000000000000000e+02
0.000000000000000000e+00
4.100000000000000000e+03
4.000000000000000000e+02
1.000000000000000000e+02
0.000000000000000000e+00
1.000000000000000000e+02
0.000000000000000000e+00
0.000000000000000000e+00
0.000000000000000000e+00
2.600000000000000000e+03
1.000000000000000000e+02
0.000000000000000000e+00
0.000000000000000000e+00
0.000000000000000000e+00
0.000000000000000000e+00
0.000000000000000000e+00
0.000000000000000000e+00
0.000000000000000000e+00
0.000000000000000000e+00
0.000000000000000000e+00
0.000000000000000000e+00
0.000000000000000000e+00
0.000000000000000000e+00
0.000000000000000000e+00
0.000000000000000000e+00
1.300000000000000000e+03
0.000000000000000000e+00
0.000000000000000000e+00
0.000000000000000000e+00
0.000000000000000000e+00
0.000000000000000000e+00
0.000000000000000000e+00
0.000000000000000000e+00
1.000000000000000000e+02
0.000000000000000000e+00
0.000000000000000000e+00
0.000000000000000000e+00
0.000000000000000000e+00
0.000000000000000000e+00
0.000000000000000000e+00
0.000000000000000000e+00
0.000000000000000000e+00
0.000000000000000000e+00
0.000000000000000000e+00
0.000000000000000000e+00
0.000000000000000000e+00
0.000000000000000000e+00
0.000000000000000000e+00
0.000000000000000000e+00
0.000000000000000000e+00
0.000000000000000000e+00
0.000000000000000000e+00
0.000000000000000000e+00
0.000000000000000000e+00
0.000000000000000000e+00
0.000000000000000000e+00
0.000000000000000000e+00
7.000000000000000000e+02
0.000000000000000000e+00
0.000000000000000000e+00
0.000000000000000000e+00
0.000000000000000000e+00
0.000000000000000000e+00
0.000000000000000000e+00
0.000000000000000000e+00
0.000000000000000000e+00
0.000000000000000000e+00
0.000000000000000000e+00
0.000000000000000000e+00
0.000000000000000000e+00
0.000000000000000000e+00
0.000000000000000000e+00
0.000000000000000000e+00
0.000000000000000000e+00
0.000000000000000000e+00
0.000000000000000000e+00
0.000000000000000000e+00
0.000000000000000000e+00
0.000000000000000000e+00
0.000000000000000000e+00
0.000000000000000000e+00
0.000000000000000000e+00
0.000000000000000000e+00
0.000000000000000000e+00
0.000000000000000000e+00
0.000000000000000000e+00
0.000000000000000000e+00
0.000000000000000000e+00
0.000000000000000000e+00
0.000000000000000000e+00
0.000000000000000000e+00
0.000000000000000000e+00
0.000000000000000000e+00
0.000000000000000000e+00
0.000000000000000000e+00
0.000000000000000000e+00
0.000000000000000000e+00
0.000000000000000000e+00
0.000000000000000000e+00
0.000000000000000000e+00
0.000000000000000000e+00
0.000000000000000000e+00
0.000000000000000000e+00
0.000000000000000000e+00
0.000000000000000000e+00
0.000000000000000000e+00
0.000000000000000000e+00
0.000000000000000000e+00
0.000000000000000000e+00
0.000000000000000000e+00
0.000000000000000000e+00
0.000000000000000000e+00
0.000000000000000000e+00
0.000000000000000000e+00
0.000000000000000000e+00
0.000000000000000000e+00
0.000000000000000000e+00
0.000000000000000000e+00
0.000000000000000000e+00
0.000000000000000000e+00
0.000000000000000000e+00
2.000000000000000000e+02
0.000000000000000000e+00
0.000000000000000000e+00
0.000000000000000000e+00
0.000000000000000000e+00
0.000000000000000000e+00
0.000000000000000000e+00
0.000000000000000000e+00
0.000000000000000000e+00
0.000000000000000000e+00
0.000000000000000000e+00
0.000000000000000000e+00
0.000000000000000000e+00
0.000000000000000000e+00
0.000000000000000000e+00
0.000000000000000000e+00
0.000000000000000000e+00
0.000000000000000000e+00
0.000000000000000000e+00
0.000000000000000000e+00
0.000000000000000000e+00
0.000000000000000000e+00
0.000000000000000000e+00
0.000000000000000000e+00
0.000000000000000000e+00
0.000000000000000000e+00
0.000000000000000000e+00
0.000000000000000000e+00
0.000000000000000000e+00
0.000000000000000000e+00
0.000000000000000000e+00
0.000000000000000000e+00
0.000000000000000000e+00
0.000000000000000000e+00
0.000000000000000000e+00
0.000000000000000000e+00
0.000000000000000000e+00
0.000000000000000000e+00
0.000000000000000000e+00
0.000000000000000000e+00
0.000000000000000000e+00
0.000000000000000000e+00
0.000000000000000000e+00
0.000000000000000000e+00
0.000000000000000000e+00
0.000000000000000000e+00
0.000000000000000000e+00
0.000000000000000000e+00
0.000000000000000000e+00
0.000000000000000000e+00
0.000000000000000000e+00
0.000000000000000000e+00
0.000000000000000000e+00
0.000000000000000000e+00
0.000000000000000000e+00
0.000000000000000000e+00
0.000000000000000000e+00
0.000000000000000000e+00
0.000000000000000000e+00
0.000000000000000000e+00
0.000000000000000000e+00
0.000000000000000000e+00
0.000000000000000000e+00
0.000000000000000000e+00
0.000000000000000000e+00
0.000000000000000000e+00
0.000000000000000000e+00
0.000000000000000000e+00
0.000000000000000000e+00
0.000000000000000000e+00
0.000000000000000000e+00
0.000000000000000000e+00
0.000000000000000000e+00
0.000000000000000000e+00
0.000000000000000000e+00
0.000000000000000000e+00
0.000000000000000000e+00
0.000000000000000000e+00
0.000000000000000000e+00
0.000000000000000000e+00
0.000000000000000000e+00
0.000000000000000000e+00
0.000000000000000000e+00
0.000000000000000000e+00
0.000000000000000000e+00
0.000000000000000000e+00
0.000000000000000000e+00
0.000000000000000000e+00
0.000000000000000000e+00
0.000000000000000000e+00
0.000000000000000000e+00
0.000000000000000000e+00
0.000000000000000000e+00
0.000000000000000000e+00
0.000000000000000000e+00
0.000000000000000000e+00
0.000000000000000000e+00
0.000000000000000000e+00
0.000000000000000000e+00
0.000000000000000000e+00
0.000000000000000000e+00
0.000000000000000000e+00
0.000000000000000000e+00
0.000000000000000000e+00
0.000000000000000000e+00
0.000000000000000000e+00
0.000000000000000000e+00
0.000000000000000000e+00
0.000000000000000000e+00
0.000000000000000000e+00
0.000000000000000000e+00
0.000000000000000000e+00
0.000000000000000000e+00
0.000000000000000000e+00
0.000000000000000000e+00
0.000000000000000000e+00
0.000000000000000000e+00
0.000000000000000000e+00
0.000000000000000000e+00
0.000000000000000000e+00
0.000000000000000000e+00
0.000000000000000000e+00
0.000000000000000000e+00
0.000000000000000000e+00
0.000000000000000000e+00
0.000000000000000000e+00
0.000000000000000000e+00
0.000000000000000000e+00
