5.005000000000000000e+04
4.997900000000000000e+04
5.011800000000000000e+04
5.021100000000000000e+04
4.992500000000000000e+04
5.040100000000000000e+04
4.998200000000000000e+04
4.983500000000000000e+04
4.997900000000000000e+04
5.025800000000000000e+04
4.982600000000000000e+04
4.987400000000000000e+04
5.010100000000000000e+04
5.006900000000000000e+04
5.003900000000000000e+04
4.812200000000000000e+04
5.019400000000000000e+04
5.024500000000000000e+04
5.007800000000000000e+04
5.006600000000000000e+04
5.009000000000000000e+04
4.999400000000000000e+04
4.997300000000000000e+04
4.719400000000000000e+04
4.983300000000000000e+04
4.967600000000000000e+04
4.974700000000000000e+04
4.597400000000000000e+04
4.963400000000000000e+04
4.436400000000000000e+04
4.304800000000000000e+04
2.408500000000000000e+04
5.006900000000000000e+04
4.994600000000000000e+04
4.994100000000000000e+04
4.999300000000000000e+04
4.973400000000000000e+04
4.991300000000000000e+04
4.980600000000000000e+04
4.511400000000000000e+04
4.988900000000000000e+04
4.965400000000000000e+04
4.957700000000000000e+04
4.312300000000000000e+04
4.912400000000000000e+04
4.060600000000000000e+04
3.834200000000000000e+04
1.780100000000000000e+04
5.029000000000000000e+04
4.934100000000000000e+04
4.928100000000000000e+04
3.924400000000000000e+04
4.853700000000000000e+04
3.587700000000000000e+04
3.260400000000000000e+04
1.173100000000000000e+04
4.654300000000000000e+04
3.026500000000000000e+04
2.649700000000000000e+04
7.318000000000000000e+03
2.121200000000000000e+04
4.750000000000000000e+03
3.107000000000000000e+03
9.600000000000000000e+01
4.998400000000000000e+04
4.978700000000000000e+04
5.014300000000000000e+04
4.975500000000000000e+04
4.999900000000000000e+04
4.972600000000000000e+04
4.892600000000000000e+04
4.007500000000000000e+04
4.980400000000000000e+04
4.876100000000000000e+04
4.864900000000000000e+04
3.678600000000000000e+04
4.729200000000000000e+04
3.292100000000000000e+04
2.940500000000000000e+04
9.548000000000000000e+03
4.981600000000000000e+04
4.750600000000000000e+04
4.667300000000000000e+04
3.095200000000000000e+04
4.460400000000000000e+04
2.610600000000000000e+04
2.193400000000000000e+04
5.099000000000000000e+03
4.083100000000000000e+04
2.003600000000000000e+04
1.617500000000000000e+04
2.678000000000000000e+03
1.149800000000000000e+04
1.400000000000000000e+03
8.090000000000000000e+02
7.000000000000000000e+00
4.972800000000000000e+04
4.390200000000000000e+04
4.192800000000000000e+04
2.185200000000000000e+04
3.792000000000000000e+04
1.715100000000000000e+04
1.331000000000000000e+04
1.865000000000000000e+03
3.252700000000000000e+04
1.156000000000000000e+04
8.514000000000000000e+03
7.820000000000000000e+02
5.605000000000000000e+03
3.530000000000000000e+02
2.150000000000000000e+02
0.000000000000000000e+00
2.501800000000000000e+04
6.464000000000000000e+03
4.493000000000000000e+03
2.730000000000000000e+02
2.779000000000000000e+03
1.060000000000000000e+02
5.500000000000000000e+01
0.000000000000000000e+00
1.572000000000000000e+03
4.100000000000000000e+01
1.800000000000000000e+01
0.000000000000000000e+00
1.200000000000000000e+01
0.000000000000000000e+00
0.000000000000000000e+00
0.000000000000000000e+00
5.010900000000000000e+04
4.990700000000000000e+04
4.994700000000000000e+04
4.844600000000000000e+04
4.974800000000000000e+04
4.700600000000000000e+04
4.615900000000000000e+04
3.051500000000000000e+04
5.008200000000000000e+04
4.555500000000000000e+04
4.377300000000000000e+04
2.554100000000000000e+04
4.132800000000000000e+04
2.059000000000000000e+04
1.670700000000000000e+04
2.868000000000000000e+03
4.927000000000000000e+04
4.143200000000000000e+04
3.902400000000000000e+04
1.834100000000000000e+04
3.503900000000000000e+04
1.345200000000000000e+04
1.018400000000000000e+04
1.101000000000000000e+03
2.858500000000000000e+04
8.767000000000000000e+03
6.040000000000000000e+03
4.460000000000000000e+02
3.880000000000000000e+03
1.600000000000000000e+02
1.070000000000000000e+02
0.000000000000000000e+00
4.793100000000000000e+04
3.445300000000000000e+04
3.094000000000000000e+04
1.053900000000000000e+04
2.588800000000000000e+04
7.044000000000000000e+03
4.787000000000000000e+03
2.600000000000000000e+02
1.923900000000000000e+04
3.935000000000000000e+03
2.482000000000000000e+03
7.300000000000000000e+01
1.513000000000000000e+03
3.800000000000000000e+01
1.500000000000000000e+01
0.000000000000000000e+00
1.302900000000000000e+04
1.952000000000000000e+03
1.127000000000000000e+03
1.700000000000000000e+01
6.570000000000000000e+02
6.000000000000000000e+00
2.000000000000000000e+00
0.000000000000000000e+00
3.570000000000000000e+02
1.000000000000000000e+00
3.000000000000000000e+00
0.000000000000000000e+00
1.000000000000000000e+00
0.000000000000000000e+00
0.000000000000000000e+00
0.000000000000000000e+00
4.379100000000000000e+04
2.455900000000000000e+04
2.021300000000000000e+04
4.453000000000000000e+03
1.543300000000000000e+04
2.510000000000000000e+03
1.612000000000000000e+03
3.600000000000000000e+01
1.071900000000000000e+04
1.284000000000000000e+03
7.240000000000000000e+02
5.000000000000000000e+00
4.140000000000000000e+02
3.000000000000000000e+00
0.000000000000000000e+00
0.000000000000000000e+00
6.534000000000000000e+03
5.190000000000000000e+02
2.890000000000000000e+02
2.000000000000000000e+00
1.730000000000000000e+02
1.000000000000000000e+00
0.000000000000000000e+00
0.000000000000000000e+00
8.400000000000000000e+01
0.000000000000000000e+00
0.000000000000000000e+00
0.000000000000000000e+00
0.000000000000000000e+00
0.000000000000000000e+00
0.000000000000000000e+00
0.000000000000000000e+00
3.710000000000000000e+03
1.720000000000000000e+02
1.000000000000000000e+02
0.000000000000000000e+00
6.400000000000000000e+01
0.000000000000000000e+00
0.000000000000000000e+00
0.000000000000000000e+00
1.700000000000000000e+01
0.000000000000000000e+00
0.000000000000000000e+00
0.000000000000000000e+00
0.000000000000000000e+00
0.000000000000000000e+00
0.000000000000000000e+00
0.000000000000000000e+00
1.500000000000000000e+01
0.000000000000000000e+00
0.000000000000000000e+00
0.000000000000000000e+00
0.000000000000000000e+00
0.000000000000000000e+00
0.000000000000000000e+00
0.000000000000000000e+00
0.000000000000000000e+00
0.000000000000000000e+00
0.000000000000000000e+00
0.000000000000000000e+00
0.000000000000000000e+00
0.000000000000000000e+00
0.000000000000000000e+00
0.000000000000000000e+00
4.991200000000000000e+04
4.969000000000000000e+04
5.008300000000000000e+04
4.302900000000000000e+04
4.929900000000000000e+04
4.022700000000000000e+04
3.790000000000000000e+04
1.663500000000000000e+04
4.841800000000000000e+04
3.562100000000000000e+04
3.255700000000000000e+04
1.156700000000000000e+04
2.739400000000000000e+04
8.060000000000000000e+03
5.492000000000000000e+03
3.440000000000000000e+02
4.599900000000000000e+04
2.905900000000000000e+04
2.475200000000000000e+04
6.502000000000000000e+03
1.945500000000000000e+04
3.993000000000000000e+03
2.527000000000000000e+03
9.000000000000000000e+01
1.394500000000000000e+04
2.065000000000000000e+03
1.219000000000000000e+03
1.900000000000000000e+01
7.140000000000000000e+02
6.000000000000000000e+00
5.000000000000000000e+00
0.000000000000000000e+00
4.047900000000000000e+04
2.005600000000000000e+04
1.590700000000000000e+04
2.764000000000000000e+03
1.177000000000000000e+04
1.488000000000000000e+03
8.590000000000000000e+02
1.000000000000000000e+01
7.526000000000000000e+03
6.700000000000000000e+02
3.980000000000000000e+02
3.000000000000000000e+00
2.260000000000000000e+02
0.000000000000000000e+00
0.000000000000000000e+00
0.000000000000000000e+00
4.626000000000000000e+03
2.770000000000000000e+02
1.410000000000000000e+02
1.000000000000000000e+00
9.200000000000000000e+01
0.000000000000000000e+00
0.000000000000000000e+00
0.000000000000000000e+00
4.100000000000000000e+01
0.000000000000000000e+00
0.000000000000000000e+00
0.000000000000000000e+00
0.000000000000000000e+00
0.000000000000000000e+00
0.000000000000000000e+00
0.000000000000000000e+00
3.257200000000000000e+04
1.147700000000000000e+04
8.575000000000000000e+03
7.800000000000000000e+02
5.723000000000000000e+03
3.910000000000000000e+02
2.080000000000000000e+02
0.000000000000000000e+00
3.481000000000000000e+03
1.600000000000000000e+02
8.400000000000000000e+01
0.000000000000000000e+00
5.600000000000000000e+01
0.000000000000000000e+00
0.000000000000000000e+00
0.000000000000000000e+00
2.065000000000000000e+03
5.400000000000000000e+01
3.100000000000000000e+01
0.000000000000000000e+00
1.400000000000000000e+01
0.000000000000000000e+00
0.000000000000000000e+00
0.000000000000000000e+00
7.000000000000000000e+00
0.000000000000000000e+00
0.000000000000000000e+00
0.000000000000000000e+00
0.000000000000000000e+00
0.000000000000000000e+00
0.000000000000000000e+00
0.000000000000000000e+00
1.100000000000000000e+03
1.900000000000000000e+01
9.000000000000000000e+00
0.000000000000000000e+00
3.000000000000000000e+00
0.000000000000000000e+00
0.000000000000000000e+00
0.000000000000000000e+00
3.000000000000000000e+00
0.000000000000000000e+00
0.000000000000000000e+00
0.000000000000000000e+00
0.000000000000000000e+00
0.000000000000000000e+00
0.000000000000000000e+00
0.000000000000000000e+00
2.000000000000000000e+00
0.000000000000000000e+00
0.000000000000000000e+00
0.000000000000000000e+00
0.000000000000000000e+00
0.000000000000000000e+00
0.000000000000000000e+00
0.000000000000000000e+00
0.000000000000000000e+00
0.000000000000000000e+00
0.000000000000000000e+00
0.000000000000000000e+00
0.000000000000000000e+00
0.000000000000000000e+00
0.000000000000000000e+00
0.000000000000000000e+00
2.257400000000000000e+04
5.448000000000000000e+03
3.741000000000000000e+03
1.780000000000000000e+02
2.402000000000000000e+03
8.200000000000000000e+01
4.300000000000000000e+01
0.000000000000000000e+00
1.382000000000000000e+03
2.000000000000000000e+01
1.400000000000000000e+01
0.000000000000000000e+00
8.000000000000000000e+00
0.000000000000000000e+00
0.000000000000000000e+00
0.000000000000000000e+00
6.980000000000000000e+02
4.000000000000000000e+00
7.000000000000000000e+00
0.000000000000000000e+00
4.000000000000000000e+00
0.000000000000000000e+00
0.000000000000000000e+00
0.000000000000000000e+00
2.000000000000000000e+00
0.000000000000000000e+00
0.000000000000000000e+00
0.000000000000000000e+00
0.000000000000000000e+00
0.000000000000000000e+00
0.000000000000000000e+00
0.000000000000000000e+00
4.120000000000000000e+02
0.000000000000000000e+00
2.000000000000000000e+00
0.000000000000000000e+00
1.000000000000000000e+00
0.000000000000000000e+00
0.000000000000000000e+00
0.000000000000000000e+00
0.000000000000000000e+00
0.000000000000000000e+00
0.000000000000000000e+00
0.000000000000000000e+00
0.000000000000000000e+00
0.000000000000000000e+00
0.000000000000000000e+00
0.000000000000000000e+00
1.000000000000000000e+00
0.000000000000000000e+00
0.000000000000000000e+00
0.000000000000000000e+00
0.000000000000000000e+00
0.000000000000000000e+00
0.000000000000000000e+00
0.000000000000000000e+00
0.000000000000000000e+00
0.000000000000000000e+00
0.000000000000000000e+00
0.000000000000000000e+00
0.000000000000000000e+00
0.000000000000000000e+00
0.000000000000000000e+00
0.000000000000000000e+00
2.160000000000000000e+02
2.000000000000000000e+00
0.000000000000000000e+00
0.000000000000000000e+00
0.000000000000000000e+00
0.000000000000000000e+00
0.000000000000000000e+00
0.000000000000000000e+00
0.000000000000000000e+00
0.000000000000000000e+00
0.000000000000000000e+00
0.000000000000000000e+00
0.000000000000000000e+00
0.000000000000000000e+00
0.000000000000000000e+00
0.000000000000000000e+00
0.000000000000000000e+00
0.000000000000000000e+00
0.000000000000000000e+00
0.000000000000000000e+00
0.000000000000000000e+00
0.000000000000000000e+00
0.000000000000000000e+00
0.000000000000000000e+00
0.000000000000000000e+00
0.000000000000000000e+00
0.000000000000000000e+00
0.000000000000000000e+00
0.000000000000000000e+00
0.000000000000000000e+00
0.000000000000000000e+00
0.000000000000000000e+00
0.000000000000000000e+00
0.000000000000000000e+00
0.000000000000000000e+00
0.000000000000000000e+00
0.000000000000000000e+00
0.000000000000000000e+00
0.000000000000000000e+00
0.000000000000000000e+00
0.000000000000000000e+00
0.000000000000000000e+00
0.000000000000000000e+00
0.000000000000000000e+00
0.000000000000000000e+00
0.000000000000000000e+00
0.000000000000000000e+00
0.000000000000000000e+00
0.000000000000000000e+00
0.000000000000000000e+00
0.000000000000000000e+00
0.000000000000000000e+00
0.000000000000000000e+00
0.000000000000000000e+00
0.000000000000000000e+00
0.000000000000000000e+00
0.000000000000000000e+00
0.000000000000000000e+00
0.000000000000000000e+00
0.000000000000000000e+00
0.000000000000000000e+00
0.000000000000000000e+00
0.000000000000000000e+00
0.000000000000000000e+00
