5.000000000000000000e+04
4.900000000000000000e+04
4.950000000000000000e+04
4.830000000000000000e+04
4.880000000000000000e+04
4.960000000000000000e+04
5.010000000000000000e+04
5.020000000000000000e+04
5.050000000000000000e+04
5.010000000000000000e+04
5.040000000000000000e+04
4.680000000000000000e+04
4.780000000000000000e+04
4.800000000000000000e+04
4.500000000000000000e+04
3.310000000000000000e+04
5.290000000000000000e+04
4.920000000000000000e+04
4.870000000000000000e+04
4.550000000000000000e+04
4.800000000000000000e+04
4.640000000000000000e+04
4.540000000000000000e+04
2.720000000000000000e+04
4.720000000000000000e+04
4.090000000000000000e+04
4.070000000000000000e+04
2.110000000000000000e+04
3.810000000000000000e+04
1.630000000000000000e+04
1.190000000000000000e+04
1.400000000000000000e+03
4.750000000000000000e+04
4.990000000000000000e+04
5.150000000000000000e+04
4.280000000000000000e+04
4.820000000000000000e+04
4.240000000000000000e+04
3.710000000000000000e+04
1.940000000000000000e+04
4.640000000000000000e+04
3.770000000000000000e+04
3.250000000000000000e+04
1.160000000000000000e+04
2.910000000000000000e+04
8.200000000000000000e+03
6.100000000000000000e+03
3.000000000000000000e+02
4.550000000000000000e+04
2.970000000000000000e+04
2.430000000000000000e+04
6.900000000000000000e+03
1.980000000000000000e+04
4.200000000000000000e+03
2.700000000000000000e+03
0.000000000000000000e+00
1.370000000000000000e+04
2.100000000000000000e+03
9.000000000000000000e+02
0.000000000000000000e+00
7.000000000000000000e+02
0.000000000000000000e+00
0.000000000000000000e+00
0.000000000000000000e+00
5.190000000000000000e+04
4.960000000000000000e+04
4.860000000000000000e+04
3.810000000000000000e+04
4.660000000000000000e+04
3.120000000000000000e+04
2.830000000000000000e+04
9.100000000000000000e+03
4.070000000000000000e+04
2.700000000000000000e+04
2.300000000000000000e+04
4.600000000000000000e+03
1.830000000000000000e+04
3.000000000000000000e+03
2.400000000000000000e+03
0.000000000000000000e+00
4.120000000000000000e+04
1.910000000000000000e+04
1.450000000000000000e+04
1.300000000000000000e+03
1.050000000000000000e+04
1.400000000000000000e+03
7.000000000000000000e+02
0.000000000000000000e+00
6.000000000000000000e+03
3.000000000000000000e+02
3.000000000000000000e+02
0.000000000000000000e+00
4.000000000000000000e+02
0.000000000000000000e+00
0.000000000000000000e+00
0.000000000000000000e+00
3.160000000000000000e+04
1.070000000000000000e+04
9.200000000000000000e+03
8.000000000000000000e+02
4.700000000000000000e+03
2.000000000000000000e+02
0.000000000000000000e+00
0.000000000000000000e+00
2.900000000000000000e+03
2.000000000000000000e+02
1.000000000000000000e+02
0.000000000000000000e+00
0.000000000000000000e+00
0.000000000000000000e+00
0.000000000000000000e+00
0.000000000000000000e+00
1.400000000000000000e+03
1.000000000000000000e+02
0.000000000000000000e+00
0.000000000000000000e+00
0.000000000000000000e+00
0.000000000000000000e+00
0.000000000000000000e+00
0.000000000000000000e+00
0.000000000000000000e+00
0.000000000000000000e+00
0.000000000000000000e+00
0.000000000000000000e+00
0.000000000000000000e+00
0.000000000000000000e+00
0.000000000000000000e+00
0.000000000000000000e+00
5.270000000000000000e+04
4.640000000000000000e+04
4.410000000000000000e+04
2.680000000000000000e+04
4.150000000000000000e+04
2.130000000000000000e+04
1.740000000000000000e+04
2.400000000000000000e+03
3.560000000000000000e+04
1.240000000000000000e+04
1.170000000000000000e+04
1.300000000000000000e+03
7.700000000000000000e+03
5.000000000000000000e+02
6.000000000000000000e+02
0.000000000000000000e+00
2.970000000000000000e+04
7.500000000000000000e+03
6.000000000000000000e+03
1.000000000000000000e+02
3.400000000000000000e+03
0.000000000000000000e+00
1.000000000000000000e+02
0.000000000000000000e+00
2.000000000000000000e+03
0.000000000000000000e+00
0.000000000000000000e+00
0.000000000000000000e+00
0.000000000000000000e+00
0.000000000000000000e+00
0.000000000000000000e+00
0.000000000000000000e+00
2.180000000000000000e+04
5.000000000000000000e+03
3.200000000000000000e+03
2.000000000000000000e+02
2.800000000000000000e+03
1.000000000000000000e+02
0.000000000000000000e+00
0.000000000000000000e+00
6.000000000000000000e+02
0.000000000000000000e+00
0.000000000000000000e+00
0.000000000000000000e+00
0.000000000000000000e+00
0.000000000000000000e+00
0.000000000000000000e+00
0.000000000000000000e+00
3.000000000000000000e+02
0.000000000000000000e+00
0.000000000000000000e+00
0.000000000000000000e+00
0.000000000000000000e+00
0.000000000000000000e+00
0.000000000000000000e+00
0.000000000000000000e+00
0.000000000000000000e+00
0.000000000000000000e+00
0.000000000000000000e+00
0.000000000000000000e+00
0.000000000000000000e+00
0.000000000000000000e+00
0.000000000000000000e+00
0.000000000000000000e+00
1.140000000000000000e+04
1.800000000000000000e+03
6.000000000000000000e+02
0.000000000000000000e+00
5.000000000000000000e+02
0.000000000000000000e+00
0.000000000000000000e+00
0.000000000000000000e+00
4.000000000000000000e+02
0.000000000000000000e+00
0.000000000000000000e+00
0.000000000000000000e+00
0.000000000000000000e+00
0.000000000000000000e+00
0.000000000000000000e+00
0.000000000000000000e+00
1.000000000000000000e+02
0.000000000000000000e+00
0.000000000000000000e+00
0.000000000000000000e+00
0.000000000000000000e+00
0.000000000000000000e+00
0.000000000000000000e+00
0.000000000000000000e+00
0.000000000000000000e+00
0.000000000000000000e+00
0.000000000000000000e+00
0.000000000000000000e+00
0.000000000000000000e+00
0.000000000000000000e+00
0.000000000000000000e+00
0.000000000000000000e+00
0.000000000000000000e+00
0.000000000000000000e+00
0.000000000000000000e+00
0.000000000000000000e+00
0.000000000000000000e+00
0.000000000000000000e+00
0.000000000000000000e+00
0.000000000000000000e+00
0.000000000000000000e+00
0.000000000000000000e+00
0.000000000000000000e+00
0.000000000000000000e+00
0.000000000000000000e+00
0.000000000000000000e+00
0.000000000000000000e+00
0.000000000000000000e+00
0.000000000000000000e+00
0.000000000000000000e+00
0.000000000000000000e+00
0.000000000000000000e+00
0.000000000000000000e+00
0.000000000000000000e+00
0.000000000000000000e+00
0.000000000000000000e+00
0.000000000000000000e+00
0.000000000000000000e+00
0.000000000000000000e+00
0.000000000000000000e+00
0.000000000000000000e+00
0.000000000000000000e+00
0.000000000000000000e+00
0.000000000000000000e+00
