5.260000000000000000e+04
5.180000000000000000e+04
5.130000000000000000e+04
5.290000000000000000e+04
5.140000000000000000e+04
4.930000000000000000e+04
4.840000000000000000e+04
5.210000000000000000e+04
4.880000000000000000e+04
4.810000000000000000e+04
5.140000000000000000e+04
4.810000000000000000e+04
5.260000000000000000e+04
5.070000000000000000e+04
4.950000000000000000e+04
5.080000000000000000e+04
5.170000000000000000e+04
4.970000000000000000e+04
4.930000000000000000e+04
4.980000000000000000e+04
4.730000000000000000e+04
5.150000000000000000e+04
4.770000000000000000e+04
4.810000000000000000e+04
4.690000000000000000e+04
4.930000000000000000e+04
4.850000000000000000e+04
4.920000000000000000e+04
4.800000000000000000e+04
5.290000000000000000e+04
4.970000000000000000e+04
5.000000000000000000e+04
5.030000000000000000e+04
4.880000000000000000e+04
4.830000000000000000e+04
4.980000000000000000e+04
5.180000000000000000e+04
4.830000000000000000e+04
5.130000000000000000e+04
4.930000000000000000e+04
5.370000000000000000e+04
4.750000000000000000e+04
5.330000000000000000e+04
5.170000000000000000e+04
5.130000000000000000e+04
5.110000000000000000e+04
5.430000000000000000e+04
5.090000000000000000e+04
5.230000000000000000e+04
4.790000000000000000e+04
4.990000000000000000e+04
4.750000000000000000e+04
5.050000000000000000e+04
5.240000000000000000e+04
5.100000000000000000e+04
5.240000000000000000e+04
4.960000000000000000e+04
4.950000000000000000e+04
4.810000000000000000e+04
4.940000000000000000e+04
5.170000000000000000e+04
5.020000000000000000e+04
4.870000000000000000e+04
4.610000000000000000e+04
5.090000000000000000e+04
4.940000000000000000e+04
5.070000000000000000e+04
4.790000000000000000e+04
5.070000000000000000e+04
4.870000000000000000e+04
4.800000000000000000e+04
4.870000000000000000e+04
5.000000000000000000e+04
4.770000000000000000e+04
5.080000000000000000e+04
5.190000000000000000e+04
5.120000000000000000e+04
5.030000000000000000e+04
4.840000000000000000e+04
5.080000000000000000e+04
4.990000000000000000e+04
5.180000000000000000e+04
4.830000000000000000e+04
5.050000000000000000e+04
4.920000000000000000e+04
4.870000000000000000e+04
5.440000000000000000e+04
5.060000000000000000e+04
4.780000000000000000e+04
4.920000000000000000e+04
5.090000000000000000e+04
4.910000000000000000e+04
4.980000000000000000e+04
5.040000000000000000e+04
4.830000000000000000e+04
4.740000000000000000e+04
5.090000000000000000e+04
4.930000000000000000e+04
5.120000000000000000e+04
5.030000000000000000e+04
4.910000000000000000e+04
4.930000000000000000e+04
4.870000000000000000e+04
4.890000000000000000e+04
5.000000000000000000e+04
5.060000000000000000e+04
5.210000000000000000e+04
5.170000000000000000e+04
4.820000000000000000e+04
5.010000000000000000e+04
5.010000000000000000e+04
4.600000000000000000e+04
4.870000000000000000e+04
4.920000000000000000e+04
4.860000000000000000e+04
5.140000000000000000e+04
5.140000000000000000e+04
4.930000000000000000e+04
5.140000000000000000e+04
4.080000000000000000e+04
4.950000000000000000e+04
4.830000000000000000e+04
5.040000000000000000e+04
4.160000000000000000e+04
5.010000000000000000e+04
3.690000000000000000e+04
3.340000000000000000e+04
1.140000000000000000e+04
5.000000000000000000e+04
4.900000000000000000e+04
4.960000000000000000e+04
5.090000000000000000e+04
5.400000000000000000e+04
5.030000000000000000e+04
5.000000000000000000e+04
4.800000000000000000e+04
5.090000000000000000e+04
4.920000000000000000e+04
5.260000000000000000e+04
4.920000000000000000e+04
5.230000000000000000e+04
4.860000000000000000e+04
4.920000000000000000e+04
5.040000000000000000e+04
4.870000000000000000e+04
4.970000000000000000e+04
4.830000000000000000e+04
5.100000000000000000e+04
5.060000000000000000e+04
5.320000000000000000e+04
4.840000000000000000e+04
4.620000000000000000e+04
5.270000000000000000e+04
4.920000000000000000e+04
5.030000000000000000e+04
5.160000000000000000e+04
5.030000000000000000e+04
4.900000000000000000e+04
5.280000000000000000e+04
4.660000000000000000e+04
5.070000000000000000e+04
5.070000000000000000e+04
4.910000000000000000e+04
4.880000000000000000e+04
5.180000000000000000e+04
5.100000000000000000e+04
4.930000000000000000e+04
5.130000000000000000e+04
5.250000000000000000e+04
5.000000000000000000e+04
4.970000000000000000e+04
4.810000000000000000e+04
4.830000000000000000e+04
5.010000000000000000e+04
5.040000000000000000e+04
4.250000000000000000e+04
5.070000000000000000e+04
5.160000000000000000e+04
4.730000000000000000e+04
4.910000000000000000e+04
4.960000000000000000e+04
5.010000000000000000e+04
4.880000000000000000e+04
3.870000000000000000e+04
4.920000000000000000e+04
4.960000000000000000e+04
4.750000000000000000e+04
3.580000000000000000e+04
4.400000000000000000e+04
3.200000000000000000e+04
2.640000000000000000e+04
7.300000000000000000e+03
4.990000000000000000e+04
4.880000000000000000e+04
5.160000000000000000e+04
4.890000000000000000e+04
4.970000000000000000e+04
5.050000000000000000e+04
4.960000000000000000e+04
4.790000000000000000e+04
5.070000000000000000e+04
5.320000000000000000e+04
4.940000000000000000e+04
4.710000000000000000e+04
5.130000000000000000e+04
4.930000000000000000e+04
4.830000000000000000e+04
3.650000000000000000e+04
4.910000000000000000e+04
4.980000000000000000e+04
5.130000000000000000e+04
5.330000000000000000e+04
5.140000000000000000e+04
4.640000000000000000e+04
4.370000000000000000e+04
3.210000000000000000e+04
5.100000000000000000e+04
4.670000000000000000e+04
4.570000000000000000e+04
2.710000000000000000e+04
3.970000000000000000e+04
2.140000000000000000e+04
1.680000000000000000e+04
3.900000000000000000e+03
5.170000000000000000e+04
5.200000000000000000e+04
5.060000000000000000e+04
4.700000000000000000e+04
5.250000000000000000e+04
4.340000000000000000e+04
4.220000000000000000e+04
2.870000000000000000e+04
4.890000000000000000e+04
4.170000000000000000e+04
4.050000000000000000e+04
1.860000000000000000e+04
3.780000000000000000e+04
1.500000000000000000e+04
1.050000000000000000e+04
1.100000000000000000e+03
4.980000000000000000e+04
3.530000000000000000e+04
3.270000000000000000e+04
1.360000000000000000e+04
2.720000000000000000e+04
7.700000000000000000e+03
5.200000000000000000e+03
5.000000000000000000e+02
2.000000000000000000e+04
3.900000000000000000e+03
2.400000000000000000e+03
1.000000000000000000e+02
2.500000000000000000e+03
1.000000000000000000e+02
0.000000000000000000e+00
0.000000000000000000e+00
5.130000000000000000e+04
4.900000000000000000e+04
4.920000000000000000e+04
4.870000000000000000e+04
5.100000000000000000e+04
4.970000000000000000e+04
4.790000000000000000e+04
5.140000000000000000e+04
5.080000000000000000e+04
5.160000000000000000e+04
4.970000000000000000e+04
5.200000000000000000e+04
5.250000000000000000e+04
5.080000000000000000e+04
5.020000000000000000e+04
5.020000000000000000e+04
5.200000000000000000e+04
5.040000000000000000e+04
4.790000000000000000e+04
5.040000000000000000e+04
4.750000000000000000e+04
4.690000000000000000e+04
5.170000000000000000e+04
4.870000000000000000e+04
4.890000000000000000e+04
4.880000000000000000e+04
4.960000000000000000e+04
4.790000000000000000e+04
5.020000000000000000e+04
4.890000000000000000e+04
4.950000000000000000e+04
3.610000000000000000e+04
4.890000000000000000e+04
5.210000000000000000e+04
5.090000000000000000e+04
5.220000000000000000e+04
4.970000000000000000e+04
4.930000000000000000e+04
5.150000000000000000e+04
4.930000000000000000e+04
5.000000000000000000e+04
4.980000000000000000e+04
5.350000000000000000e+04
5.090000000000000000e+04
4.810000000000000000e+04
4.800000000000000000e+04
4.970000000000000000e+04
3.120000000000000000e+04
4.940000000000000000e+04
5.130000000000000000e+04
4.920000000000000000e+04
4.580000000000000000e+04
5.000000000000000000e+04
4.550000000000000000e+04
4.260000000000000000e+04
2.680000000000000000e+04
5.170000000000000000e+04
4.640000000000000000e+04
4.120000000000000000e+04
2.020000000000000000e+04
3.710000000000000000e+04
1.860000000000000000e+04
1.290000000000000000e+04
1.500000000000000000e+03
4.740000000000000000e+04
4.840000000000000000e+04
4.650000000000000000e+04
4.770000000000000000e+04
5.070000000000000000e+04
5.190000000000000000e+04
5.120000000000000000e+04
4.600000000000000000e+04
4.750000000000000000e+04
5.160000000000000000e+04
4.850000000000000000e+04
4.470000000000000000e+04
5.010000000000000000e+04
4.380000000000000000e+04
4.300000000000000000e+04
2.340000000000000000e+04
4.870000000000000000e+04
5.120000000000000000e+04
4.910000000000000000e+04
4.250000000000000000e+04
5.020000000000000000e+04
4.320000000000000000e+04
4.090000000000000000e+04
1.780000000000000000e+04
4.920000000000000000e+04
3.710000000000000000e+04
3.100000000000000000e+04
1.280000000000000000e+04
3.030000000000000000e+04
9.400000000000000000e+03
7.600000000000000000e+03
5.000000000000000000e+02
4.940000000000000000e+04
5.130000000000000000e+04
4.910000000000000000e+04
4.090000000000000000e+04
4.670000000000000000e+04
3.410000000000000000e+04
3.330000000000000000e+04
8.300000000000000000e+03
4.350000000000000000e+04
2.850000000000000000e+04
2.670000000000000000e+04
7.000000000000000000e+03
2.040000000000000000e+04
4.500000000000000000e+03
2.700000000000000000e+03
2.000000000000000000e+02
4.230000000000000000e+04
2.170000000000000000e+04
1.930000000000000000e+04
3.800000000000000000e+03
1.300000000000000000e+04
2.900000000000000000e+03
1.200000000000000000e+03
1.000000000000000000e+02
9.800000000000000000e+03
1.100000000000000000e+03
4.000000000000000000e+02
0.000000000000000000e+00
2.000000000000000000e+02
0.000000000000000000e+00
0.000000000000000000e+00
0.000000000000000000e+00
5.360000000000000000e+04
5.120000000000000000e+04
5.010000000000000000e+04
4.710000000000000000e+04
5.080000000000000000e+04
5.370000000000000000e+04
4.880000000000000000e+04
4.140000000000000000e+04
5.030000000000000000e+04
4.860000000000000000e+04
4.710000000000000000e+04
3.620000000000000000e+04
5.000000000000000000e+04
3.600000000000000000e+04
3.550000000000000000e+04
1.360000000000000000e+04
5.080000000000000000e+04
4.580000000000000000e+04
4.700000000000000000e+04
3.480000000000000000e+04
4.730000000000000000e+04
3.250000000000000000e+04
2.880000000000000000e+04
1.030000000000000000e+04
4.390000000000000000e+04
2.600000000000000000e+04
2.140000000000000000e+04
5.000000000000000000e+03
1.580000000000000000e+04
4.300000000000000000e+03
2.000000000000000000e+03
0.000000000000000000e+00
5.310000000000000000e+04
4.790000000000000000e+04
4.440000000000000000e+04
2.890000000000000000e+04
4.020000000000000000e+04
2.220000000000000000e+04
1.680000000000000000e+04
3.400000000000000000e+03
3.730000000000000000e+04
1.670000000000000000e+04
1.200000000000000000e+04
1.600000000000000000e+03
7.800000000000000000e+03
3.000000000000000000e+02
6.000000000000000000e+02
0.000000000000000000e+00
3.120000000000000000e+04
9.500000000000000000e+03
7.400000000000000000e+03
9.000000000000000000e+02
4.300000000000000000e+03
2.000000000000000000e+02
1.000000000000000000e+02
0.000000000000000000e+00
3.400000000000000000e+03
0.000000000000000000e+00
0.000000000000000000e+00
0.000000000000000000e+00
0.000000000000000000e+00
0.000000000000000000e+00
0.000000000000000000e+00
0.000000000000000000e+00
4.920000000000000000e+04
4.260000000000000000e+04
3.760000000000000000e+04
1.780000000000000000e+04
3.440000000000000000e+04
1.220000000000000000e+04
9.100000000000000000e+03
5.000000000000000000e+02
2.790000000000000000e+04
9.400000000000000000e+03
5.500000000000000000e+03
5.000000000000000000e+02
4.200000000000000000e+03
1.000000000000000000e+02
2.000000000000000000e+02
0.000000000000000000e+00
2.150000000000000000e+04
5.300000000000000000e+03
3.500000000000000000e+03
4.000000000000000000e+02
2.200000000000000000e+03
1.000000000000000000e+02
0.000000000000000000e+00
0.000000000000000000e+00
1.000000000000000000e+03
0.000000000000000000e+00
1.000000000000000000e+02
0.000000000000000000e+00
0.000000000000000000e+00
0.000000000000000000e+00
0.000000000000000000e+00
0.000000000000000000e+00
1.410000000000000000e+04
2.900000000000000000e+03
1.000000000000000000e+03
0.000000000000000000e+00
5.000000000000000000e+02
0.000000000000000000e+00
0.000000000000000000e+00
0.000000000000000000e+00
4.000000000000000000e+02
0.000000000000000000e+00
0.000000000000000000e+00
0.000000000000000000e+00
0.000000000000000000e+00
0.000000000000000000e+00
0.000000000000000000e+00
0.000000000000000000e+00
3.000000000000000000e+02
0.000000000000000000e+00
0.000000000000000000e+00
0.000000000000000000e+00
0.000000000000000000e+00
0.000000000000000000e+00
0.000000000000000000e+00
0.000000000000000000e+00
0.000000000000000000e+00
0.000000000000000000e+00
0.000000000000000000e+00
0.000000000000000000e+00
0.000000000000000000e+00
0.000000000000000000e+00
0.000000000000000000e+00
0.000000000000000000e+00
4.970000000000000000e+04
4.880000000000000000e+04
5.100000000000000000e+04
5.180000000000000000e+04
4.830000000000000000e+04
5.170000000000000000e+04
5.090000000000000000e+04
5.210000000000000000e+04
4.880000000000000000e+04
4.780000000000000000e+04
4.890000000000000000e+04
4.870000000000000000e+04
5.030000000000000000e+04
4.790000000000000000e+04
4.990000000000000000e+04
5.060000000000000000e+04
4.970000000000000000e+04
4.860000000000000000e+04
4.900000000000000000e+04
4.880000000000000000e+04
4.950000000000000000e+04
4.870000000000000000e+04
4.760000000000000000e+04
4.950000000000000000e+04
5.030000000000000000e+04
5.070000000000000000e+04
4.980000000000000000e+04
4.450000000000000000e+04
4.980000000000000000e+04
4.490000000000000000e+04
4.100000000000000000e+04
2.640000000000000000e+04
4.970000000000000000e+04
5.120000000000000000e+04
4.990000000000000000e+04
5.110000000000000000e+04
5.330000000000000000e+04
5.060000000000000000e+04
4.940000000000000000e+04
4.680000000000000000e+04
4.790000000000000000e+04
5.440000000000000000e+04
4.920000000000000000e+04
4.360000000000000000e+04
5.070000000000000000e+04
4.200000000000000000e+04
3.860000000000000000e+04
1.930000000000000000e+04
4.980000000000000000e+04
4.630000000000000000e+04
5.060000000000000000e+04
3.860000000000000000e+04
4.900000000000000000e+04
3.380000000000000000e+04
3.300000000000000000e+04
1.300000000000000000e+04
4.780000000000000000e+04
2.950000000000000000e+04
2.770000000000000000e+04
6.400000000000000000e+03
2.100000000000000000e+04
4.000000000000000000e+03
3.200000000000000000e+03
2.000000000000000000e+02
5.360000000000000000e+04
5.010000000000000000e+04
4.700000000000000000e+04
4.920000000000000000e+04
5.160000000000000000e+04
4.700000000000000000e+04
4.910000000000000000e+04
3.910000000000000000e+04
5.160000000000000000e+04
4.890000000000000000e+04
4.720000000000000000e+04
3.730000000000000000e+04
5.020000000000000000e+04
3.430000000000000000e+04
2.920000000000000000e+04
8.500000000000000000e+03
5.060000000000000000e+04
4.750000000000000000e+04
4.640000000000000000e+04
2.730000000000000000e+04
4.430000000000000000e+04
2.440000000000000000e+04
2.160000000000000000e+04
6.200000000000000000e+03
4.220000000000000000e+04
1.940000000000000000e+04
1.600000000000000000e+04
2.500000000000000000e+03
1.100000000000000000e+04
1.300000000000000000e+03
9.000000000000000000e+02
0.000000000000000000e+00
4.780000000000000000e+04
4.420000000000000000e+04
4.110000000000000000e+04
2.150000000000000000e+04
3.910000000000000000e+04
1.680000000000000000e+04
1.280000000000000000e+04
1.900000000000000000e+03
3.330000000000000000e+04
1.080000000000000000e+04
7.400000000000000000e+03
9.000000000000000000e+02
5.100000000000000000e+03
4.000000000000000000e+02
0.000000000000000000e+00
0.000000000000000000e+00
2.540000000000000000e+04
6.400000000000000000e+03
4.100000000000000000e+03
1.000000000000000000e+02
1.900000000000000000e+03
0.000000000000000000e+00
1.000000000000000000e+02
0.000000000000000000e+00
1.400000000000000000e+03
0.000000000000000000e+00
0.000000000000000000e+00
0.000000000000000000e+00
0.000000000000000000e+00
0.000000000000000000e+00
0.000000000000000000e+00
0.000000000000000000e+00
4.890000000000000000e+04
5.170000000000000000e+04
5.040000000000000000e+04
4.960000000000000000e+04
4.990000000000000000e+04
5.040000000000000000e+04
4.490000000000000000e+04
2.930000000000000000e+04
5.160000000000000000e+04
4.500000000000000000e+04
4.580000000000000000e+04
2.470000000000000000e+04
4.200000000000000000e+04
2.000000000000000000e+04
1.880000000000000000e+04
3.300000000000000000e+03
4.880000000000000000e+04
4.060000000000000000e+04
3.820000000000000000e+04
1.730000000000000000e+04
3.160000000000000000e+04
1.410000000000000000e+04
9.200000000000000000e+03
1.100000000000000000e+03
2.750000000000000000e+04
9.600000000000000000e+03
5.900000000000000000e+03
5.000000000000000000e+02
3.100000000000000000e+03
2.000000000000000000e+02
3.000000000000000000e+02
0.000000000000000000e+00
4.700000000000000000e+04
3.000000000000000000e+04
3.190000000000000000e+04
1.060000000000000000e+04
2.420000000000000000e+04
7.600000000000000000e+03
5.100000000000000000e+03
4.000000000000000000e+02
2.070000000000000000e+04
3.900000000000000000e+03
2.900000000000000000e+03
1.000000000000000000e+02
1.100000000000000000e+03
0.000000000000000000e+00
1.000000000000000000e+02
0.000000000000000000e+00
1.220000000000000000e+04
2.100000000000000000e+03
1.500000000000000000e+03
0.000000000000000000e+00
8.000000000000000000e+02
0.000000000000000000e+00
0.000000000000000000e+00
0.000000000000000000e+00
4.000000000000000000e+02
0.000000000000000000e+00
0.000000000000000000e+00
0.000000000000000000e+00
0.000000000000000000e+00
0.000000000000000000e+00
0.000000000000000000e+00
0.000000000000000000e+00
4.380000000000000000e+04
2.500000000000000000e+04
2.120000000000000000e+04
4.100000000000000000e+03
1.520000000000000000e+04
2.700000000000000000e+03
1.200000000000000000e+03
0.000000000000000000e+00
1.150000000000000000e+04
9.000000000000000000e+02
8.000000000000000000e+02
0.000000000000000000e+00
5.000000000000000000e+02
0.000000000000000000e+00
0.000000000000000000e+00
0.000000000000000000e+00
7.300000000000000000e+03
5.000000000000000000e+02
6.000000000000000000e+02
0.000000000000000000e+00
2.000000000000000000e+02
0.000000000000000000e+00
0.000000000000000000e+00
0.000000000000000000e+00
2.000000000000000000e+02
0.000000000000000000e+00
0.000000000000000000e+00
0.000000000000000000e+00
0.000000000000000000e+00
0.000000000000000000e+00
0.000000000000000000e+00
0.000000000000000000e+00
3.400000000000000000e+03
1.000000000000000000e+02
1.000000000000000000e+02
0.000000000000000000e+00
0.000000000000000000e+00
0.000000000000000000e+00
0.000000000000000000e+00
0.000000000000000000e+00
0.000000000000000000e+00
0.000000000000000000e+00
0.000000000000000000e+00
0.000000000000000000e+00
0.000000000000000000e+00
0.000000000000000000e+00
0.000000000000000000e+00
0.000000000000000000e+00
0.000000000000000000e+00
0.000000000000000000e+00
0.000000000000000000e+00
0.000000000000000000e+00
0.000000000000000000e+00
0.000000000000000000e+00
0.000000000000000000e+00
0.000000000000000000e+00
0.000000000000000000e+00
0.000000000000000000e+00
0.000000000000000000e+00
0.000000000000000000e+00
0.000000000000000000e+00
0.000000000000000000e+00
0.000000000000000000e+00
0.000000000000000000e+00
5.060000000000000000e+04
5.080000000000000000e+04
5.180000000000000000e+04
4.100000000000000000e+04
5.020000000000000000e+04
4.220000000000000000e+04
3.700000000000000000e+04
1.650000000000000000e+04
4.710000000000000000e+04
3.690000000000000000e+04
3.050000000000000000e+04
1.160000000000000000e+04
2.760000000000000000e+04
7.500000000000000000e+03
5.200000000000000000e+03
4.000000000000000000e+02
4.560000000000000000e+04
2.880000000000000000e+04
2.510000000000000000e+04
5.900000000000000000e+03
1.980000000000000000e+04
3.000000000000000000e+03
2.500000000000000000e+03
0.000000000000000000e+00
1.390000000000000000e+04
2.100000000000000000e+03
1.400000000000000000e+03
0.000000000000000000e+00
6.000000000000000000e+02
1.000000000000000000e+02
0.000000000000000000e+00
0.000000000000000000e+00
4.060000000000000000e+04
1.790000000000000000e+04
1.500000000000000000e+04
2.400000000000000000e+03
1.000000000000000000e+04
1.300000000000000000e+03
7.000000000000000000e+02
0.000000000000000000e+00
7.700000000000000000e+03
6.000000000000000000e+02
3.000000000000000000e+02
0.000000000000000000e+00
4.000000000000000000e+02
0.000000000000000000e+00
0.000000000000000000e+00
0.000000000000000000e+00
4.000000000000000000e+03
2.000000000000000000e+02
0.000000000000000000e+00
0.000000000000000000e+00
1.000000000000000000e+02
0.000000000000000000e+00
0.000000000000000000e+00
0.000000000000000000e+00
0.000000000000000000e+00
0.000000000000000000e+00
0.000000000000000000e+00
0.000000000000000000e+00
0.000000000000000000e+00
0.000000000000000000e+00
0.000000000000000000e+00
0.000000000000000000e+00
3.120000000000000000e+04
1.080000000000000000e+04
7.800000000000000000e+03
7.000000000000000000e+02
5.000000000000000000e+03
6.000000000000000000e+02
2.000000000000000000e+02
0.000000000000000000e+00
3.600000000000000000e+03
2.000000000000000000e+02
1.000000000000000000e+02
0.000000000000000000e+00
1.000000000000000000e+02
0.000000000000000000e+00
0.000000000000000000e+00
0.000000000000000000e+00
1.500000000000000000e+03
0.000000000000000000e+00
0.000000000000000000e+00
0.000000000000000000e+00
0.000000000000000000e+00
0.000000000000000000e+00
0.000000000000000000e+00
0.000000000000000000e+00
0.000000000000000000e+00
0.000000000000000000e+00
0.000000000000000000e+00
0.000000000000000000e+00
0.000000000000000000e+00
0.000000000000000000e+00
0.000000000000000000e+00
0.000000000000000000e+00
1.000000000000000000e+03
0.000000000000000000e+00
0.000000000000000000e+00
0.000000000000000000e+00
0.000000000000000000e+00
0.000000000000000000e+00
0.000000000000000000e+00
0.000000000000000000e+00
0.000000000000000000e+00
0.000000000000000000e+00
0.000000000000000000e+00
0.000000000000000000e+00
0.000000000000000000e+00
0.000000000000000000e+00
0.000000000000000000e+00
0.000000000000000000e+00
0.000000000000000000e+00
0.000000000000000000e+00
0.000000000000000000e+00
0.000000000000000000e+00
0.000000000000000000e+00
0.000000000000000000e+00
0.000000000000000000e+00
0.000000000000000000e+00
0.000000000000000000e+00
0.000000000000000000e+00
0.000000000000000000e+00
0.000000000000000000e+00
0.000000000000000000e+00
0.000000000000000000e+00
0.000000000000000000e+00
0.000000000000000000e+00
2.410000000000000000e+04
5.200000000000000000e+03
3.000000000000000000e+03
3.000000000000000000e+02
2.100000000000000000e+03
1.000000000000000000e+02
0.000000000000000000e+00
0.000000000000000000e+00
1.400000000000000000e+03
0.000000000000000000e+00
0.000000000000000000e+00
0.000000000000000000e+00
0.000000000000000000e+00
0.000000000000000000e+00
0.000000000000000000e+00
0.000000000000000000e+00
6.000000000000000000e+02
0.000000000000000000e+00
0.000000000000000000e+00
0.000000000000000000e+00
0.000000000000000000e+00
0.000000000000000000e+00
0.000000000000000000e+00
0.000000000000000000e+00
0.000000000000000000e+00
0.000000000000000000e+00
0.000000000000000000e+00
0.000000000000000000e+00
0.000000000000000000e+00
0.000000000000000000e+00
0.000000000000000000e+00
0.000000000000000000e+00
4.000000000000000000e+02
0.000000000000000000e+00
0.000000000000000000e+00
0.000000000000000000e+00
0.000000000000000000e+00
0.000000000000000000e+00
0.000000000000000000e+00
0.000000000000000000e+00
0.000000000000000000e+00
0.000000000000000000e+00
0.000000000000000000e+00
0.000000000000000000e+00
0.000000000000000000e+00
0.000000000000000000e+00
0.000000000000000000e+00
0.000000000000000000e+00
0.000000000000000000e+00
0.000000000000000000e+00
0.000000000000000000e+00
0.000000000000000000e+00
0.000000000000000000e+00
0.000000000000000000e+00
0.000000000000000000e+00
0.000000000000000000e+00
0.000000000000000000e+00
0.000000000000000000e+00
0.000000000000000000e+00
0.000000000000000000e+00
0.000000000000000000e+00
0.000000000000000000e+00
0.000000000000000000e+00
0.000000000000000000e+00
0.000000000000000000e+00
0.000000000000000000e+00
0.000000000000000000e+00
0.000000000000000000e+00
0.000000000000000000e+00
0.000000000000000000e+00
0.000000000000000000e+00
0.000000000000000000e+00
0.000000000000000000e+00
0.000000000000000000e+00
0.000000000000000000e+00
0.000000000000000000e+00
0.000000000000000000e+00
0.000000000000000000e+00
0.000000000000000000e+00
0.000000000000000000e+00
0.000000000000000000e+00
0.000000000000000000e+00
0.000000000000000000e+00
0.000000000000000000e+00
0.000000000000000000e+00
0.000000000000000000e+00
0.000000000000000000e+00
0.000000000000000000e+00
0.000000000000000000e+00
0.000000000000000000e+00
0.000000000000000000e+00
0.000000000000000000e+00
0.000000000000000000e+00
0.000000000000000000e+00
0.000000000000000000e+00
0.000000000000000000e+00
0.000000000000000000e+00
0.000000000000000000e+00
0.000000000000000000e+00
0.000000000000000000e+00
0.000000000000000000e+00
0.000000000000000000e+00
0.000000000000000000e+00
0.000000000000000000e+00
0.000000000000000000e+00
0.000000000000000000e+00
0.000000000000000000e+00
0.000000000000000000e+00
0.000000000000000000e+00
0.000000000000000000e+00
0.000000000000000000e+00
0.000000000000000000e+00
0.000000000000000000e+00
0.000000000000000000e+00
0.000000000000000000e+00
0.000000000000000000e+00
0.000000000000000000e+00
0.000000000000000000e+00
0.000000000000000000e+00
0.000000000000000000e+00
0.000000000000000000e+00
0.000000000000000000e+00
0.000000000000000000e+00
0.000000000000000000e+00
0.000000000000000000e+00
0.000000000000000000e+00
0.000000000000000000e+00
0.000000000000000000e+00
