#EsNodB,BLER,BER
0.0 1.0
0.5 1.0
1.0 1.0
1.5 1.0
2.0 1.0
2.5 1.0
3.0 1.0
3.5 1.0
4.0 0.9999999999999803
4.5 0.9999999992146754
5.0 0.9999975453538714
5.5 0.9993160431691241
6.0 0.9755388506177789
6.5 0.8172477335112976
7.0 0.4897753098677954
7.5 0.20164855878746812
8.0 0.05858335037777418
8.5 0.012764671920546422
9.0 0.001924602341575432
9.5 0.00020598241844105303
10.0 1.4500030424358101e-05
10.5 6.28190741425172e-07
11.0 1.567994556417318e-08
11.5 1.5672652065035209e-10
12.0 8.660849815100846e-13
12.5 1.9984014443252818e-15
