#EsNodB,BLER,BER
0.0 1.0
0.5 1.0
1.0 1.0
1.5 1.0
2.0 1.0
2.5 1.0
3.0 1.0
3.5 1.0
4.0 1.0
4.5 1.0
5.0 1.0
5.5 1.0
6.0 1.0
6.5 1.0
7.0 1.0
7.5 1.0
8.0 1.0
8.5 1.0
9.0 1.0
9.5 1.0
10.0 1.0
10.5 1.0
11.0 0.999999999999998
11.5 0.9999999999951206
12.0 0.9999999964138667
12.5 0.9999991721989244
13.0 0.9999433273172025
13.5 0.9985388518638769
14.0 0.9847764255930479
14.5 0.9218491661223195
15.0 0.7713862997960887
15.5 0.5594339825745442
16.0 0.3452896851388817
16.5 0.1833373430441939
17.0 0.08746451156728818
17.5 0.0374137330118145
18.0 0.014766221733984675
18.5 0.004975445794672018
19.0 0.0015354995490718393
19.5 0.0004032603973405102
20.0 8.738359453064337e-05
20.5 1.502472503622787e-05
21.0 1.8391424905228604e-06
