#EsNodB,BLER,BER
0.0 1.0
0.5 1.0
1.0 1.0
1.5 1.0
2.0 1.0
2.5 1.0
3.0 1.0
3.5 1.0
4.0 0.9999999999999803
4.5 0.9999999992146754
5.0 0.9999975453452574
5.5 0.9993160432965867
6.0 0.9755388357483552
6.5 0.8172474022518785
7.0 0.48977505097926577
7.5 0.20164823740577686
8.0 0.0585832635634731
8.5 0.012764678303785693
9.0 0.0019246119798593808
9.5 0.00020598225035983742
10.0 1.4500070579903657e-05
10.5 6.281872946267697e-07
11.0 1.5679993192740938e-08
11.5 1.5672685371725947e-10
12.0 8.660849815100846e-13
12.5 1.9984014443252818e-15
