#EsNodB,BLER,BER
0.0 nan
0.5 nan
1.0 nan
1.5 nan
2.0 nan
2.5 nan
3.0 nan
3.5 nan
4.0 nan
4.5 nan
5.0 nan
5.5 nan
6.0 nan
6.5 nan
7.0 nan
7.5 nan
8.0 nan
8.5 nan
9.0 nan
9.5 nan
10.0 nan
10.5 nan
11.0 nan
11.5 nan
12.0 nan
12.5 nan
13.0 nan
13.5 nan
14.0 0.9837443505498856
14.5 0.9162661161289075
15.0 0.7579566973014247
15.5 0.5372660391994781
16.0 0.32805170366265757
16.5 0.17060382472683777
17.0 0.07639181226968605
17.5 0.030049607754794927
18.0 0.010743512158205903
18.5 0.0025967725505604555
19.0 9.999999999998899e-05
19.5 0.0
