#EsNodB,BLER,BER
0.0 1.0
0.5 1.0
1.0 1.0
1.5 1.0
2.0 1.0
2.5 1.0
3.0 1.0
3.5 1.0
4.0 1.0
4.5 1.0
5.0 1.0
5.5 1.0
6.0 1.0
6.5 1.0
7.0 1.0
7.5 1.0
8.0 1.0
8.5 1.0
9.0 1.0
9.5 1.0
10.0 1.0
10.5 1.0
11.0 1.0
11.5 1.0
12.0 1.0
12.5 1.0
13.0 1.0
13.5 1.0
14.0 0.9999999714257238
14.5 0.9951975971740462
15.0 0.7347073583450134
15.5 0.23337627132076222
16.0 0.04078384459714102
16.5 0.0049681504238515695
17.0 0.00043909808320097277
17.5 2.9799886652859264e-05
18.0 1.3931023912228113e-06
18.5 4.437204403906492e-08
19.0 8.780431937083222e-10
19.5 1.0669243266647754e-11
