#EsNodB,BLER,BER
0.0 1.0
0.5 1.0
1.0 1.0
1.5 1.0
2.0 1.0
2.5 1.0
3.0 1.0
3.5 1.0
4.0 1.0
4.5 1.0
5.0 1.0
5.5 1.0
6.0 1.0
6.5 1.0
7.0 1.0
7.5 1.0
8.0 1.0
8.5 1.0
9.0 1.0
9.5 1.0
10.0 1.0
10.5 1.0
11.0 0.9999999999999993
11.5 0.9999999999959234
12.0 0.999999993470002
12.5 0.9999974385586692
13.0 0.9997793758608581
13.5 0.994225956212033
14.0 0.9474588339498822
14.5 0.7888724264472085
15.0 0.5297699802570508
15.5 0.28435505709099207
16.0 0.1250372707532702
16.5 0.047409973566007624
17.0 0.015152171067895015
17.5 0.004261697808879528
18.0 0.0010865106649217138
18.5 0.00023317516175580533
19.0 4.418016647100842e-05
19.5 7.198882606029855e-06
20.0 1.0002133843389771e-06
