#EsNodB,BLER,BER
0.0 nan
0.5 nan
1.0 1.0
1.5 1.0
2.0 1.0
2.5 1.0
3.0 1.0
3.5 1.0
4.0 0.999999999999511
4.5 0.999999987801865
5.0 0.9999772879787148
5.5 0.9960801563193923
6.0 0.9119262049090925
6.5 0.47330517050013593
7.0 -0.21946566949414112
7.5 -0.7227682380915981
8.0 -0.8998568902196104
8.5 -0.914823876632855
9.0 -0.8970210870965099
9.5 -0.8840199141326187
10.0 -0.8778180070674063
10.5 -0.8750066917795606
11.0 -0.875007606217979
11.5 -0.8750076291400574
12.0 -0.8750076293929866
12.5 -0.8750076293945275
13.0 -0.8750076293945312
13.5 -0.8750076293945312
14.0 -0.8750076293945312
14.5 -0.8750076293945312
15.0 -0.8750076293945312
15.5 -0.8750076293945312
16.0 -0.8750076293945312
16.5 -0.8750076293945312
17.0 -0.8750076293945312
17.5 -0.8750076293945312
18.0 -0.8750076293945312
18.5 -0.8750076293945312
19.0 -0.8750076293945312
19.5 -0.8750076293945312
