#EsNodB,BLER,BER
0.0 1.0
0.5 1.0
1.0 1.0
1.5 1.0
2.0 1.0
2.5 1.0
3.0 1.0
3.5 1.0
4.0 0.9999999999999801
4.5 0.9999999991974462
5.0 0.9999974681044956
5.5 0.9992889302883848
6.0 0.9744515215523982
6.5 0.8096741034080923
7.0 0.4766798166681947
7.5 0.1894937066928697
8.0 0.05396252309787586
8.5 0.011298161553360164
9.0 0.0017138623982458911
9.5 0.00017768092629844023
10.0 1.2471419294279862e-05
10.5 5.244086055400388e-07
11.0 1.2464469567596836e-08
11.5 1.2558265538586966e-10
12.0 6.961098364399732e-13
12.5 1.5543122344752192e-15
