#EsNodB,BLER,BER
0.0 1.0
0.5 1.0
1.0 1.0
1.5 1.0
2.0 1.0
2.5 1.0
3.0 1.0
3.5 1.0
4.0 1.0
4.5 1.0
5.0 1.0
5.5 1.0
6.0 1.0
6.5 1.0
7.0 1.0
7.5 1.0
8.0 1.0
8.5 1.0
9.0 1.0
9.5 1.0
10.0 1.0
10.5 1.0
11.0 1.0
11.5 1.0
12.0 1.0
12.5 1.0
13.0 1.0
13.5 1.0
14.0 0.9999998650817589
14.5 0.9921033111689502
15.0 0.6965166106764507
15.5 0.20939594962144548
16.0 0.03562938077459843
16.5 0.0042759687858122675
17.0 0.000371965807144492
17.5 2.5117580846112375e-05
18.0 1.2107440003905623e-06
18.5 3.9755738368008053e-08
19.0 8.118310468319123e-10
19.5 1.0105138947835712e-11
