#EsNodB,BLER,BER
0.0 1.0
0.5 1.0
1.0 1.0
1.5 1.0
2.0 1.0
2.5 1.0
3.0 1.0
3.5 1.0
4.0 1.0
4.5 1.0
5.0 1.0
5.5 1.0
6.0 1.0
6.5 1.0
7.0 1.0
7.5 1.0
8.0 1.0
8.5 1.0
9.0 1.0
9.5 1.0
10.0 1.0
10.5 1.0
11.0 0.9999999999999996
11.5 0.9999999999967681
12.0 0.9999999939949726
12.5 0.999997403401518
13.0 0.9997367584112297
13.5 0.9929351161466522
14.0 0.9374700472856015
14.5 0.762390386806414
15.0 0.498208664970314
15.5 0.26060622435979885
16.0 0.11372483410747203
16.5 0.042702434711298976
17.0 0.013433563570203644
17.5 0.0038747155366763986
18.0 0.0009890273874461064
18.5 0.00020804310981525909
19.0 4.01464857273659e-05
19.5 6.692182051737383e-06
