#EsNodB,BLER,BER
0.0 1.0
0.5 1.0
1.0 1.0
1.5 1.0
2.0 1.0
2.5 1.0
3.0 1.0
3.5 1.0
4.0 1.0
4.5 1.0
5.0 1.0
5.5 1.0
6.0 1.0
6.5 1.0
7.0 1.0
7.5 1.0
8.0 1.0
8.5 1.0
9.0 1.0
9.5 1.0
10.0 1.0
10.5 1.0
11.0 0.9999999999999996
11.5 0.9999999999982226
12.0 0.999999998191416
12.5 0.9999994238452757
13.0 0.9999469159086546
13.5 0.9984274857391849
14.0 0.9824443402379268
14.5 0.9125212219626694
15.0 0.752513336501049
15.5 0.5306357152064377
16.0 0.31479928444900906
16.5 0.16131881437963969
17.0 0.07704057789342467
17.5 0.0275237745020549
18.0 0.010446646159973483
18.5 0.0026965328233647945
19.0 0.0
19.5 0.0
