#EsNodB,BLER,BER
0.0 1.0
0.5 1.0
1.0 1.0
1.5 1.0
2.0 1.0
2.5 1.0
3.0 1.0
3.5 1.0
4.0 1.0
4.5 1.0
5.0 1.0
5.5 1.0
6.0 1.0
6.5 1.0
7.0 1.0
7.5 1.0
8.0 1.0
8.5 1.0
9.0 1.0
9.5 1.0
10.0 1.0
10.5 1.0
11.0 0.9999999999999984
11.5 0.9999999999948499
12.0 0.9999999943422141
12.5 0.9999982344596529
13.0 0.9998603850339706
13.5 0.9962660784260015
14.0 0.9625937410839471
14.5 0.8392080603635761
15.0 0.6013377128032749
15.5 0.34639466151823695
16.0 0.1651858261705964
16.5 0.0662897476797577
17.0 0.023317269251119987
17.5 0.007133165222980686
18.0 0.0020715109180655666
18.5 0.0005091559797978373
19.0 0.00011274640668446079
19.5 2.0721186039796002e-05
20.0 3.8013984255957922e-06
