#EsNodB,BLER,BER
0.0 1.0
0.5 1.0
1.0 1.0
1.5 1.0
2.0 1.0
2.5 1.0
3.0 1.0
3.5 1.0
4.0 1.0
4.5 1.0
5.0 1.0
5.5 1.0
6.0 1.0
6.5 1.0
7.0 1.0
7.5 1.0
8.0 1.0
8.5 1.0
9.0 1.0
9.5 1.0
10.0 1.0
10.5 1.0
11.0 0.9999999999999996
11.5 0.9999999999985
12.0 0.9999999982198096
12.5 0.9999993745283445
13.0 0.9999344933018799
13.5 0.9978215410461256
14.0 0.9742374120098755
14.5 0.8689979950287898
15.0 0.6479827393213563
15.5 0.39050102650178276
16.0 0.1951035481649852
16.5 0.08354443979059467
17.0 0.0309803225520493
17.5 0.010143701018267448
18.0 0.002933986231742125
18.5 0.0007348784034827416
19.0 0.00014724658474196683
19.5 2.6885486251071455e-05
20.0 3.905774520474026e-06
