#EsNodB,BLER,BER
0.0 nan
0.5 nan
1.0 nan
1.5 nan
2.0 nan
2.5 nan
3.0 nan
3.5 nan
4.0 0.9999999999999706
4.5 0.9999999986900461
5.0 0.9999960159707916
5.5 0.9989828216790076
6.0 0.9686453476504583
6.5 0.7847868532302356
7.0 0.4506867355845847
7.5 0.17167101910261595
8.0 0.048607138351514756
8.5 0.008564345538656815
9.0 0.0006997900349963171
9.5 0.0
10.0 nan
10.5 nan
11.0 nan
11.5 nan
12.0 nan
12.5 nan
13.0 nan
13.5 nan
14.0 nan
14.5 nan
15.0 nan
15.5 nan
16.0 nan
16.5 nan
17.0 nan
17.5 nan
18.0 nan
18.5 nan
19.0 nan
19.5 nan
