#EsNodB,BLER,BER
0.0 1.0
0.5 1.0
1.0 1.0
1.5 1.0
2.0 1.0
2.5 1.0
3.0 1.0
3.5 1.0
4.0 1.0
4.5 1.0
5.0 1.0
5.5 1.0
6.0 1.0
6.5 1.0
7.0 1.0
7.5 1.0
8.0 1.0
8.5 1.0
9.0 1.0
9.5 1.0
10.0 1.0
10.5 1.0
11.0 0.9999999999999983
11.5 0.9999999999952418
12.0 0.9999999961168188
12.5 0.9999990315233515
13.0 0.9999316018672441
13.5 0.9982194680230775
14.0 0.9811412924834215
14.5 0.9059471052260644
15.0 0.7391968457586744
15.5 0.5148740256919551
16.0 0.30230284374617067
16.5 0.1544770580010033
17.0 0.07001430765056693
17.5 0.02823382869849589
18.0 0.010377976732346306
18.5 0.0033562588931091986
19.0 0.0009142806332839148
19.5 0.00022122951382619327
