#EsNodB,BLER,BER
0.0 1.0
0.5 1.0
1.0 1.0
1.5 1.0
2.0 1.0
2.5 1.0
3.0 1.0
3.5 1.0
4.0 1.0
4.5 1.0
5.0 1.0
5.5 1.0
6.0 1.0
6.5 1.0
7.0 1.0
7.5 1.0
8.0 1.0
8.5 1.0
9.0 1.0
9.5 1.0
10.0 1.0
10.5 1.0
11.0 0.9999999999999998
11.5 0.9999999999987786
12.0 0.9999999975947923
12.5 0.9999988029924259
13.0 0.9998559150008005
13.5 0.9954885371907667
14.0 0.9537788619592535
14.5 0.8018963766412287
15.0 0.5423830260199616
15.5 0.2939487294764658
16.0 0.1302967612010536
16.5 0.04984770080756196
17.0 0.016024511534817654
17.5 0.004517966943573315
18.0 0.001124540850995004
18.5 0.00024278723267956437
19.0 4.458003433993607e-05
19.5 7.278502141994103e-06
20.0 1.0029217100138155e-06
