#EsNodB,BLER,BER
0.0 1.0
0.5 1.0
1.0 1.0
1.5 1.0
2.0 1.0
2.5 1.0
3.0 1.0
3.5 1.0
4.0 0.9999999999999308
4.5 0.9999999978065482
5.0 0.9999947787087754
5.5 0.9988672634984435
6.0 0.9691993015457195
6.5 0.7912734685499643
7.0 0.45638335299354293
7.5 0.17776244741161185
8.0 0.04976671784845421
8.5 0.010248616274221356
9.0 0.001507110253383459
9.5 0.00015415116745143287
10.0 1.050003963509738e-05
10.5 4.408467385585979e-07
11.0 1.0662249860793338e-08
11.5 1.1934853105799448e-10
12.0 7.308598171107406e-13
12.5 1.887379141862766e-15
