#EsNodB,BLER,BER
0.0 1.0
0.5 1.0
1.0 1.0
1.5 1.0
2.0 1.0
2.5 1.0
3.0 1.0
3.5 1.0
4.0 1.0
4.5 1.0
5.0 1.0
5.5 1.0
6.0 1.0
6.5 1.0
7.0 1.0
7.5 1.0
8.0 1.0
8.5 1.0
9.0 1.0
9.5 1.0
10.0 1.0
10.5 1.0
11.0 0.9999999999999997
11.5 0.9999999999985758
12.0 0.9999999982983104
12.5 0.9999993978940008
13.0 0.9999375009946146
13.5 0.9979782347509263
14.0 0.975915090936989
14.5 0.8761145763471627
15.0 0.6604501590963252
15.5 0.4004400657401328
16.0 0.19807242925254587
16.5 0.0829167229398905
17.0 0.029749775601137673
17.5 0.009408903823108439
18.0 0.0026814268910063666
18.5 0.0006508095206204656
19.0 0.0001428656045785459
19.5 2.584725044785241e-05
20.0 3.998284168749144e-06
