#EsNodB,BLER,BER
0.0 1.0
0.5 1.0
1.0 1.0
1.5 1.0
2.0 1.0
2.5 1.0
3.0 1.0
3.5 1.0
4.0 1.0
4.5 1.0
5.0 1.0
5.5 1.0
6.0 1.0
6.5 1.0
7.0 1.0
7.5 1.0
8.0 1.0
8.5 1.0
9.0 1.0
9.5 1.0
10.0 1.0
10.5 1.0
11.0 0.9999999999999999
11.5 0.999999999998746
12.0 0.9999999971625101
12.5 0.9999984848149579
13.0 0.9998125451414621
13.5 0.9942013884628103
14.0 0.9438498652415563
14.5 0.7747231061336348
15.0 0.5099736975795546
15.5 0.2671243644443173
16.0 0.11685297126780025
16.5 0.043757209458670676
17.0 0.013766507735863631
17.5 0.003948921946059891
18.0 0.0009975110228709339
18.5 0.0002150245553170782
19.0 4.064369723955075e-05
19.5 6.766959518067495e-06
