#EsNodB,BLER,BER
0.0 1.0
0.5 1.0
1.0 1.0
1.5 1.0
2.0 1.0
2.5 1.0
3.0 1.0
3.5 1.0
4.0 1.0
4.5 1.0
5.0 1.0
5.5 1.0
6.0 1.0
6.5 1.0
7.0 1.0
7.5 1.0
8.0 1.0
8.5 1.0
9.0 1.0
9.5 1.0
10.0 1.0
10.5 nan
11.0 nan
11.5 nan
12.0 0.9999999981313685
12.5 0.9999993629425467
13.0 0.9999398583517215
13.5 0.9980969048757762
14.0 0.9793684575212463
14.5 0.8982759933785975
15.0 0.7225096574347747
15.5 0.4871484757752804
16.0 0.2851779314842996
16.5 0.14019309440143823
17.0 0.0609125184996091
17.5 0.020198777878708607
18.0 0.0065789037280974405
18.5 0.001698640679761776
19.0 0.0
19.5 0.0
