#EsNodB,BLER,BER
0.0 nan
0.5 nan
1.0 nan
1.5 nan
2.0 nan
2.5 nan
3.0 nan
3.5 nan
4.0 nan
4.5 nan
5.0 0.9999955113918452
5.5 0.9989235841145779
6.0 0.9674597176239275
6.5 0.7867578107007656
7.0 0.4529550161004845
7.5 0.17878798752306002
8.0 0.046605120982782466
8.5 0.008465281329716245
9.0 0.0002999700009999051
9.5 0.0
10.0 0.0
10.5 0.0
11.0 0.0
11.5 0.0
12.0 0.0
12.5 0.0
13.0 0.0
13.5 0.0
14.0 0.0
14.5 0.0
15.0 nan
15.5 nan
16.0 nan
16.5 nan
17.0 nan
17.5 nan
18.0 nan
18.5 nan
19.0 nan
19.5 nan
