#EsNodB,BLER,BER
0.0 1.0
0.5 1.0
1.0 1.0
1.5 1.0
2.0 1.0
2.5 1.0
3.0 1.0
3.5 1.0
4.0 0.9999999999999317
4.5 0.9999999978537645
5.0 0.9999949390786781
5.5 0.9989107023907262
6.0 0.9704328124720174
6.5 0.799221512705004
7.0 0.4698808899735334
7.5 0.18920897155066085
8.0 0.054086750331767575
8.5 0.011526168735230713
9.0 0.001697735190451799
9.5 0.00017837520008168184
10.0 1.2340567355551002e-05
10.5 5.363591449869531e-07
11.0 1.339736988015261e-08
11.5 1.4921419655422596e-10
12.0 9.179323967600794e-13
12.5 2.220446049250313e-15
