#EsNodB,BLER,BER
0.0 1.0
0.5 1.0
1.0 1.0
1.5 1.0
2.0 1.0
2.5 1.0
3.0 1.0
3.5 1.0
4.0 0.9999999999999317
4.5 0.9999999978537645
5.0 0.9999949390786937
5.5 0.998910702393298
6.0 0.9704328128364567
6.5 0.7992215138009352
7.0 0.46988089097618824
7.5 0.18920897320104146
8.0 0.05408675068067459
8.5 0.011526168964400507
9.0 0.0016977352367454346
9.5 0.00017837520309504917
10.0 1.2340567785429357e-05
10.5 5.36359062719427e-07
11.0 1.3397370213219517e-08
11.5 1.4921419655422596e-10
12.0 9.179323967600794e-13
12.5 2.220446049250313e-15
