#EsNodB,BLER,BER
0.0 1.0
0.5 1.0
1.0 1.0
1.5 1.0
2.0 1.0
2.5 1.0
3.0 1.0
3.5 1.0
4.0 1.0
4.5 1.0
5.0 1.0
5.5 1.0
6.0 1.0
6.5 1.0
7.0 1.0
7.5 1.0
8.0 1.0
8.5 1.0
9.0 1.0
9.5 1.0
10.0 1.0
10.5 1.0
11.0 0.999999999999996
11.5 0.9999999999956642
12.0 0.9999999983991654
12.5 0.999999790466119
13.0 0.9999896239341874
13.5 0.9997560685111397
14.0 0.9971345770998818
14.5 0.9817120706620098
15.0 0.9298684556178236
15.5 0.8157764452615985
16.0 0.6451558282671482
16.5 0.459071397923032
17.0 0.3042533408262921
17.5 0.18535826226353547
18.0 0.10743344272601074
18.5 0.057956724041808516
19.0 0.02906854622186328
19.5 0.013743644340451389
20.0 0.005991895740867004
20.5 0.0023640264893791674
21.0 0.0008609974445336066
21.5 0.0002700279876175493
22.0 8.167413902193665e-05
22.5 2.125633521898873e-05
23.0 5.045514362089776e-06
