#EsNodB,BLER,BER
0.0 0.5546008168479244
0.5 0.5546008168479244
1.0 0.5546008168479244
1.5 0.5546008168479244
2.0 0.5546008168479244
2.5 0.5546008168479244
3.0 0.5546008168479244
3.5 0.5546008168479244
4.0 0.5546008168479244
4.5 0.5546008168479244
5.0 0.5546008168479244
5.5 0.5546008168479244
6.0 0.5546008168479244
6.5 0.5546008168479244
7.0 0.5546008168479244
7.5 0.5546008168479244
8.0 0.5546008168479244
8.5 0.5546008168479244
9.0 0.5546008168479244
9.5 0.5546008168479244
10.0 0.5546008168479244
10.5 0.5546008168479244
11.0 0.5546008168479244
11.5 0.5546008168479244
12.0 0.5546008168479244
12.5 0.5546008168479244
13.0 0.5546008168479244
13.5 0.5546008168479244
14.0 0.5546008168479244
14.5 0.5546008168479244
15.0 0.5546008168479244
15.5 0.5546008168479244
16.0 0.5546008168479244
16.5 0.5546008168479244
17.0 0.5546008168479244
17.5 0.5546008168479244
18.0 0.5546008168479244
18.5 0.5546008168479244
19.0 0.5546008168479244
19.5 0.5546008168479244
20.0 0.5546008168479244
20.5 0.5546008168479244
21.0 0.5546008168479244
21.5 0.5546008168479244
22.0 0.5546008168479244
22.5 0.5546008168479244
23.0 0.5546008168479244
23.5 0.5546008168479244
24.0 0.5546008168479244
24.5 0.5546008168479244
25.0 0.5546008168479244
25.5 0.5546008168479244
26.0 0.5546008168479244
26.5 0.5546008168479244
27.0 0.5546008168479244
27.5 0.5546008168479244
28.0 0.5546008168479244
28.5 0.5546008168479244
29.0 0.5546008168479244
29.5 0.5546008168479244
