#EsNodB,BLER,BER
0.0 1.0
0.5 1.0
1.0 1.0
1.5 1.0
2.0 1.0
2.5 1.0
3.0 1.0
3.5 1.0
4.0 1.0
4.5 1.0
5.0 1.0
5.5 1.0
6.0 1.0
6.5 1.0
7.0 1.0
7.5 1.0
8.0 1.0
8.5 1.0
9.0 1.0
9.5 1.0
10.0 1.0
10.5 1.0
11.0 0.9999999999999996
11.5 0.9999999999982274
12.0 0.9999999977191948
12.5 0.9999991087571662
13.0 0.9999046552579198
13.5 0.9970368118258099
14.0 0.9672028378815261
14.5 0.8486113374614671
15.0 0.6160514777212388
15.5 0.35537879377382386
16.0 0.17171105267969855
16.5 0.0692402213837231
17.0 0.02463412708414392
17.5 0.0076384135455368485
18.0 0.0021854078680607625
18.5 0.0005320098305507948
19.0 0.00011885373701392421
19.5 2.1321713584820934e-05
20.0 3.990289133670721e-06
