#EsNodB,BLER,BER
0.0 1.0
0.5 1.0
1.0 1.0
1.5 1.0
2.0 1.0
2.5 1.0
3.0 1.0
3.5 1.0
4.0 1.0
4.5 1.0
5.0 1.0
5.5 1.0
6.0 1.0
6.5 1.0
7.0 1.0
7.5 1.0
8.0 1.0
8.5 1.0
9.0 1.0
9.5 1.0
10.0 1.0
10.5 1.0
11.0 0.9999999999999988
11.5 0.9999999999994487
12.0 0.9999999998832282
12.5 0.9999999886357938
13.0 0.9999994698765878
13.5 0.9999872597021544
14.0 0.9998039581295269
14.5 0.9982988869083503
15.0 0.990576411685163
15.5 0.9617271589513394
16.0 0.8910093941086081
16.5 0.7709507713708563
17.0 0.6174241319468057
17.5 0.4536250962014271
18.0 0.2997944092260748
18.5 0.18292325987056923
19.0 0.10556275646867908
19.5 0.05464844526812018
20.0 0.025816025725724945
20.5 0.011560959149639283
21.0 0.004903295880007819
21.5 0.0019423240574046874
22.0 0.0007135056126574835
22.5 0.00021350023670596574
23.0 5.270409883972871e-05
23.5 1.0168033656055009e-05
24.0 1.5501908674497855e-06
