#EsNodB,BLER,BER
0.0 0.9900990099009901 0.4423817381738174
0.5 0.9900990099009901 0.42251100110011003
1.0 0.9803921568627451 0.4036628540305011
1.5 0.9259259259259259 0.30330504115226337
2.0 0.7751937984496124 0.24574720068906114
2.5 0.5813953488372093 0.161296834625323
3.0 0.35842293906810035 0.08955595380326563
3.5 0.1926782273603083 0.03983354742025262
4.0 0.10090817356205853 0.018261576409911426
4.5 0.030122372136805773 0.005850590942370045
5.0 0.008138351983723296 0.0015430977409614235
5.5 0.002088371070564959 0.00038622652109132654
6.0 0.0011718333865984873 0.00018346886355834901
6.5 0.0 0.0
7.0 0.0 0.0
7.5 0.0 0.0
8.0 0.0 0.0
8.5 0.0 0.0
9.0 0.0 0.0
9.5 0.0 0.0
10.0 0.0 0.0
10.5 0.0 0.0
11.0 0.0 0.0
11.5 0.0 0.0
12.0 0.0 0.0
12.5 0.0 0.0
13.0 0.0 0.0
13.5 0.0 0.0
14.0 0.0 0.0
14.5 0.0 0.0
15.0 0.0 0.0
15.5 0.0 0.0
16.0 0.0 0.0
16.5 0.0 0.0
17.0 0.0 0.0
17.5 0.0 0.0
18.0 0.0 0.0
18.5 0.0 0.0
19.0 0.0 0.0
19.5 0.0 0.0
