#EsNodB,BLER,BER
0.0 1.0 0.493771484375
0.5 1.0 0.488810546875
1.0 1.0 0.484740234375
1.5 1.0 0.47340234375
2.0 0.9960159362549801 0.4496389442231076
2.5 0.9727626459143969 0.4056781219601167
3.0 0.8650519031141869 0.3046080909385813
3.5 0.6169031462060457 0.1872072119833436
4.0 0.3522367030644593 0.09499658770693906
4.5 0.16294606485253382 0.03647891376079518
5.0 0.0655694708543702 0.014019444421677267
5.5 0.02157357668327832 0.004417105554117317
6.0 0.006392635683692386 0.0012466014151697245
6.5 0.0018645028489603533 0.0003568447239696757
7.0 0.00046987820236021123 8.197156422854315e-05
7.5 0.000135 2.4044921875e-05
8.0 2.8e-05 4.716796875e-06
