#construction=<polar_code.iGA.Improved_GA object at 0x14579006d910>
#EsNodB,BLER,BER
0.0 1.0 0.4940719696969697
0.5 1.0 0.5004545454545455
1.0 1.0 0.4963257575757576
1.5 1.0 0.49577651515151516
2.0 1.0 0.49712121212121213
2.5 1.0 0.4924621212121212
3.0 1.0 0.48827651515151516
3.5 1.0 0.4831439393939394
4.0 1.0 0.46804924242424245
4.5 1.0 0.4546022727272727
5.0 1.0 0.4354166666666667
5.5 1.0 0.41899621212121213
6.0 0.9900990099009901 0.38966396639663964
6.5 0.9345794392523364 0.32377513452279805
7.0 0.591715976331361 0.18421642460103999
7.5 0.2949852507374631 0.07718780727630285
8.0 0.06222775357809583 0.014272312421036753
8.5 0.008040626322471435 0.002008553584939535
9.0 0.0008429926238145417 0.00011255867420250982
9.5 0.0 0.0
10.0 0.0 0.0
10.5 0.0 0.0
11.0 0.0 0.0
11.5 0.0 0.0
12.0 0.0 0.0
12.5 0.0 0.0
13.0 0.0 0.0
13.5 0.0 0.0
14.0 0.0 0.0
14.5 0.0 0.0
15.0 0.0 0.0
15.5 0.0 0.0
16.0 0.0 0.0
16.5 0.0 0.0
17.0 0.0 0.0
17.5 0.0 0.0
18.0 0.0 0.0
18.5 0.0 0.0
19.0 0.0 0.0
19.5 0.0 0.0
20.0 0.0 0.0
20.5 0.0 0.0
21.0 0.0 0.0
21.5 0.0 0.0
22.0 0.0 0.0
22.5 0.0 0.0
23.0 0.0 0.0
23.5 0.0 0.0
24.0 0.0 0.0
24.5 0.0 0.0
