#EsNodB,BLER,BER
13.0 0.9960159362549801 0.40350841531831855
13.5 0.9970089730807578 0.4016013184934991
14.0 0.998003992015968 0.38395209580838324
14.5 0.9940357852882704 0.3687970217908237
15.0 0.9910802775024777 0.3540400546029134
15.5 0.9643201542912246 0.3385855424755736
16.0 0.9345794392523364 0.3112854875683301
16.5 0.9216589861751152 0.2928059395801331
17.0 0.8410428931875525 0.24521851540354483
17.5 0.7496251874062968 0.21318658852391986
18.0 0.6207324643078833 0.16454489024321425
18.5 0.4930966469428008 0.1261475703783396
19.0 0.34891835310537334 0.08533857541620975
19.5 0.2277385561375541 0.05374426586849725
