#EsNodB,BLER,BER
0.0 1.0 0.459375
0.5 1.0 0.4486363636363636
1.0 1.0 0.4341287878787879
1.5 1.0 0.42204545454545456
2.0 1.0 0.4125757575757576
2.5 1.0 0.4003409090909091
3.0 0.9803921568627451 0.3599227569815805
3.5 0.8130081300813008 0.26333456516383347
4.0 0.5076142131979695 0.15441855099215504
4.5 0.11947431302270012 0.03052478186886789
5.0 0.01552547770700637 0.003669507575757576
5.5 0.000835421888053467 0.00015782828282828284
6.0 0.0 0.0
6.5 0.0 0.0
7.0 0.0 0.0
7.5 0.0 0.0
8.0 0.0 0.0
8.5 0.0 0.0
9.0 0.0 0.0
9.5 0.0 0.0
