#EsNodB,BLER,BER
0.0 1.0 0.4520138888888889
0.5 1.0 0.4492361111111111
1.0 1.0 0.4436111111111111
1.5 1.0 0.43701388888888887
2.0 1.0 0.44722222222222224
2.5 1.0 0.445625
3.0 1.0 0.41944444444444445
3.5 1.0 0.41833333333333333
4.0 1.0 0.4173611111111111
4.5 1.0 0.4038888888888889
5.0 1.0 0.39222222222222225
5.5 1.0 0.3865277777777778
6.0 1.0 0.40597222222222223
6.5 1.0 0.38555555555555554
7.0 1.0 0.37930555555555556
7.5 1.0 0.3670833333333333
8.0 1.0 0.3659722222222222
8.5 0.9900990099009901 0.32934543454345433
9.0 1.0 0.32763888888888887
9.5 1.0 0.31972222222222224
10.0 1.0 0.29944444444444446
10.5 1.0 0.26875
11.0 0.970873786407767 0.25593311758360304
11.5 0.9433962264150944 0.24737945492662475
12.0 0.8547008547008547 0.202991452991453
12.5 0.7142857142857143 0.15753968253968254
13.0 0.37735849056603776 0.07526205450733753
13.5 0.11862396204033215 0.02151706867009358
14.0 0.04123281965847563 0.007543153315748068
14.5 0.009179745336097127 0.0016492284407593853
15.0 0.0017215407789972026 0.0003048561796140879
15.5 0.00010024057738572574 5.5689209658736525e-06
16.0 0.0 0.0
16.5 0.0 0.0
17.0 0.0 0.0
17.5 0.0 0.0
18.0 0.0 0.0
18.5 0.0 0.0
19.0 0.0 0.0
19.5 0.0 0.0
