#EsNodB,BLER,BER
5.0 0.9900990099009901 0.43506225622562256
5.5 0.9009009009009009 0.3446457821457821
6.0 0.6993006993006993 0.20473087518542063
6.5 0.37174721189591076 0.09230314295370057
7.0 0.12755102040816327 0.026012677798392083
7.5 0.0228310502283105 0.003907511184908445
8.0 0.0011798777217633808 0.00024540156471938087
8.5 0.0003050950879690837 5.3930949893524895e-05
9.0 0.0 0.0
9.5 0.0 0.0
10.0 0.0 0.0
10.5 0.0 0.0
11.0 0.0 0.0
11.5 0.0 0.0
12.0 0.0 0.0
12.5 0.0 0.0
13.0 0.0 0.0
13.5 0.0 0.0
14.0 0.0 0.0
14.5 0.0 0.0
