#EsNodB,BLER,BER
0.0 1.0 0.500671875
0.5 1.0 0.49846484375
1.0 1.0 0.5008515625
1.5 1.0 0.500501953125
2.0 1.0 0.4984765625
2.5 1.0 0.499330078125
3.0 1.0 0.501033203125
3.5 1.0 0.50110546875
4.0 1.0 0.50078125
4.5 1.0 0.500880859375
5.0 1.0 0.49958203125
5.5 1.0 0.500400390625
6.0 1.0 0.499671875
6.5 1.0 0.49975390625
7.0 1.0 0.499779296875
7.5 1.0 0.500359375
8.0 1.0 0.49891796875
8.5 1.0 0.499708984375
9.0 1.0 0.499783203125
9.5 1.0 0.49797265625
10.0 1.0 0.49920703125
10.5 1.0 0.50023828125
11.0 1.0 0.499478515625
11.5 1.0 0.50032421875
12.0 1.0 0.499748046875
12.5 1.0 0.498685546875
13.0 1.0 0.498955078125
13.5 1.0 0.4972109375
14.0 1.0 0.498392578125
14.5 1.0 0.4966171875
15.0 1.0 0.496984375
15.5 1.0 0.49643359375
16.0 1.0 0.49569921875
16.5 1.0 0.493544921875
17.0 1.0 0.49351953125
17.5 1.0 0.489232421875
18.0 1.0 0.48333203125
18.5 1.0 0.474958984375
19.0 0.9960159362549801 0.45281374501992033
19.5 0.9871668311944719 0.4168581873149062
20.0 0.8920606601248885 0.330402193911686
20.5 0.7401924500370096 0.23837811112139157
21.0 0.4734848484848485 0.1271066376657197
21.5 0.2486943546381497 0.059781848420790845
22.0 0.11057054400707651 0.024425724237063247
22.5 0.04439314569830418 0.008873513523262008
23.0 0.015633549597436097 0.0033442971742359104
23.5 0.005115822214946386 0.0009744242461835966
24.0 0.001616646241297489 0.00031892146309744207
24.5 0.000503894643860917 9.521739239540673e-05
25.0 0.000118 2.014453125e-05
25.5 3.4e-05 6.380859375e-06
