#EsNodB,BLER,BER
10.0 1.0 0.49441287878787876
10.5 1.0 0.49460227272727275
11.0 1.0 0.49051893939393937
11.5 1.0 0.4843882575757576
12.0 1.0 0.47063636363636363
12.5 1.0 0.4549469696969697
13.0 0.9970089730807578 0.417280355901991
13.5 0.9784735812133072 0.35215041807507563
14.0 0.8680555555555556 0.26121731639309764
14.5 0.6675567423230975 0.16320245175385362
15.0 0.37821482602118 0.08267074107183789
15.5 0.1786033220217896 0.030919008805685
16.0 0.0628654051675363 0.009406355311459983
16.5 0.0166755960353603 0.0023356831271460926
17.0 0.00354 0.00043482954545454543
17.5 0.00055 7.049242424242425e-05
18.0 0.00013 1.0757575757575758e-05
