3.783028870842316538e-01 1.000000000000000000e+00 4.890625000000000111e-01
4.063569166661539778e-01 1.000000000000000000e+00 4.817773437499999756e-01
4.350287760302985474e-01 1.000000000000000000e+00 4.864062499999999845e-01
4.640317787966607432e-01 1.000000000000000000e+00 4.689062500000000244e-01
4.931594178135363937e-01 1.000000000000000000e+00 4.420898437499999889e-01
5.221748507282990559e-01 9.615384615384615641e-01 3.839205228365384359e-01
5.506671013619458543e-01 7.812500000000000000e-01 2.744293212890625000e-01
5.786030230286612897e-01 5.235602094240837667e-01 1.604425719895287983e-01
6.057097628542460477e-01 2.109704641350211018e-01 5.533442114978903009e-02
6.317107320881187871e-01 8.984725965858041119e-02 2.008051156783468086e-02
6.564698904544324920e-01 2.872737719046251220e-02 5.694978095374891858e-03
6.799182908405991821e-01 8.750437521876094221e-03 1.763418249037451788e-03
7.020038705861283423e-01 2.935390188302157682e-03 5.394682142522562148e-04
7.227119066843514794e-01 4.256768261535841778e-04 7.682136471990464290e-05
7.420946295394160730e-01 8.298066550493735387e-05 1.446489139905402124e-05
