8.621708189421567470e-02 1.000000000000000000e+00 4.979882812499999978e-01
1.007515565635469096e-01 1.000000000000000000e+00 4.979101562500000133e-01
1.172180419474439933e-01 1.000000000000000000e+00 4.986132812499999845e-01
1.357729194618892410e-01 1.000000000000000000e+00 5.002148437500000266e-01
1.565233399036581319e-01 1.000000000000000000e+00 5.007421874999999911e-01
1.795494179831186865e-01 1.000000000000000000e+00 4.977929687500000089e-01
2.049094643496860157e-01 1.000000000000000000e+00 4.995507812500000200e-01
2.325930400281063237e-01 1.000000000000000000e+00 4.958789062499999734e-01
2.625245096307744497e-01 1.000000000000000000e+00 4.970898437499999822e-01
2.946358004846573175e-01 1.000000000000000000e+00 4.946093750000000178e-01
3.287189389191353395e-01 1.000000000000000000e+00 4.945898437499999800e-01
3.645716665066991435e-01 1.000000000000000000e+00 4.921289062499999978e-01
4.019124217887212192e-01 1.000000000000000000e+00 4.874023437500000222e-01
4.405108743269426363e-01 1.000000000000000000e+00 4.874414062499999867e-01
4.800354867890870292e-01 1.000000000000000000e+00 4.863281250000000000e-01
5.202363137149659256e-01 1.000000000000000000e+00 4.722851562500000044e-01
5.608394343463651843e-01 9.803921568627450567e-01 4.344554227941176405e-01
6.015776351108460540e-01 8.849557522123894238e-01 3.258089048672566101e-01
6.421065944189829899e-01 4.310344827586206629e-01 1.358432112068965469e-01
6.821460576678580745e-01 1.109877913429522800e-01 3.205639567147614000e-02
7.212735197539579257e-01 2.106149957877000850e-02 6.407303074978938466e-03
7.590704879292081708e-01 1.358945164726190879e-03 3.321682635802695712e-04
7.950495284511599481e-01 1.056635672020287341e-04 3.318496407438714809e-05
