#EsNodB,BLER,BER
0.0 1.0 0.4981742424242424
0.5 1.0 0.4989375
1.0 1.0 0.4979375
1.5 1.0 0.49877462121212124
2.0 1.0 0.49699810606060607
2.5 1.0 0.49699621212121214
3.0 1.0 0.49596022727272726
3.5 1.0 0.4936344696969697
4.0 1.0 0.48645075757575756
4.5 1.0 0.4755852272727273
5.0 0.9930486593843099 0.4457039360837772
5.5 0.945179584120983 0.3756390702869909
6.0 0.7401924500370096 0.2330610883072023
6.5 0.3775009437523594 0.09927273871214981
7.0 0.10280662074637607 0.02315135003785153
7.5 0.021357025393503194 0.0035728928220332017
8.0 0.00179 0.0002727462121212121
8.5 4e-05 3.5606060606060608e-06
9.0 0.0 0.0
9.5 0.0 0.0
10.0 0.0 0.0
10.5 0.0 0.0
11.0 0.0 0.0
11.5 0.0 0.0
12.0 0.0 0.0
12.5 0.0 0.0
13.0 0.0 0.0
13.5 0.0 0.0
14.0 0.0 0.0
14.5 0.0 0.0
15.0 0.0 0.0
15.5 0.0 0.0
16.0 0.0 0.0
16.5 0.0 0.0
17.0 0.0 0.0
17.5 0.0 0.0
18.0 0.0 0.0
18.5 0.0 0.0
19.0 0.0 0.0
19.5 0.0 0.0
