#EsNodB,BLER,BER
0.0 1.0 0.500515625
0.5 1.0 0.49949609375
1.0 1.0 0.5015703125
1.5 1.0 0.500431640625
2.0 1.0 0.4992578125
2.5 1.0 0.50073046875
3.0 1.0 0.4994609375
3.5 1.0 0.49943359375
4.0 1.0 0.4990546875
4.5 1.0 0.49984765625
5.0 1.0 0.500462890625
5.5 1.0 0.500833984375
6.0 1.0 0.499923828125
6.5 1.0 0.50039453125
7.0 1.0 0.500880859375
7.5 1.0 0.498765625
8.0 1.0 0.500486328125
8.5 1.0 0.499150390625
9.0 1.0 0.5002578125
9.5 1.0 0.50040625
10.0 1.0 0.50048046875
10.5 1.0 0.499611328125
11.0 1.0 0.499169921875
11.5 1.0 0.499306640625
12.0 1.0 0.50009765625
12.5 1.0 0.499748046875
13.0 1.0 0.49909375
13.5 1.0 0.49838671875
14.0 1.0 0.50012109375
14.5 1.0 0.499443359375
15.0 1.0 0.500958984375
15.5 1.0 0.500283203125
16.0 1.0 0.5004921875
16.5 1.0 0.50026171875
17.0 1.0 0.501396484375
17.5 1.0 0.49987109375
18.0 1.0 0.50001171875
18.5 1.0 0.500419921875
19.0 1.0 0.499974609375
19.5 1.0 0.50033203125
20.0 1.0 0.49954296875
20.5 1.0 0.500455078125
21.0 1.0 0.498517578125
21.5 1.0 0.499220703125
22.0 1.0 0.499017578125
22.5 1.0 0.501443359375
23.0 1.0 0.49903125
23.5 1.0 0.500833984375
24.0 1.0 0.49905859375
24.5 1.0 0.49884765625
25.0 1.0 0.49905078125
25.5 1.0 0.498984375
26.0 1.0 0.498466796875
26.5 1.0 0.496625
27.0 1.0 0.497390625
27.5 1.0 0.495380859375
28.0 1.0 0.4950859375
28.5 1.0 0.493427734375
29.0 1.0 0.4908671875
29.5 1.0 0.486140625
