#EsNodB,BLER,BER
15.0 1.0 0.4370833333333333
15.5 1.0 0.4256060606060606
16.0 1.0 0.41602272727272727
16.5 1.0 0.396969696969697
17.0 1.0 0.3776136363636364
17.5 0.970873786407767 0.3450279493968814
18.0 0.9090909090909091 0.28488292011019284
18.5 0.6289308176100629 0.16457023060796647
19.0 0.31746031746031744 0.07582972582972583
19.5 0.07836990595611286 0.018108197967132138
20.0 0.02574257425742574 0.005728429985855729
20.5 0.0027507163323782233 0.0005965095076842928
21.0 0.000303459437588509 5.670706662007491e-05
21.5 0.00010047221943132724 2.5879208035341863e-05
22.0 0.0 0.0
22.5 0.0 0.0
23.0 0.0 0.0
23.5 0.0 0.0
24.0 0.0 0.0
24.5 0.0 0.0
