#EsNodB,BLER,BER
13.0 0.999000999000999 0.4086080586080586
13.5 1.0 0.401061797752809
14.0 0.9910802775024777 0.38024632242402645
14.5 0.983284169124877 0.355135116807378
15.0 0.9596928982725528 0.3285348688419706
15.5 0.9216589861751152 0.30034830136105456
16.0 0.8561643835616438 0.26906494618395305
16.5 0.774593338497289 0.22292611854966618
17.0 0.6988120195667366 0.1991406275997471
17.5 0.5763688760806917 0.15777068752573076
18.0 0.4043671653861706 0.10822492677009261
18.5 0.3137747097583935 0.08179953622567289
19.0 0.17914725904693657 0.03801571187812678
19.5 0.0853898044573478 0.017931318494242673
