#EsNodB,BLER,BER
15.0 1.0 0.4403030303030303
15.5 1.0 0.4265909090909091
16.0 1.0 0.4163636363636364
16.5 1.0 0.39647727272727273
17.0 1.0 0.38329545454545455
17.5 0.9523809523809523 0.3068903318903319
18.0 0.8620689655172413 0.26635971786833856
18.5 0.5181347150259067 0.13942534149788036
19.0 0.2949852507374631 0.07323232323232323
19.5 0.09216589861751152 0.021184192151934088
20.0 0.02290862290862291 0.004590304590304591
20.5 0.003400534369686665 0.0005501946842728965
21.0 0.00020202020202020202 2.4487297214569943e-05
21.5 0.0 0.0
22.0 0.0 0.0
22.5 0.0 0.0
23.0 0.0 0.0
23.5 0.0 0.0
24.0 0.0 0.0
24.5 0.0 0.0
