#EsNodB,BLER,BER
0.0 1.0 0.5004375
0.5 1.0 0.49998046875
1.0 1.0 0.500419921875
1.5 1.0 0.4997421875
2.0 1.0 0.5001171875
2.5 1.0 0.500267578125
3.0 1.0 0.499576171875
3.5 1.0 0.500548828125
4.0 1.0 0.500298828125
4.5 1.0 0.50081640625
5.0 1.0 0.499775390625
5.5 1.0 0.50101171875
6.0 1.0 0.50041015625
6.5 1.0 0.4997890625
7.0 1.0 0.500689453125
7.5 1.0 0.5003046875
8.0 1.0 0.500150390625
8.5 1.0 0.500728515625
9.0 1.0 0.499607421875
9.5 1.0 0.499298828125
10.0 1.0 0.499267578125
10.5 1.0 0.50108984375
11.0 1.0 0.499791015625
11.5 1.0 0.49923046875
12.0 1.0 0.500537109375
12.5 1.0 0.499939453125
13.0 1.0 0.50015234375
13.5 1.0 0.50060546875
14.0 1.0 0.500876953125
14.5 1.0 0.499181640625
15.0 1.0 0.50015234375
15.5 1.0 0.500185546875
16.0 1.0 0.499921875
16.5 1.0 0.4996796875
17.0 1.0 0.500865234375
17.5 1.0 0.500544921875
18.0 1.0 0.4996328125
18.5 1.0 0.500044921875
19.0 1.0 0.50071875
19.5 1.0 0.5001875
20.0 1.0 0.501123046875
20.5 1.0 0.50036328125
21.0 1.0 0.49959765625
21.5 1.0 0.4990703125
22.0 1.0 0.500451171875
22.5 1.0 0.500103515625
23.0 1.0 0.499689453125
23.5 1.0 0.4998984375
24.0 1.0 0.499833984375
24.5 1.0 0.50076171875
25.0 1.0 0.50030078125
25.5 1.0 0.499091796875
26.0 1.0 0.500224609375
26.5 1.0 0.49905078125
27.0 1.0 0.499015625
27.5 1.0 0.4996328125
28.0 1.0 0.49937109375
28.5 1.0 0.500072265625
29.0 1.0 0.4998828125
29.5 1.0 0.49908203125
