#EsNodB,BLER,BER
0.0 1.0 0.4998125
0.5 1.0 0.49997348484848486
1.0 1.0 0.5004337121212121
1.5 1.0 0.5001818181818182
2.0 1.0 0.49934280303030304
2.5 1.0 0.498907196969697
3.0 1.0 0.4998655303030303
3.5 1.0 0.5009299242424242
4.0 1.0 0.49993560606060605
4.5 1.0 0.4999886363636364
5.0 1.0 0.4986534090909091
5.5 1.0 0.4989621212121212
6.0 1.0 0.4995246212121212
6.5 1.0 0.49929734848484847
7.0 1.0 0.4992253787878788
7.5 1.0 0.4989886363636364
8.0 1.0 0.49884469696969697
8.5 1.0 0.4980189393939394
9.0 1.0 0.4969090909090909
9.5 1.0 0.49771401515151514
10.0 1.0 0.49443560606060605
10.5 1.0 0.49342424242424243
11.0 1.0 0.4904204545454545
11.5 1.0 0.4860265151515151
12.0 1.0 0.4765776515151515
12.5 0.999000999000999 0.4587836406018224
13.0 0.9970089730807578 0.4238326686606846
13.5 0.9643201542912246 0.3562669851845358
14.0 0.8741258741258742 0.2666117026912481
14.5 0.6261740763932373 0.154407648811218
15.0 0.36603221083455345 0.07680922512090155
15.5 0.14459224985540775 0.024919707485496958
16.0 0.04769399532598846 0.006556479084737777
16.5 0.012909366328404628 0.0017327957375814528
17.0 0.0028 0.00036541666666666667
17.5 0.0004 3.5265151515151515e-05
18.0 0.00012 8.56060606060606e-06
18.5 0.0 0.0
19.0 0.0 0.0
19.5 0.0 0.0
