#EsNodB,BLER,BER
0.0 1.0 0.45006944444444447
0.5 1.0 0.445625
1.0 1.0 0.4483333333333333
1.5 1.0 0.4388888888888889
2.0 1.0 0.4419444444444444
2.5 1.0 0.43875
3.0 1.0 0.4181944444444444
3.5 1.0 0.4222222222222222
4.0 1.0 0.4123611111111111
4.5 1.0 0.40458333333333335
5.0 1.0 0.38916666666666666
5.5 1.0 0.3983333333333333
6.0 1.0 0.39
6.5 1.0 0.38458333333333333
7.0 1.0 0.39361111111111113
7.5 1.0 0.38
8.0 1.0 0.35625
8.5 1.0 0.3473611111111111
9.0 1.0 0.3368055555555556
9.5 1.0 0.32166666666666666
10.0 1.0 0.2920833333333333
10.5 0.9803921568627451 0.26443355119825707
11.0 0.970873786407767 0.25849514563106796
11.5 0.9259259259259259 0.2523148148148148
12.0 0.8849557522123894 0.2305801376597837
12.5 0.6410256410256411 0.1476139601139601
13.0 0.33783783783783783 0.07516891891891891
13.5 0.13054830287206268 0.02295474325500435
14.0 0.046348314606741575 0.008517998335414065
14.5 0.008689024390243903 0.001448170731707317
15.0 0.00096514745308311 0.00014000595770032766
15.5 0.0 0.0
16.0 0.0 0.0
16.5 0.0 0.0
17.0 0.0 0.0
17.5 0.0 0.0
18.0 0.0 0.0
18.5 0.0 0.0
19.0 0.0 0.0
19.5 0.0 0.0
