#EsNodB,BLER,BER
13.0 0.9970089730807578 0.44454527043868397
13.5 0.9737098344693281 0.3920209043330088
14.0 0.916590284142988 0.33076019706691107
14.5 0.7662835249042146 0.247780471743295
15.0 0.532197977647685 0.1483325156333156
15.5 0.3249918752031199 0.08088870043873903
16.0 0.15202189115232592 0.03340888900501672
16.5 0.061357221744999385 0.012332082540802553
17.0 0.022050716648291068 0.004197775978500551
17.5 0.00714204090961033 0.001284409571941778
18.0 0.001862322491556103 0.0003384264961092762
18.5 0.0004530185737615242 8.193304675491696e-05
19.0 6.7e-05 9.21484375e-06
