#EsNodB,BLER,BER
13.0 0.998003992015968 0.44325216753992014
13.5 0.9794319294809011 0.4009855533790402
14.0 0.931098696461825 0.33308419168994413
14.5 0.7418397626112759 0.23757418397626112
15.0 0.5260389268805892 0.142465108824303
15.5 0.304228780042592 0.07331081723456039
16.0 0.1528117359413203 0.03391077465999389
16.5 0.059988002399520096 0.012132573485302939
17.0 0.02284565475646532 0.0043656618386182944
17.5 0.006879424329772085 0.0013900199331319954
18.0 0.0019029750224975209 0.00038029497784639017
18.5 0.00044589088999821646 9.500818573008872e-05
19.0 8e-05 1.5599609375e-05
