#construction=<polar_code.RCA.RCA object at 0x14fd7010af10>
#EsNodB,BLER,BER
0.0 0.9960159362549801 0.11825802849209224
0.5 0.9861932938856016 0.10765569900185284
1.0 0.942507068803016 0.09355810698883273
1.5 0.8525149190110827 0.07570913740990468
2.0 0.6418485237483954 0.05034620920371883
2.5 0.4140786749482402 0.03039086517347387
3.0 0.17901897601145722 0.011647761177836365
3.5 0.05666685555618519 0.003506798305489301
4.0 0.010042819022402416 0.0005663052342509555
4.5 0.00108 5.6761363636363636e-05
5.0 5e-05 3.125e-06
5.5 0.0 0.0
