#construction=<polar_code.RCA.RCA object at 0x1514b1527670>
#EsNodB,BLER,BER
0.0 1.0 0.47527840909090907
0.5 1.0 0.46767613636363636
1.0 1.0 0.4534128787878788
1.5 1.0 0.4385094696969697
2.0 1.0 0.40103598484848485
2.5 0.9920634920634921 0.35078463203463206
3.0 0.970873786407767 0.2769196822594881
3.5 0.8936550491510277 0.19541934086170012
4.0 0.7558578987150416 0.12880505737648595
4.5 0.5282620179609087 0.06452400390593735
5.0 0.26062027625749284 0.025517587919855315
5.5 0.08504124500382686 0.007074690694683892
6.0 0.015364759387867986 0.0011692640094013702
6.5 0.00144 0.00010774621212121212
7.0 2e-05 1.6666666666666667e-06
7.5 0.0 0.0
8.0 0.0 0.0
8.5 0.0 0.0
9.0 0.0 0.0
9.5 0.0 0.0
10.0 0.0 0.0
10.5 0.0 0.0
11.0 0.0 0.0
11.5 0.0 0.0
12.0 0.0 0.0
12.5 0.0 0.0
13.0 0.0 0.0
13.5 0.0 0.0
14.0 0.0 0.0
14.5 0.0 0.0
15.0 0.0 0.0
15.5 0.0 0.0
16.0 0.0 0.0
16.5 0.0 0.0
17.0 0.0 0.0
17.5 0.0 0.0
18.0 0.0 0.0
18.5 0.0 0.0
19.0 0.0 0.0
19.5 0.0 0.0
20.0 0.0 0.0
20.5 0.0 0.0
21.0 0.0 0.0
21.5 0.0 0.0
22.0 0.0 0.0
22.5 0.0 0.0
23.0 0.0 0.0
23.5 0.0 0.0
24.0 0.0 0.0
24.5 0.0 0.0
