#construction=<polar_code.polar_construction.Improved_GA object at 0x1515680d7ee0>
#EsNodB,BLER,BER
0.0 1.0 0.4749810606060606
0.5 1.0 0.46652462121212124
1.0 1.0 0.45590151515151517
1.5 1.0 0.43462310606060606
2.0 0.998003992015968 0.39734924091211515
2.5 0.9960159362549801 0.36008994325727395
3.0 0.9643201542912246 0.2776639344262295
3.5 0.8904719501335708 0.19438766561429072
4.0 0.7513148009015778 0.11705000796849031
4.5 0.5344735435595938 0.0654709845650519
5.0 0.2585983966899405 0.02525154571314385
5.5 0.0799744081893794 0.006759503625506504
6.0 0.014731662762776035 0.001170748676494025
6.5 0.00127 9.348484848484849e-05
7.0 6e-05 2.3863636363636363e-06
7.5 0.0 0.0
8.0 0.0 0.0
8.5 0.0 0.0
9.0 0.0 0.0
9.5 0.0 0.0
10.0 0.0 0.0
10.5 0.0 0.0
11.0 0.0 0.0
11.5 0.0 0.0
12.0 0.0 0.0
12.5 0.0 0.0
13.0 0.0 0.0
13.5 0.0 0.0
14.0 0.0 0.0
14.5 0.0 0.0
15.0 0.0 0.0
15.5 0.0 0.0
16.0 0.0 0.0
16.5 0.0 0.0
17.0 0.0 0.0
17.5 0.0 0.0
18.0 0.0 0.0
18.5 0.0 0.0
19.0 0.0 0.0
19.5 0.0 0.0
20.0 0.0 0.0
20.5 0.0 0.0
21.0 0.0 0.0
21.5 0.0 0.0
22.0 0.0 0.0
22.5 0.0 0.0
23.0 0.0 0.0
23.5 0.0 0.0
24.0 0.0 0.0
24.5 0.0 0.0
