#EsNodB,BLER,BER
15.0 0.9852216748768473 0.3150992685475444
15.5 0.9541984732824428 0.2783982477446218
16.0 0.9337068160597572 0.2520283365871601
16.5 0.8865248226950354 0.223610775306254
17.0 0.8012820512820513 0.1910693473193473
17.5 0.7147962830593281 0.1533427556479737
18.0 0.6195786864931846 0.1205233093011903
18.5 0.4821600771456123 0.08344930744279828
19.0 0.3721622627465575 0.05554028374553124
19.5 0.240442414041837 0.03263322695578046
20.0 0.1481481481481481 0.01672727272727273
20.5 0.07307804735457468 0.007071546730089554
21.0 0.02510544286001205 0.002073148511627624
21.5 0.00786 0.0005431818181818182
22.0 0.00261 0.0001770265151515152
22.5 0.00097 4.638257575757576e-05
23.0 0.00022 9.772727272727273e-06
23.5 8e-05 3.863636363636364e-06
24.0 3e-05 9.848484848484847e-07
24.5 0.0 0.0
