#construction=<polar_code.RCA.RCA object at 0x14b998163e80>
#EsNodB,BLER,BER
15.0 0.9784735812133072 0.30484270295914134
15.5 0.9596928982725528 0.2682341650671785
16.0 0.9216589861751152 0.24941174416980869
16.5 0.8928571428571429 0.22397186147186146
17.0 0.8116883116883117 0.18702651515151514
17.5 0.6983240223463687 0.15129692525816826
18.0 0.6195786864931846 0.12104314520671398
18.5 0.4972650422675286 0.08769758751111312
19.0 0.35932446999640677 0.056385359161140694
19.5 0.24588148512417016 0.033825934535917326
20.0 0.14396775122372588 0.01650666614314757
20.5 0.06683598449405159 0.006541698565659266
21.0 0.02436825303993957 0.0018959700816927223
21.5 0.008316971253083623 0.0005859264751426057
22.0 0.00316 0.00020617424242424243
22.5 0.00099 5.558712121212121e-05
23.0 0.00022 9.583333333333334e-06
23.5 2e-05 1.7045454545454545e-07
24.0 1e-05 4.545454545454545e-07
24.5 0.0 0.0
