#construction=<polar_code.RCA.RCA object at 0x14f9c5dbad90>
#EsNodB,BLER,BER
5.0 0.9960159362549801 0.20747502414584088
5.5 0.9960159362549801 0.16641011710732825
6.0 0.975609756097561 0.13723022912047303
6.5 0.9208103130755064 0.11012228639991072
7.0 0.8481764206955047 0.08631319556892075
7.5 0.7446016381236039 0.06646133712403259
8.0 0.6049606775559588 0.04379777814442061
8.5 0.4880429477794046 0.03004421964890486
9.0 0.34928396786587496 0.01716452862540882
9.5 0.2457606291472106 0.009648431972713123
10.0 0.15260186174271326 0.004886438781219798
10.5 0.0814663951120163 0.0021235265074368943
11.0 0.03097413659594239 0.0007183301185933988
11.5 0.00765 0.00016047348484848485
12.0 0.00123 2.5625e-05
12.5 0.00015 2.5568181818181817e-06
13.0 0.0 0.0
13.5 0.0 0.0
14.0 0.0 0.0
14.5 0.0 0.0
