#construction=<polar_code.monte_carlo_construction.monte_carlo object at 0x14de28ed2c40>
#EsNodB,BLER,BER
15.0 0.975609756097561 0.29687361419068736
15.5 0.9652509652509652 0.28976358663858665
16.0 0.929368029739777 0.25329327193871803
16.5 0.8779631255487269 0.23031566765104958
17.0 0.8116883116883117 0.18875903925619836
17.5 0.7183908045977011 0.15616700409265064
18.0 0.6027727546714888 0.11046724021407565
18.5 0.49677098857426727 0.0874759141338873
19.0 0.36643459142543056 0.05526083480462374
19.5 0.24044241404183697 0.03168102035017159
20.0 0.14697236919459142 0.01709695054602462
20.5 0.0699741095794556 0.007165719895759781
21.0 0.025771867429513942 0.0020514015991053257
21.5 0.00829 0.000590719696969697
22.0 0.00285 0.00018477272727272727
22.5 0.00105 5.9299242424242426e-05
23.0 0.00026 1.125e-05
23.5 8e-05 4.962121212121212e-06
24.0 0.0 0.0
24.5 0.0 0.0
