5.0 0.2039041106196022 0.9930486593843099
5.5 0.165042492707031 0.9823182711198428
6.0 0.1353425559947299 0.966183574879227
6.5 0.1099487211952393 0.9285051067780873
7.0 0.08481407881874775 0.8488964346349746
7.5 0.06400550964187328 0.7272727272727273
8.0 0.04528493894165536 0.6218905472636815
8.5 0.03097396025027604 0.5060728744939271
9.0 0.01788682067475486 0.3656307129798903
9.5 0.01028516389188326 0.2635046113306983
10.0 0.00494484471757199 0.1554001554001554
10.5 0.001976413339872022 0.07817997029161129
11.0 0.0006573990658665938 0.02949330501976051
11.5 0.0001613825757575758 0.00742
12.0 2.571969696969697e-05 0.00128
12.5 2.083333333333333e-06 8.000000000000001e-05
13.0 0.0 0.0
13.5 0.0 0.0
14.0 0.0 0.0
14.5 0.0 0.0