#construction=<polar_code.polar_construction.Improved_GA object at 0x154b91623af0>
#EsNodB,BLER,BER
5.0 0.998003992015968 0.20867167180789936
5.5 0.9852216748768473 0.16559934318555009
6.0 0.975609756097561 0.1339449371766445
6.5 0.9250693802035153 0.11125360917220306
7.0 0.8431703204047217 0.08572710664827023
7.5 0.7446016381236039 0.06430086418917394
8.0 0.6459948320413437 0.048142520162869
8.5 0.4985044865403789 0.030105705610441402
9.0 0.3844675124951942 0.019173132711194994
9.5 0.24679170779861798 0.008992472852912142
10.0 0.15762925598991173 0.0048103791700103175
10.5 0.07301401869158879 0.0018507947465307279
11.0 0.03046551303923958 0.0007201516443991463
11.5 0.00786 0.00017418560606060607
12.0 0.00126 2.7803030303030303e-05
12.5 0.00014 3.5227272727272726e-06
13.0 0.0 0.0
13.5 0.0 0.0
14.0 0.0 0.0
14.5 0.0 0.0
