#EsNodB,BLER,BER
#CA_SCL
0.0 1.0 0.5010852272727273
0.5 1.0 0.5004128787878788
1.0 1.0 0.49901704545454545
1.5 1.0 0.5006098484848485
2.0 1.0 0.49911174242424244
2.5 1.0 0.49932954545454544
3.0 1.0 0.5012443181818181
3.5 1.0 0.49895833333333334
4.0 1.0 0.4991780303030303
4.5 1.0 0.49990151515151515
5.0 1.0 0.4995492424242424
5.5 1.0 0.5006647727272727
6.0 1.0 0.5006893939393939
6.5 1.0 0.49921780303030305
7.0 1.0 0.4995681818181818
7.5 1.0 0.49808522727272725
8.0 1.0 0.4980246212121212
8.5 1.0 0.4968503787878788
9.0 1.0 0.49666098484848487
9.5 1.0 0.4964337121212121
10.0 1.0 0.49556060606060603
10.5 1.0 0.4941875
11.0 1.0 0.4916988636363636
11.5 1.0 0.4842159090909091
12.0 1.0 0.47531439393939395
12.5 1.0 0.4554034090909091
13.0 0.999000999000999 0.42350074168255986
13.5 0.9765625 0.3701412316524621
14.0 0.8598452278589854 0.2643942650928893
14.5 0.66711140760507 0.16269053106111145
15.0 0.3861003861003861 0.08038858663858664
15.5 0.17476406850751486 0.03137743213328673
16.0 0.06288517167651868 0.010698458932171672
16.5 0.017745358563250165 0.0025777315340993535
17.0 0.004700871871107719 0.0006407616483854983
17.5 0.00072 8.962121212121212e-05
18.0 0.00012 1.4734848484848486e-05
18.5 0.0 0.0
19.0 0.0 0.0
19.5 0.0 0.0
