#EsNodB,BLER,BER
CA_SCL
0.0 1.0 0.49979924242424245
0.5 1.0 0.49939015151515154
1.0 1.0 0.4990662878787879
1.5 1.0 0.4994640151515152
2.0 1.0 0.49847916666666664
2.5 1.0 0.49697159090909093
3.0 1.0 0.4965625
3.5 1.0 0.4946534090909091
4.0 1.0 0.4868712121212121
4.5 1.0 0.47353219696969695
5.0 0.999000999000999 0.45283693579148127
5.5 0.9442870632672332 0.3670594042407074
6.0 0.7347538574577517 0.23196652416894886
6.5 0.3787878787878788 0.09766988062442608
7.0 0.11071744906997343 0.02387428872426658
7.5 0.020953817785600536 0.0036919198268833674
8.0 0.0026 0.00040301136363636364
8.5 0.00016 1.840909090909091e-05
9.0 1e-05 6.060606060606061e-07
9.5 0.0 0.0
10.0 0.0 0.0
10.5 0.0 0.0
11.0 0.0 0.0
11.5 0.0 0.0
12.0 0.0 0.0
12.5 0.0 0.0
13.0 0.0 0.0
13.5 0.0 0.0
14.0 0.0 0.0
14.5 0.0 0.0
15.0 0.0 0.0
15.5 0.0 0.0
16.0 0.0 0.0
16.5 0.0 0.0
17.0 0.0 0.0
17.5 0.0 0.0
18.0 0.0 0.0
18.5 0.0 0.0
19.0 0.0 0.0
19.5 0.0 0.0
