#EsNodB,BLER,BER
#CA_SCL
14.0 0.9970089730807578 0.2916345659989728
14.5 0.9930486593843099 0.2755352682736
15.0 0.9643201542912246 0.24056683030887466
15.5 0.8928571428571429 0.20238095238095238
16.0 0.7390983000739099 0.14845797218302761
16.5 0.45392646391284613 0.08456959518012627
17.0 0.2416626389560174 0.04089407853303455
17.5 0.10407602473093656 0.0163485091353193
18.0 0.042559583416783495 0.006510250714636855
18.5 0.0126 0.0019515151515151516
19.0 0.0024 0.00030984848484848487
19.5 0.0006 6.818181818181818e-05
