238
393
424
217
188
269
480
463
138
85
434
507
306
127
34
379
64
11
288
243
472
227
156
91
450
171
500
411
256
123
22
41
140
329
368
281
192
219
244
161
504
461
80
457
12
399
378
67
326
125
98
233
198
341
28
113
496
145
150
245
168
353
74
465
414
315
446
105
360
237
182
23
38
3
340
397
152
255
196
303
466
499
478
271
52
141
436
29
16
333
128
415
250
371
410
307
456
93
488
121
292
35
282
143
344
405
440
131
160
7
382
365
274
317
470
495
304
477
332
15
448
285
218
345
412
377
0
155
66
89
318
493
296
103
362
17
276
437
404
343
426
215
416
153
82
173
60
455
14
489
482
265
40
291
4
321
220
363
112
235
200
417
494
385
342
65
462
181
268
9
120
349
328
133
102
337
508
453
234
413
62
381
474
199
186
149
6
277
2
369
252
407
26
205
502
109
224
137
310
487
390
473
444
373
180
77
398
51
246
261
202
31
230
101
190
273
298
327
44
83
142
59
376
421
116
185
30
247
212
47
498
339
72
449
322
301
172
57
154
469
374
119
266
45
10
25
388
207
194
249
352
497
320
163
380
445
178
43
510
359
124
267
208
295
24
431
222
167
254
391
110
355
372
27
144
183
90
251
280
435
46
289
312
203
418
61
338
395
364
177
158
383
86
325
8
71
264
423
294
401
122
505
42
253
460
169
96
79
370
63
240
111
356
283
316
147
408
293
468
375
492
433
88
263
166
21
132
213
114
191
366
49
396
275
248
299
290
459
170
357
84
225
104
69
134
483
162
179
346
367
386
287
454
257
302
99
324
151
228
501
484
197
350
19
136
419
452
279
78
187
232
335
258
87
108
475
308
129
432
13
164
39
216
387
348
175
56
479
70
115
278
259
330
95
428
311
506
135
18
443
176
201
358
223
402
117
36
81
242
323
260
471
284
1
420
97
130
441
354
209
334
347
148
481
236
313
50
403
430
33
118
511
100
195
442
361
476
157
336
73
490
319
54
229
300
211
394
37
422
165
20
509
106
331
146
221
94
451
184
409
270
53
204
239
384
485
464
429
126
305
286
159
174
107
68
439
458
5
210
231
92
491
272
389
76
193
314
425
400
351
486
55
58
241
206
297
226
447
262
467
392
189
32
139
406
427
438
503
214
75
48
309
