136
415
250
509
232
357
148
281
16
205
34
67
432
101
350
165
254
121
406
451
402
219
506
151
8
233
270
385
318
75
50
473
128
511
108
125
404
17
178
449
280
217
242
349
310
159
488
3
82
31
116
465
428
391
412
263
60
209
300
175
342
277
22
229
2
457
496
323
46
103
356
265
434
411
216
479
12
303
72
237
390
55
252
351
180
207
0
275
430
471
452
77
370
489
14
299
100
171
388
503
44
61
220
201
334
273
156
427
398
365
314
13
348
109
298
257
74
33
464
491
204
221
158
377
10
187
124
359
278
63
78
423
306
445
462
105
344
215
26
495
188
373
68
387
130
425
54
453
276
487
104
301
226
317
504
345
32
249
366
137
186
107
80
271
422
315
450
405
52
295
234
437
212
73
494
29
176
381
198
259
362
463
132
481
164
331
40
497
296
241
392
93
354
27
194
305
146
123
260
441
384
363
508
327
18
493
286
79
30
95
268
429
192
115
304
145
358
475
338
161
454
239
382
19
320
485
86
185
202
129
438
7
284
41
308
111
330
395
376
461
222
149
24
255
90
179
484
57
134
203
6
279
426
313
236
393
378
163
66
355
480
143
436
99
368
53
200
1
228
343
420
177
322
251
386
307
160
85
360
139
62
113
478
443
408
227
190
379
282
433
258
325
162
367
210
469
142
83
36
59
110
389
98
191
294
231
312
253
272
483
336
69
172
439
138
419
468
199
120
401
92
353
324
45
288
455
380
337
218
477
182
133
238
417
256
297
118
397
88
43
332
467
374
197
224
141
246
169
498
413
64
91
440
47
4
117
154
321
274
329
184
369
482
403
292
505
248
35
466
89
174
421
492
127
102
153
446
213
476
335
262
71
364
399
460
285
316
167
230
87
56
5
112
409
150
431
126
339
470
181
38
501
394
289
206
243
456
81
486
97
418
225
266
21
152
347
326
51
400
193
70
435
122
311
94
499
414
245
168
211
290
447
58
37
340
11
106
375
500
147
42
183
264
247
416
25
442
319
208
361
166
287
346
459
96
15
140
333
490
223
510
371
28
155
240
407
114
173
448
269
48
293
472
195
214
341
84
9
502
135
244
383
302
23
410
157
444
261
352
283
328
49
424
189
372
65
396
507
474
131
170
39
20
267
144
309
196
291
458
235
76
119
