154
269
230
327
42
503
462
425
26
145
486
207
392
353
168
369
330
131
218
159
280
39
406
107
194
493
238
337
80
355
472
141
52
29
224
313
408
439
286
237
108
183
14
277
82
361
48
129
452
319
206
153
228
219
22
395
378
295
418
443
92
5
474
123
264
349
162
51
204
461
316
217
412
23
178
501
300
75
372
125
262
97
480
47
200
9
312
379
136
229
216
79
342
409
292
59
28
275
184
127
464
367
40
251
142
381
492
203
436
317
6
343
416
111
214
73
182
33
50
279
460
365
158
241
132
323
258
485
16
65
170
201
118
463
366
37
234
149
448
101
270
481
498
137
310
195
400
467
18
171
284
233
36
357
60
371
444
423
150
291
272
321
104
189
470
397
20
347
488
457
376
197
44
261
244
431
134
179
94
211
318
271
288
393
446
53
356
69
370
299
468
259
12
165
428
181
110
231
344
489
148
249
438
81
420
121
274
19
360
471
56
91
186
209
0
487
454
403
338
267
246
441
156
85
296
213
382
55
24
497
180
419
112
477
2
333
192
157
252
435
458
31
306
345
290
391
176
57
326
119
100
71
208
413
478
449
260
383
502
169
152
199
38
465
362
315
434
185
282
7
58
417
88
389
236
455
496
473
354
117
380
27
266
1
332
191
450
305
422
67
510
215
130
253
322
17
34
287
268
491
278
49
414
453
302
511
210
427
66
105
8
161
320
135
250
283
32
495
54
359
76
399
456
407
374
221
440
41
314
339
98
25
114
257
166
273
64
351
138
89
410
235
402
447
500
387
308
329
482
109
368
173
46
433
68
245
190
289
350
411
84
301
386
499
390
167
128
325
146
63
256
309
30
13
222
187
424
335
508
87
384
175
352
61
122
247
476
307
430
193
398
15
324
227
346
505
78
95
140
45
466
293
120
377
70
265
242
483
358
21
388
223
164
405
432
507
96
375
298
77
196
113
340
255
126
155
10
451
220
143
62
479
334
297
198
93
248
429
74
115
174
3
364
263
102
509
396
469
212
151
442
285
484
421
304
459
240
11
116
385
404
147
172
225
336
133
506
437
86
281
490
475
188
163
294
243
4
103
328
363
394
139
426
311
504
83
226
445
124
401
202
43
276
177
348
99
160
331
232
373
494
303
254
35
72
239
144
415
106
205
90
341
