230
505
130
285
50
261
378
463
356
23
178
5
218
511
118
101
424
401
296
497
136
467
328
41
242
75
374
429
176
361
306
491
90
393
148
191
260
433
128
501
340
53
322
415
22
297
80
171
476
233
348
151
124
403
254
387
48
293
202
55
110
315
138
173
352
331
382
461
290
239
408
425
210
503
396
475
314
11
60
339
142
43
174
449
108
89
362
201
232
127
498
471
326
15
416
305
56
65
436
289
38
97
256
221
116
147
246
465
206
365
392
269
0
87
192
31
74
417
316
159
286
457
96
119
198
243
270
227
6
397
52
483
146
379
64
327
460
427
164
307
442
509
240
21
250
367
182
107
402
129
58
469
70
421
200
267
342
229
386
161
302
439
122
253
100
185
324
205
46
81
12
343
134
477
510
385
418
167
298
329
452
117
34
405
236
69
42
51
196
349
268
139
18
93
310
431
456
165
228
203
120
489
44
395
338
187
446
277
366
7
72
411
30
317
102
459
212
17
380
241
494
265
194
283
354
91
304
335
482
73
422
443
216
113
376
35
158
347
500
141
190
287
248
455
400
99
224
79
430
323
28
363
480
3
168
383
88
207
492
281
262
183
244
453
350
423
106
325
394
225
76
155
468
25
292
193
368
257
502
169
132
85
388
149
112
309
438
219
484
279
466
9
406
373
344
59
32
77
264
131
444
319
390
105
428
199
478
303
364
273
220
39
166
409
384
251
2
313
204
83
280
447
98
493
156
235
334
407
172
13
474
507
258
103
36
391
370
441
214
345
282
49
150
301
26
189
126
413
68
245
360
111
450
485
92
209
288
175
432
333
10
45
152
195
78
369
490
237
24
121
222
255
276
353
294
451
412
57
94
375
332
487
312
135
186
217
154
357
4
419
272
249
506
291
170
61
440
137
464
341
20
371
318
123
486
355
162
437
188
271
252
95
278
71
508
213
346
1
54
29
144
115
410
495
308
479
330
359
448
179
86
163
238
47
398
263
14
145
300
337
462
33
414
215
434
481
62
181
274
321
234
125
372
19
160
223
504
247
470
177
358
435
454
445
488
67
40
377
140
157
404
311
104
231
266
473
284
351
208
389
496
153
8
197
458
37
426
133
114
295
84
275
66
259
226
27
320
381
180
499
336
399
184
143
420
109
16
299
472
63
82
211
