198
503
400
275
478
359
376
137
184
233
212
413
440
71
316
1
468
287
102
127
188
397
272
365
88
491
414
305
68
245
174
331
470
37
502
7
398
283
80
125
356
339
378
227
434
311
252
15
64
455
402
291
196
479
132
445
168
357
72
467
372
363
422
31
236
251
96
299
336
189
276
401
322
349
62
497
28
159
242
375
106
425
304
123
76
257
338
55
262
387
280
315
484
355
186
29
234
405
370
169
426
247
134
39
110
89
288
61
230
303
152
469
386
345
510
369
446
399
432
45
16
219
244
133
290
107
150
85
504
185
474
337
360
67
392
307
428
17
482
279
238
265
104
191
86
59
342
353
466
111
166
139
206
183
246
421
362
435
154
19
4
281
58
391
30
97
476
335
460
75
126
223
448
261
408
509
438
173
296
361
190
93
328
249
18
481
114
77
122
157
268
43
352
229
436
195
308
393
148
449
70
23
162
477
256
3
82
501
382
325
178
487
292
201
354
103
314
121
32
147
458
341
508
239
442
377
0
263
216
95
406
197
488
175
48
27
368
313
464
447
250
145
418
5
396
163
348
99
214
431
266
493
130
321
24
297
46
459
506
13
412
351
204
373
176
135
94
235
264
119
472
327
56
295
36
211
6
443
170
511
228
407
270
385
142
485
90
203
312
255
324
457
40
437
108
179
416
367
2
495
394
87
222
241
14
453
140
267
52
323
340
25
254
309
208
177
128
65
10
347
498
461
384
319
452
117
146
273
430
33
100
253
226
207
172
489
380
441
298
507
12
91
248
153
124
53
424
41
22
473
202
101
320
439
160
259
390
499
220
51
278
411
84
395
192
215
490
35
116
21
454
161
144
317
358
79
232
417
282
419
180
113
200
389
494
505
50
213
450
143
350
81
34
231
364
289
156
429
330
193
20
69
486
47
462
63
346
109
92
383
284
221
136
187
326
165
302
403
78
205
118
49
444
423
54
483
334
463
240
379
274
217
294
155
8
83
318
451
112
415
42
167
480
57
496
131
258
285
300
209
374
149
332
225
98
11
60
427
410
475
492
293
66
141
164
269
456
381
310
243
210
333
120
105
26
181
404
471
420
237
74
371
138
277
344
301
44
9
194
433
218
115
158
465
500
129
388
329
260
73
182
271
38
151
366
343
286
199
224
171
306
409
