388
499
36
9
336
267
152
375
208
103
278
67
28
193
134
351
450
179
486
395
214
115
324
381
76
153
34
281
166
457
20
205
224
497
100
399
490
79
356
135
262
293
62
451
418
273
332
461
110
21
508
45
196
403
254
491
312
361
340
147
376
61
106
485
288
215
440
253
116
509
318
415
392
53
162
359
232
71
150
335
500
369
120
443
204
263
480
99
328
219
410
401
424
391
354
305
64
231
156
119
320
479
456
95
202
31
282
309
4
511
404
387
430
365
80
17
164
345
130
329
188
463
54
113
248
385
492
411
176
301
274
39
2
129
454
57
206
339
82
265
240
101
484
379
382
279
414
7
362
185
300
249
220
333
140
453
498
51
396
77
310
229
32
413
432
417
180
243
276
469
386
145
122
349
92
493
260
47
302
19
506
445
74
239
406
133
190
459
170
389
360
97
90
487
426
257
52
503
304
15
334
151
370
177
200
107
316
73
448
163
270
93
478
211
50
25
422
5
358
181
148
41
236
507
378
483
88
271
194
471
210
421
228
319
446
393
250
169
6
149
186
353
136
23
494
89
284
477
468
261
58
423
238
313
294
357
168
405
218
187
118
131
18
495
70
433
462
455
48
481
102
247
346
289
366
83
322
233
154
465
178
13
60
449
40
303
272
109
252
27
192
1
402
367
326
347
144
235
68
295
128
419
42
175
438
207
266
223
464
343
96
245
368
123
14
425
314
489
158
141
38
189
442
237
280
203
460
91
258
217
372
11
56
315
182
275
108
139
298
35
452
251
416
3
510
173
86
157
380
63
44
105
428
467
330
137
142
277
26
307
444
241
400
201
222
431
8
183
84
43
476
143
352
269
126
311
502
299
16
55
384
363
408
155
226
33
434
87
338
255
138
447
174
117
12
473
286
397
242
213
308
327
78
429
364
59
22
341
160
283
482
127
0
197
292
317
104
355
230
49
246
85
374
167
132
29
474
321
398
505
436
75
290
225
264
111
344
407
212
323
244
377
46
81
458
475
184
291
256
439
94
199
66
371
98
121
124
409
234
337
172
37
390
159
306
191
496
435
466
69
216
259
296
125
350
373
412
171
146
227
114
195
24
285
488
437
470
331
72
209
394
501
10
427
268
161
348
297
112
383
30
65
198
221
472
325
504
441
420
287
342
165
