190
67
370
225
120
93
342
235
496
313
212
171
402
33
150
243
446
373
62
197
284
491
126
301
100
319
336
15
392
179
460
41
156
279
480
447
68
501
202
125
232
85
388
109
298
341
18
183
252
317
158
365
286
407
80
485
226
199
128
507
104
449
396
429
334
25
176
215
54
273
144
367
194
411
308
237
40
497
124
107
454
5
82
401
382
175
294
261
206
53
364
143
244
333
490
439
28
511
412
315
474
271
288
113
170
207
354
231
384
141
46
295
66
81
280
329
432
201
16
457
476
387
362
157
136
247
408
99
266
487
32
467
310
393
504
343
64
431
14
241
146
169
224
277
316
409
44
111
448
203
250
345
368
65
130
13
92
145
180
233
166
285
220
509
70
49
360
321
416
465
152
257
34
127
96
385
178
193
240
265
208
9
406
473
314
253
230
433
462
71
142
19
278
355
4
91
116
381
132
477
304
455
324
213
260
437
348
191
282
21
366
79
6
161
312
63
326
397
186
131
344
103
246
483
210
453
436
417
22
121
76
51
256
147
168
291
378
459
328
363
12
115
482
419
214
29
438
87
468
311
404
293
182
255
372
159
332
3
238
219
486
451
52
27
196
475
422
359
270
395
494
251
74
287
154
17
94
331
204
375
184
405
464
37
424
59
114
351
222
489
248
297
198
155
174
325
442
89
376
11
30
61
466
105
498
425
340
223
140
83
42
403
0
205
258
349
162
391
302
73
450
35
492
263
470
97
56
209
172
337
456
153
400
357
428
377
276
299
330
137
500
249
8
413
24
195
216
469
72
305
374
151
440
123
358
505
268
45
98
399
254
421
192
383
338
445
160
77
484
379
296
239
352
259
434
39
138
163
122
371
502
189
108
441
2
339
148
275
36
303
356
245
86
47
458
117
444
481
506
327
134
227
430
353
262
281
418
187
88
1
38
307
50
369
472
119
290
75
164
495
228
269
200
389
20
423
322
55
106
361
306
133
264
471
118
149
394
181
510
229
350
185
318
427
102
499
410
283
60
461
10
335
218
479
420
135
380
309
234
173
112
493
90
347
274
43
48
69
292
7
242
165
26
217
452
129
386
57
414
101
84
267
508
443
320
177
488
289
426
211
398
23
110
463
236
139
346
503
58
167
300
415
78
221
272
323
478
435
188
95
390
31
