#EsNodB,BLER,BER
0.0 1.0 0.496552734375
0.5 1.0 0.495208984375
1.0 1.0 0.49469140625
1.5 1.0 0.4949375
2.0 1.0 0.492609375
2.5 1.0 0.491751953125
3.0 1.0 0.489826171875
3.5 1.0 0.48723046875
4.0 1.0 0.483302734375
4.5 1.0 0.470951171875
5.0 0.999000999000999 0.44814365322177824
5.5 0.9606147934678194 0.37653097982708933
6.0 0.8410428931875525 0.27444937973086625
6.5 0.5184033177812338 0.13708426483929498
7.0 0.2557544757033248 0.058895959878516625
7.5 0.07401376656058027 0.014984607449485604
8.0 0.016735281320078992 0.0028944192020617866
8.5 0.00280415238885742 0.00045019790305484363
9.0 0.000328 5.5189453125e-05
9.5 2.5e-05 3.330078125e-06
