#EsNodB,BLER,BER
0.0 1.0 0.4949810606060606
0.5 1.0 0.4953011363636364
1.0 1.0 0.49351893939393937
1.5 1.0 0.49282954545454544
2.0 1.0 0.4945378787878788
2.5 1.0 0.4918996212121212
3.0 1.0 0.4895719696969697
3.5 1.0 0.48577651515151515
4.0 1.0 0.48202083333333334
4.5 1.0 0.4694905303030303
5.0 0.9940357852882704 0.4382549400566299
5.5 0.916590284142988 0.34383419437269114
6.0 0.6527415143603134 0.20519819605981485
6.5 0.2732987154960372 0.06727910424275552
7.0 0.05400442836312578 0.011078885741358064
7.5 0.0068177014801229915 0.001107553682684753
8.0 0.0004973172884300183 7.898789427654844e-05
8.5 2.5e-05 3.2291666666666665e-06
