#EsNodB,BLER,BER
0.0 1.0 0.49678515625
0.5 1.0 0.496671875
1.0 1.0 0.496623046875
1.5 1.0 0.49625
2.0 1.0 0.49593359375
2.5 1.0 0.49548046875
3.0 1.0 0.4940703125
3.5 1.0 0.496080078125
4.0 1.0 0.495166015625
4.5 1.0 0.4939453125
5.0 1.0 0.493177734375
5.5 1.0 0.49333984375
6.0 1.0 0.492033203125
6.5 1.0 0.492466796875
7.0 1.0 0.49015234375
7.5 1.0 0.49101953125
8.0 1.0 0.48944140625
8.5 1.0 0.490048828125
9.0 1.0 0.488447265625
9.5 1.0 0.488412109375
10.0 1.0 0.48512109375
10.5 1.0 0.4843359375
11.0 1.0 0.482767578125
11.5 1.0 0.47733984375
12.0 1.0 0.471513671875
12.5 1.0 0.462759765625
13.0 0.9960159362549801 0.4426590512948207
13.5 0.983284169124877 0.4002926806784661
14.0 0.9157509157509157 0.3287492130265568
14.5 0.7639419404125286 0.243784019289534
15.0 0.5558643690939411 0.15291698513062812
15.5 0.3082614056720099 0.07355345927096178
16.0 0.15654351909830932 0.03305025046963056
16.5 0.06595435958316845 0.013205943518335312
17.0 0.02228064702998975 0.004427799911434428
17.5 0.007032150994346151 0.0012711299655776209
18.0 0.0019214589225582744 0.0003702385290057509
18.5 0.000378 6.9146484375e-05
19.0 9.8e-05 1.7955078125e-05
