#EsNodB,BLER,BER
0.0 1.0 0.497736328125
0.5 1.0 0.496689453125
1.0 1.0 0.49559765625
1.5 1.0 0.497125
2.0 1.0 0.495724609375
2.5 1.0 0.495177734375
3.0 1.0 0.495248046875
3.5 1.0 0.49378125
4.0 1.0 0.4942109375
4.5 1.0 0.492833984375
5.0 1.0 0.494353515625
5.5 1.0 0.49190234375
6.0 1.0 0.492458984375
6.5 1.0 0.490595703125
7.0 1.0 0.491126953125
7.5 1.0 0.491224609375
8.0 1.0 0.488888671875
8.5 1.0 0.4883125
9.0 1.0 0.4889453125
9.5 1.0 0.486740234375
10.0 1.0 0.4866171875
10.5 1.0 0.483107421875
11.0 1.0 0.4809921875
11.5 1.0 0.4798984375
12.0 1.0 0.471978515625
12.5 1.0 0.4628984375
13.0 0.9970089730807578 0.4412154162512463
13.5 0.9765625 0.3925304412841797
14.0 0.9233610341643582 0.33253801650507847
14.5 0.7524454477050414 0.24448892494356658
15.0 0.5425935973955507 0.14586865843733043
15.5 0.3202049311559398 0.07836202669708614
16.0 0.15276504735716467 0.033345148754964866
16.5 0.06388143605468251 0.012841915405008305
17.0 0.02284565475646532 0.004381323605843919
17.5 0.007116070221380944 0.0014598784842058822
18.0 0.0018686594050562185 0.00038342920140037334
18.5 0.0004242422423203649 8.767701670153658e-05
19.0 7.9e-05 1.6486328125e-05
