#EsNodB,BLER,BER
0.0 1.0
0.5 1.0
1.0 1.0
1.5 1.0
2.0 1.0
2.5 1.0
3.0 1.0
3.5 1.0
4.0 1.0
4.5 1.0
5.0 1.0
5.5 1.0
6.0 1.0
6.5 1.0
7.0 1.0
7.5 1.0
8.0 1.0
8.5 1.0
9.0 1.0
9.5 1.0
10.0 1.0
10.5 1.0
11.0 0.9999999999999987
11.5 0.9999999999958119
12.0 0.9999999958395833
12.5 0.9999987956092387
13.0 0.9999034624846798
13.5 0.9972462044184764
14.0 0.9704770142697977
14.5 0.8586614399201619
15.0 0.6343002401369768
15.5 0.37914190256926217
16.0 0.18776366380692655
16.5 0.0797776410468195
17.0 0.02940787307801651
17.5 0.009585750498528056
18.0 0.0028154035114982268
18.5 0.0007019147833994266
19.0 0.000142814655787471
19.5 2.624035754150711e-05
20.0 3.833558061216991e-06
