#EsNodB,BLER,BER
14.0 0.9398496240601504 0.32735586524906013
14.5 0.8591065292096219 0.25165277330326463
15.0 0.6954102920723226 0.17249842446105704
15.5 0.48756704046806437 0.10682098671379815
16.0 0.3207184092366902 0.06309445658274535
16.5 0.15855398763278897 0.028200313144125574
17.0 0.0751201923076923 0.013127693763146034
17.5 0.031272477092910526 0.005173640429058385
18.0 0.011578388653672868 0.0016122991063162702
18.5 0.003792616905664909 0.0005554809380972871
19.0 0.00128 0.0001772265625
19.5 0.00032 3.703125e-05
20.0 7e-05 5.8203125e-06
20.5 2e-05 3.28125e-06
