#EsNodB,BLER,BER
14.0 0.9615384615384616 0.3233454777644231
14.5 0.8688097306689835 0.2637092066681147
15.0 0.6887052341597796 0.17919921875
15.5 0.4914004914004914 0.10758791461916462
16.0 0.2985965959988056 0.056481412361899075
16.5 0.15506280043417583 0.02688795016669251
17.0 0.07628928898382667 0.013539560764418675
17.5 0.031446540880503145 0.005261645047169811
18.0 0.011594845094346589 0.0016015562494614921
18.5 0.004204083680329103 0.0005733072981989665
19.0 0.00123 0.0001615234375
19.5 0.00029 4.48828125e-05
20.0 3e-05 3.125e-06
20.5 2e-05 2.96875e-06

