#EsNodB,BLER,BER
0.0 1.0 0.31544921875
0.5 1.0 0.309609375
1.0 1.0 0.29716796875
1.5 1.0 0.28166015625
2.0 1.0 0.273515625
2.5 1.0 0.265390625
3.0 1.0 0.2523046875
3.5 1.0 0.2405859375
4.0 1.0 0.22962890625
4.5 1.0 0.20626953125
5.0 1.0 0.1926171875
5.5 0.9900990099009901 0.16396581064356436
6.0 0.8547008547008547 0.11543469551282051
6.5 0.40816326530612246 0.043455038265306126
7.0 0.07639419404125286 0.006424871084797556
7.5 0.004837344297980409 0.00025462193130971095
8.0 0.00030425963488843813 7.329170892494929e-06
8.5 0.0 0.0
9.0 0.0 0.0
9.5 0.0 0.0
10.0 0.0 0.0
10.5 0.0 0.0
11.0 0.0 0.0
11.5 0.0 0.0
12.0 0.0 0.0
12.5 0.0 0.0
13.0 0.0 0.0
13.5 0.0 0.0
14.0 0.0 0.0
14.5 0.0 0.0
15.0 0.0 0.0
15.5 0.0 0.0
16.0 0.0 0.0
16.5 0.0 0.0
17.0 0.0 0.0
17.5 0.0 0.0
18.0 0.0 0.0
18.5 0.0 0.0
19.0 0.0 0.0
19.5 0.0 0.0
20.0 0.0 0.0
20.5 0.0 0.0
21.0 0.0 0.0
21.5 0.0 0.0
22.0 0.0 0.0
22.5 0.0 0.0
23.0 0.0 0.0
23.5 0.0 0.0
24.0 0.0 0.0
24.5 0.0 0.0
