#EsNodB,BLER,BER
0.0 1.0 0.39453125
0.5 1.0 0.38884765625
1.0 1.0 0.3821875
1.5 1.0 0.37515625
2.0 1.0 0.36953125
2.5 1.0 0.3626953125
3.0 1.0 0.3555859375
3.5 1.0 0.3522265625
4.0 1.0 0.343203125
4.5 1.0 0.33939453125
5.0 1.0 0.330625
5.5 1.0 0.322578125
6.0 1.0 0.3143359375
6.5 1.0 0.31298828125
7.0 1.0 0.2970703125
7.5 1.0 0.29486328125
8.0 1.0 0.2881640625
8.5 1.0 0.2776171875
9.0 1.0 0.27259765625
9.5 1.0 0.26310546875
10.0 1.0 0.25869140625
10.5 1.0 0.2471484375
11.0 1.0 0.24134765625
11.5 1.0 0.2264453125
12.0 1.0 0.2165234375
12.5 1.0 0.2051171875
13.0 1.0 0.19125
13.5 1.0 0.176953125
14.0 0.970873786407767 0.15458131067961164
14.5 0.7407407407407407 0.10111400462962963
15.0 0.4032258064516129 0.043795677923387094
15.5 0.15174506828528073 0.015127086494688923
16.0 0.02329152802661889 0.00181665120296903
16.5 0.0011714589989350373 8.673622204472843e-05
17.0 0.0001004217714400482 1.2356585157662181e-05
17.5 0.0 0.0
18.0 0.0 0.0
18.5 0.0 0.0
19.0 0.0 0.0
19.5 0.0 0.0
20.0 0.0 0.0
20.5 0.0 0.0
21.0 0.0 0.0
21.5 0.0 0.0
22.0 0.0 0.0
22.5 0.0 0.0
23.0 0.0 0.0
23.5 0.0 0.0
24.0 0.0 0.0
24.5 0.0 0.0
