#EsNodB,BLER,BER
0.0 1.0 0.3953515625
0.5 1.0 0.388671875
1.0 1.0 0.38310546875
1.5 1.0 0.37580078125
2.0 1.0 0.36736328125
2.5 1.0 0.36515625
3.0 1.0 0.3565625
3.5 1.0 0.35080078125
4.0 1.0 0.34076171875
4.5 1.0 0.33580078125
5.0 1.0 0.3315234375
5.5 1.0 0.3247265625
6.0 1.0 0.31640625
6.5 1.0 0.310078125
7.0 1.0 0.3
7.5 1.0 0.29365234375
8.0 1.0 0.28767578125
8.5 1.0 0.2801953125
9.0 1.0 0.2684765625
9.5 1.0 0.26712890625
10.0 1.0 0.2529296875
10.5 1.0 0.24708984375
11.0 1.0 0.23740234375
11.5 1.0 0.22998046875
12.0 1.0 0.2203125
12.5 1.0 0.20458984375
13.0 0.9900990099009901 0.19156095297029702
13.5 0.9900990099009901 0.1761873452970297
14.0 0.9615384615384616 0.15401517427884615
14.5 0.7407407407407407 0.10151909722222222
15.0 0.36900369003690037 0.04143363699261993
15.5 0.141643059490085 0.014731431480169971
16.0 0.015087040618955513 0.0011442970261121856
16.5 0.00128783000643915 5.8061346318952565e-05
17.0 0.00030376670716889426 1.9776478331308222e-06
17.5 0.00010011012113324657 3.910551606767444e-07
18.0 0.00010045203415369161 3.9239075841285787e-07
18.5 0.0 0.0
19.0 0.0 0.0
19.5 0.0 0.0
20.0 0.0 0.0
20.5 0.0 0.0
21.0 0.0 0.0
21.5 0.0 0.0
22.0 0.0 0.0
22.5 0.0 0.0
23.0 0.0 0.0
23.5 0.0 0.0
24.0 0.0 0.0
24.5 0.0 0.0
