#EsNodB,BLER,BER
14.0 0.9514747859181731 0.31589892067078973
14.5 0.8554319931565441 0.2555619787211292
15.0 0.7002801120448179 0.17442856048669467
15.5 0.4775549188156638 0.10148228569723018
16.0 0.28785261945883706 0.05790785118019574
16.5 0.15260186174271326 0.027015894437662138
17.0 0.07709505820676894 0.013495550169609127
17.5 0.031770237641377555 0.004594894721375016
18.0 0.011699601043604414 0.0015676094351432617
18.5 0.003598261320130113 0.0005013460308478943
19.0 0.0010378505378218711 0.00014938937794491553
19.5 0.000283 3.7015625e-05
