#EsNodB,BLER,BER
0.0 1.0
0.5 1.0
1.0 1.0
1.5 1.0
2.0 1.0
2.5 1.0
3.0 1.0
3.5 1.0
4.0 1.0
4.5 1.0
5.0 1.0
5.5 1.0
6.0 1.0
6.5 1.0
7.0 1.0
7.5 1.0
8.0 1.0
8.5 1.0
9.0 1.0
9.5 1.0
10.0 1.0
10.5 1.0
11.0 0.999999999999998
11.5 0.9999999999951206
12.0 0.9999999964137589
12.5 0.999999172156118
13.0 0.9999433227471215
13.5 0.9985386721995589
14.0 0.9847737877815727
14.5 0.9218321499048371
15.0 0.7713303690658666
15.5 0.5593289852074603
16.0 0.3451681654205242
16.5 0.18320975473692858
17.0 0.0873784026303035
17.5 0.037361459917074846
18.0 0.01474714208301997
18.5 0.004968324142725078
19.0 0.0015331130692358697
19.5 0.0004022548803862547
20.0 8.724806755511239e-05
20.5 1.5002990666368454e-05
21.0 1.8368652532352314e-06
